238806283,https://github.com/ns3777k/prometheus-bundle,ns3777k,2020-02-06T23:32:22Z
238796817,https://github.com/BitScout/podarchiver,BitScout,2020-02-06T22:21:03Z
238802345,https://github.com/DeOne4eg/Instagram-API,DeOne4eg,2020-02-06T23:01:21Z
238804074,https://github.com/ahmedqo/php---Real-Estate-Management-System,ahmedqo,2020-02-06T23:15:08Z
238798612,https://github.com/Zeilar/Z-Forum,Zeilar,2020-02-06T22:33:36Z
238797743,https://github.com/as3-1-05/PROYECTOASIR2,as3-1-05,2020-02-06T22:27:34Z
238806773,https://github.com/reisjuliana/Financeiro,reisjuliana,2020-02-06T23:36:33Z
238798798,https://github.com/rgadon107/sandhills-dev-test-plugin,rgadon107,2020-02-06T22:34:56Z
238794265,https://github.com/NeftaliYagua/TaxBills_Installer,NeftaliYagua,2020-02-06T22:04:32Z
238794068,https://github.com/Cenay/santbaniashram.org,Cenay,2020-02-06T22:03:21Z
238805565,https://github.com/diam5752/dropbox_test,diam5752,2020-02-06T23:26:44Z
238805409,https://github.com/washington142/Login-HighSecurity,washington142,2020-02-06T23:25:36Z
238805800,https://github.com/Yaroslav31121986/sait,Yaroslav31121986,2020-02-06T23:28:33Z
238805784,https://github.com/Drake15/bracamonte,Drake15,2020-02-06T23:28:25Z
238797329,https://github.com/anton-ruban/ci,anton-ruban,2020-02-06T22:24:42Z
238794938,https://github.com/shayanderson/exo,shayanderson,2020-02-06T22:08:49Z
238797656,https://github.com/vadimckif/mygittest,vadimckif,2020-02-06T22:26:57Z
238800062,https://github.com/maithemewp/mai-installer,maithemewp,2020-02-06T22:44:01Z
238802693,https://github.com/mohamedgouda98/mis_project,mohamedgouda98,2020-02-06T23:03:56Z
238796654,https://github.com/franacode/media,franacode,2020-02-06T22:20:00Z
238806697,https://github.com/manuelsansoresg/saulonovelo,manuelsansoresg,2020-02-06T23:35:52Z
238805998,https://github.com/hsosa29/NextFlights,hsosa29,2020-02-06T23:30:02Z
238798684,https://github.com/elisseck/com.joineryhq.hideactivitytypes,elisseck,2020-02-06T22:34:07Z
238808074,https://github.com/luisenricke/laravel-botman-chatbot,luisenricke,2020-02-06T23:46:53Z
238799858,https://github.com/Yesn-t/Practica,Yesn-t,2020-02-06T22:42:30Z
238803955,https://github.com/jpalauposse/florbis,jpalauposse,2020-02-06T23:14:06Z
238802728,https://github.com/Georgegantus/Diguinho3,Georgegantus,2020-02-06T23:03:58Z
238798723,https://github.com/felipegbs/pweblista1,felipegbs,2020-02-06T22:34:24Z
238798209,https://github.com/kornrunner/php-ethereum-token,kornrunner,2020-02-06T22:30:53Z
238802838,https://github.com/cristiangil28/pruebadatacrm,cristiangil28,2020-02-06T23:04:47Z
238793629,https://github.com/miguelbarrosv/prueba,miguelbarrosv,2020-02-06T22:00:32Z
238799726,https://github.com/LuuKasBR/docker-nginx-fpm,LuuKasBR,2020-02-06T22:41:32Z
238801115,https://github.com/acc4techgit1989/API,acc4techgit1989,2020-02-06T22:52:04Z
238803092,https://github.com/IsaacF-code/lista01,IsaacF-code,2020-02-06T23:06:51Z
238796547,https://github.com/jibanmalqui/Proyecto-chat-con-laravel,jibanmalqui,2020-02-06T22:19:14Z
238802207,https://github.com/kellyjoany/classificados_v7,kellyjoany,2020-02-06T23:00:06Z
238797053,https://github.com/juhriccelli/neotemplate,juhriccelli,2020-02-06T22:22:47Z
238799962,https://github.com/WP-Theme-Components/remove-prefix-from-archive-titles,WP-Theme-Components,2020-02-06T22:43:12Z
238802436,https://github.com/FarukSina/TESTPHP,FarukSina,2020-02-06T23:01:59Z
238804497,https://github.com/ElderSam/Curso_CodeIgniter,ElderSam,2020-02-06T23:18:34Z
238802865,https://github.com/4ndersonGarcia/PWEB1,4ndersonGarcia,2020-02-06T23:05:02Z
238799912,https://github.com/jobmoreno/html,jobmoreno,2020-02-06T22:42:51Z
238797930,https://github.com/ringun/smeta,ringun,2020-02-06T22:28:52Z
238801030,https://github.com/Ananas973/bees-work-cafe,Ananas973,2020-02-06T22:51:25Z
238806580,https://github.com/Tariku-Workineh-dot/larvue,Tariku-Workineh-dot,2020-02-06T23:34:46Z
238806192,https://github.com/Yaroslav31121986/minilaravel,Yaroslav31121986,2020-02-06T23:31:37Z
238808633,https://github.com/ndenisj/laravel-apis,ndenisj,2020-02-06T23:51:15Z
238806403,https://github.com/webdevwilly/Web-120,webdevwilly,2020-02-06T23:33:24Z
238800235,https://github.com/wilberlopez/actividad,wilberlopez,2020-02-06T22:45:15Z
238798176,https://github.com/leaoereno/mysql-server,leaoereno,2020-02-06T22:30:42Z
238795727,https://github.com/E-Sokolov/NetPeakTest,E-Sokolov,2020-02-06T22:13:51Z
238808695,https://github.com/gustavo9601/laravel-excel,gustavo9601,2020-02-06T23:51:48Z
238800454,https://github.com/javi9231/hundir-la-flota,javi9231,2020-02-06T22:47:01Z
238802852,https://github.com/rollandwalsh/white_rabbit_gifts,rollandwalsh,2020-02-06T23:04:55Z
238800427,https://github.com/nd-/blocs,nd-,2020-02-06T22:46:43Z
238796246,https://github.com/DaveyJake/wpclubmanger,DaveyJake,2020-02-06T22:17:28Z
238806541,https://github.com/jedbricknell/comp-1006,jedbricknell,2020-02-06T23:34:31Z
238797312,https://github.com/JuanCarlosAcostaPeraba/php_proyecto_sin_db,JuanCarlosAcostaPeraba,2020-02-06T22:24:38Z
238799720,https://github.com/R4ckha/webrivageApp,R4ckha,2020-02-06T22:41:30Z
238799675,https://github.com/bellav0/exemplo-airbnb-para-as-p-gina-de-produto,bellav0,2020-02-06T22:41:11Z
238803366,https://github.com/NeilStrickland/maple_lib,NeilStrickland,2020-02-06T23:09:02Z
238793679,https://github.com/nhyb/mical,nhyb,2020-02-06T22:00:53Z
238805928,https://github.com/sebapolido/Taller,sebapolido,2020-02-06T23:29:31Z
238796774,https://github.com/Andriganzs/jkt.plgod.in,Andriganzs,2020-02-06T22:20:45Z
238797983,https://github.com/ycamposde/artisan-yer,ycamposde,2020-02-06T22:29:15Z
238799516,https://github.com/Big-Rig-Media/Abbot-Trailside-Lodging,Big-Rig-Media,2020-02-06T22:40:08Z
238808897,https://github.com/Umam29/TES,Umam29,2020-02-06T23:53:39Z
238798970,https://github.com/PabloVallecillos/CongressOnline,PabloVallecillos,2020-02-06T22:36:04Z
238809610,https://github.com/SamTyurenkov/skynet,SamTyurenkov,2020-02-06T23:59:43Z
238808916,https://github.com/covertnine/c9-music-child,covertnine,2020-02-06T23:53:47Z
238800087,https://github.com/meraxex/mvernia,meraxex,2020-02-06T22:44:16Z
238795887,https://github.com/jlaswell/laravel-blank,jlaswell,2020-02-06T22:14:57Z
238809064,https://github.com/gonzalobestoso/genoves,gonzalobestoso,2020-02-06T23:54:54Z
238802572,https://github.com/slametrianto/laravel-crud,slametrianto,2020-02-06T23:03:05Z
238809469,https://github.com/slametrianto/laravel-id,slametrianto,2020-02-06T23:58:29Z
238805164,https://github.com/laravel5lib/Numbers,laravel5lib,2020-02-06T23:23:38Z
238805120,https://github.com/laravel5lib/animalistapp,laravel5lib,2020-02-06T23:23:24Z
238797995,https://github.com/VChernomorets/backend,VChernomorets,2020-02-06T22:29:20Z
238801430,https://github.com/robertliwpe/rlicons,robertliwpe,2020-02-06T22:54:18Z
238803712,https://github.com/arabam13/symfony-airbnb,arabam13,2020-02-06T23:11:59Z
238797304,https://github.com/darthega/larkin,darthega,2020-02-06T22:24:36Z
238798231,https://github.com/leaoereno/web-server,leaoereno,2020-02-06T22:31:02Z
238794460,https://github.com/sohailsadaqat/helloworld,sohailsadaqat,2020-02-06T22:05:43Z
238797017,https://github.com/santcast08/Control_Vehicular_V1.0.3,santcast08,2020-02-06T22:22:34Z
238798046,https://github.com/samirtenkoul/proyectoLaravel,samirtenkoul,2020-02-06T22:29:45Z
238798318,https://github.com/mpilgrem/crayon-syntax-highlighter,mpilgrem,2020-02-06T22:31:40Z
238805951,https://github.com/makeit-code/mvc-template,makeit-code,2020-02-06T23:29:43Z
238808615,https://github.com/msp155155/1905bcom,msp155155,2020-02-06T23:51:07Z
238798703,https://github.com/Miss-Bryce/comp1030,Miss-Bryce,2020-02-06T22:34:16Z
238797854,https://github.com/YunaSuzuki/locadish,YunaSuzuki,2020-02-06T22:28:23Z
238795896,https://github.com/SoftwSolution/app_gestion,SoftwSolution,2020-02-06T22:15:00Z
238794570,https://github.com/Andriganzs/Id.goodjobworld.com,Andriganzs,2020-02-06T22:06:29Z
238806670,https://github.com/toddwebnet/caffeineMonitor,toddwebnet,2020-02-06T23:35:38Z
238804715,https://github.com/lukasbp/php,lukasbp,2020-02-06T23:20:11Z
238809348,https://github.com/nikola-n/laravel-forum,nikola-n,2020-02-06T23:57:15Z
238799099,https://github.com/jervo/digmStatusBoard,jervo,2020-02-06T22:36:54Z
238798769,https://github.com/kennedy354/p_web_lista_1,kennedy354,2020-02-06T22:34:45Z
238805098,https://github.com/Yaroslav31121986/magazine,Yaroslav31121986,2020-02-06T23:23:17Z
238795065,https://github.com/lxzerosxl1/laravel,lxzerosxl1,2020-02-06T22:09:33Z
238797532,https://github.com/Kakad3v/shiwaki,Kakad3v,2020-02-06T22:26:09Z
https://github.com/DessimA/PWEB_I,False,2020-02-06T22:56:11Z
https://github.com/LucasBarbosaFonseca/sistemaAvaliacaoOnline,False,2020-02-06T23:07:43Z
https://github.com/forestbaba/simplecrudapi,False,2020-02-06T22:13:52Z
https://github.com/Covalente/practica-php,False,2020-02-06T22:41:38Z
https://github.com/arafat-cdr/multi-level-accordion,False,2020-02-06T22:51:03Z
https://github.com/heddib/Laravel-Blog-Homework,False,2020-02-06T22:23:00Z
https://github.com/lolaleid/pweb1,False,2020-02-06T23:05:27Z
https://github.com/DevPublimovil/Camaras,False,2020-02-06T23:02:35Z
https://github.com/FerAgustinAvila/PPLaravel,False,2020-02-06T23:56:10Z
https://github.com/Cortland-71/PHP-MySQL-Assign2,False,2020-02-06T22:59:55Z
https://github.com/choquitofrito/ProjetDQLSymfony5,False,2020-02-06T22:34:48Z
https://github.com/andersonvaz/php-api-portainer,False,2020-02-06T23:15:17Z
https://github.com/alexandre433/S3CMS,False,2020-02-06T22:59:52Z
https://github.com/Marcinowy/rmfon-helper,False,2020-02-06T23:36:35Z