11859386,https://github.com/rileyhilliard/reportcard,rileyhilliard,2013-08-03T06:58:16Z
11859077,https://github.com/ericpanorel/AngularCkEdDirective,ericpanorel,2013-08-03T06:28:08Z
11859219,https://github.com/dbr/webtools,dbr,2013-08-03T06:41:14Z
11858991,https://github.com/orendon/duino-bots,orendon,2013-08-03T06:18:28Z
11858909,https://github.com/tomgutz/grunt-merge-locale,tomgutz,2013-08-03T06:10:35Z
11859376,https://github.com/RobinL/timeseries,RobinL,2013-08-03T06:57:24Z
11858842,https://github.com/jarusified/hackathon_delta,jarusified,2013-08-03T06:04:56Z
11858990,https://github.com/manikandansundar/EngagementPhotos,manikandansundar,2013-08-03T06:18:25Z
11858921,https://github.com/kaelzhang/typo-rgb,kaelzhang,2013-08-03T06:12:10Z
11859202,https://github.com/amir-m/doob,amir-m,2013-08-03T06:40:10Z
11858809,https://github.com/zmdroid/guole,zmdroid,2013-08-03T06:00:37Z
11859221,https://github.com/cleanbill/quoter,cleanbill,2013-08-03T06:41:26Z
11859113,https://github.com/jaredly/mockets,jaredly,2013-08-03T06:32:39Z
11859346,https://github.com/PerryCarbonell/omrailsAgain,PerryCarbonell,2013-08-03T06:54:01Z
11858953,https://github.com/nekojarashi/nekojarashi.github.io,nekojarashi,2013-08-03T06:14:20Z
11858849,https://github.com/Olink/twitch-wot,Olink,2013-08-03T06:05:02Z
11859134,https://github.com/jcipriano/mass-client,jcipriano,2013-08-03T06:35:00Z
11859324,https://github.com/jingz/mnemonic,jingz,2013-08-03T06:51:46Z
11859078,https://github.com/maanilsolutions/AngularRailsTest,maanilsolutions,2013-08-03T06:28:21Z