77002049,https://github.com/genrmiranda/media-archive,genrmiranda,2016-12-21T00:30:40Z
77002948,https://github.com/sneurlax/EasyMonero-PHP,sneurlax,2016-12-21T00:50:24Z
77000877,https://github.com/GalangSusetyawan/TASKTI,GalangSusetyawan,2016-12-21T00:03:06Z
77001466,https://github.com/zaknaifen/vetos_core,zaknaifen,2016-12-21T00:16:27Z
77002067,https://github.com/hemorej/book-watcher,hemorej,2016-12-21T00:31:11Z
77002586,https://github.com/Arealize/pwlkelompok,Arealize,2016-12-21T00:42:40Z
77002393,https://github.com/lucasmez/PHP-MVC-System,lucasmez,2016-12-21T00:38:14Z
77002083,https://github.com/Josue23/phpdozeroaoprofissional,Josue23,2016-12-21T00:31:29Z
77002297,https://github.com/exainsane/ikmtik,exainsane,2016-12-21T00:36:15Z
77001558,https://github.com/katy-400/DesignPatterns,katy-400,2016-12-21T00:18:56Z
77001280,https://github.com/IngoStramm/laf,IngoStramm,2016-12-21T00:12:18Z
77002949,https://github.com/abdelCrushIT/mniha,abdelCrushIT,2016-12-21T00:50:26Z
77003110,https://github.com/allenpluto/api_top4,allenpluto,2016-12-21T00:53:52Z
77001868,https://github.com/michikoinaba/Echosign_PDF_Generator,michikoinaba,2016-12-21T00:26:14Z
77003224,https://github.com/RobbiNespu/omnipay-molpay,RobbiNespu,2016-12-21T00:56:07Z
77002275,https://github.com/alanvargasweb/btuar,alanvargasweb,2016-12-21T00:35:48Z
77002534,https://github.com/geektakayuki/SNS,geektakayuki,2016-12-21T00:41:31Z
77002204,https://github.com/razielt10/statusAPI,razielt10,2016-12-21T00:34:05Z