26491468,https://github.com/UziTech/ContextMenuBookmarks,UziTech,2014-11-11T15:41:41Z
26490760,https://github.com/guotie/navapp,guotie,2014-11-11T15:25:03Z
26490688,https://github.com/subvisual/theshelf-angular,subvisual,2014-11-11T15:23:09Z
26490069,https://github.com/thomasspiesser/TBPcoffeeApp,thomasspiesser,2014-11-11T15:07:44Z
26489839,https://github.com/juliosantos/swarmacarta,juliosantos,2014-11-11T15:01:59Z
26491446,https://github.com/coderaiser/koa-minify,coderaiser,2014-11-11T15:41:09Z
26491812,https://github.com/mmontes11/charts-js,mmontes11,2014-11-11T15:49:21Z
26491328,https://github.com/opentable/hapi-heartbeat,opentable,2014-11-11T15:38:16Z
26490831,https://github.com/micnews/hypermixer,micnews,2014-11-11T15:27:01Z
26491994,https://github.com/florkestra/FlocKeying,florkestra,2014-11-11T15:53:12Z
26490573,https://github.com/WECCGC/website,WECCGC,2014-11-11T15:20:06Z
26490131,https://github.com/umayr/ckcp,umayr,2014-11-11T15:09:15Z
26492103,https://github.com/EduardoMRB/wsd,EduardoMRB,2014-11-11T15:55:16Z
26491366,https://github.com/mppatterson/bobjs,mppatterson,2014-11-11T15:39:12Z
26492181,https://github.com/SimonbJohnson/ebola-fts-dashboard,SimonbJohnson,2014-11-11T15:56:46Z
26490660,https://github.com/cloudify-cosmo/getcloudify-widget-selenium-tests,cloudify-cosmo,2014-11-11T15:22:17Z
26491014,https://github.com/dancashman/d3-force-layout-playground,dancashman,2014-11-11T15:31:26Z
26490264,https://github.com/pkane/bpi,pkane,2014-11-11T15:12:17Z
26491532,https://github.com/jonathanpberger/jonathanpberger.github.io,jonathanpberger,2014-11-11T15:43:07Z
26489856,https://github.com/phish108/MoblerCards,phish108,2014-11-11T15:02:22Z
26491823,https://github.com/tylerpeterson/iterforc,tylerpeterson,2014-11-11T15:49:33Z
26490237,https://github.com/c0g/emerging-tech-backend,c0g,2014-11-11T15:11:32Z
26491370,https://github.com/aihimel/back-slash,aihimel,2014-11-11T15:39:19Z
26489967,https://github.com/kafej/ToDo-JS,kafej,2014-11-11T15:05:04Z
26492149,https://github.com/phatpham9/skillr,phatpham9,2014-11-11T15:56:07Z
26490358,https://github.com/walshyb/RecipeApp,walshyb,2014-11-11T15:14:35Z
26490619,https://github.com/kuromo/etSim,kuromo,2014-11-11T15:21:05Z
26490697,https://github.com/maxgrass/brackets.cm_toggle_comment,maxgrass,2014-11-11T15:23:26Z
26489779,https://github.com/angles-n-daemons/DumplingHut,angles-n-daemons,2014-11-11T15:00:27Z
26489935,https://github.com/pkane/static-weather,pkane,2014-11-11T15:04:18Z
26491122,https://github.com/wolfgangschoeffel/space-oddity,wolfgangschoeffel,2014-11-11T15:33:50Z
26490092,https://github.com/yuanyan/task-xtemplate,yuanyan,2014-11-11T15:08:19Z
26490439,https://github.com/raineorshine/kleinscale,raineorshine,2014-11-11T15:16:56Z
26490037,https://github.com/trungtrucou/PoS,trungtrucou,2014-11-11T15:06:58Z
26491795,https://github.com/chaua0927/MeteorExample,chaua0927,2014-11-11T15:49:08Z
26490982,https://github.com/mkurock/dampferstube,mkurock,2014-11-11T15:30:37Z
26491029,https://github.com/holycornpops/Heimdall,holycornpops,2014-11-11T15:31:52Z
26491179,https://github.com/accessrichard/sqleditor,accessrichard,2014-11-11T15:35:08Z
26490680,https://github.com/xcv58/prepare-screenshot-leetcode,xcv58,2014-11-11T15:22:51Z
26490848,https://github.com/learn-co-curriculum/web-js-oo-task-list,learn-co-curriculum,2014-11-11T15:27:17Z
26489862,https://github.com/PrudioHQ/prudio-irc,PrudioHQ,2014-11-11T15:02:31Z
26492122,https://github.com/andyroyle/hapi-heartbeat,andyroyle,2014-11-11T15:55:38Z
26490270,https://github.com/mtford90/siesta-test,mtford90,2014-11-11T15:12:29Z
26490841,https://github.com/jHackers/MyUniversalPlayer,jHackers,2014-11-11T15:27:07Z
26491562,https://github.com/LCY-Chegy/lcy-chegy.github.io,LCY-Chegy,2014-11-11T15:44:01Z
26491793,https://github.com/glynnbird/conference,glynnbird,2014-11-11T15:49:08Z
26492096,https://github.com/GrantSchoffelen/game-of-life,GrantSchoffelen,2014-11-11T15:55:10Z
26492173,https://github.com/rpcode2014/WEBTEST,rpcode2014,2014-11-11T15:56:32Z
26492269,https://github.com/chaimedes/Graphling,chaimedes,2014-11-11T15:58:47Z
26491638,https://github.com/crittelmeyer/FlipSide,crittelmeyer,2014-11-11T15:45:36Z
26490034,https://github.com/Artcustomer/triber-challenge,Artcustomer,2014-11-11T15:06:55Z
26490617,https://github.com/elcamilet/elcamilet-errors,elcamilet,2014-11-11T15:21:03Z
26492151,https://github.com/danielballan/soft-matter.github.io-trackpy,danielballan,2014-11-11T15:56:09Z
26492215,https://github.com/y-tsutsu/reveal.js-LT_CppProperty,y-tsutsu,2014-11-11T15:57:33Z
26490261,https://github.com/guillermochica/FindTheFilm,guillermochica,2014-11-11T15:12:13Z
26489985,https://github.com/yuanyan/task-kmc,yuanyan,2014-11-11T15:05:33Z
26489942,https://github.com/mathvdh/synfac-demo,mathvdh,2014-11-11T15:04:29Z
26490065,https://github.com/pietervanh/bAnchorButtons,pietervanh,2014-11-11T15:07:38Z
26491866,https://github.com/johanneseret/namebook,johanneseret,2014-11-11T15:50:29Z
26491193,https://github.com/tbielawa/demoscripter,tbielawa,2014-11-11T15:35:24Z
26490712,https://github.com/aitadnane/Objets-connect-,aitadnane,2014-11-11T15:23:46Z
26490743,https://github.com/simme35/Prueba,simme35,2014-11-11T15:24:35Z
26491910,https://github.com/SuperKXT/Canal-Control-Plus,SuperKXT,2014-11-11T15:51:16Z
26490128,https://github.com/elizabrock/chess,elizabrock,2014-11-11T15:09:10Z
26489983,https://github.com/coreruby/lecture-11,coreruby,2014-11-11T15:05:24Z
26490925,https://github.com/linpc/key-press,linpc,2014-11-11T15:29:24Z
26490168,https://github.com/pkane/ncos,pkane,2014-11-11T15:10:05Z
26492256,https://github.com/MatiasHeffel/jenkins-jobs,MatiasHeffel,2014-11-11T15:58:22Z
26489773,https://github.com/allison582/github-for-web-designers,allison582,2014-11-11T15:00:15Z
26489866,https://github.com/micheleriso/test,micheleriso,2014-11-11T15:02:39Z
26490609,https://github.com/luiscoms/asktospeaker,luiscoms,2014-11-11T15:20:55Z
26490883,https://github.com/guradisu/liveweb-seeknseek,guradisu,2014-11-11T15:28:06Z
26490012,https://github.com/kwanjira/kwanjira.github.io,kwanjira,2014-11-11T15:06:14Z
26490847,https://github.com/glockjt/jonathanglock,glockjt,2014-11-11T15:27:16Z
26492076,https://github.com/ysndr/Quiver-Router,ysndr,2014-11-11T15:54:47Z
26490464,https://github.com/gauthamrulz/nodejsSamples,gauthamrulz,2014-11-11T15:17:26Z
26492208,https://github.com/ysndr/ArrowJS,ysndr,2014-11-11T15:57:20Z
26491517,https://github.com/liquidmedialaab/cartografiadh,liquidmedialaab,2014-11-11T15:42:44Z
26491615,https://github.com/BlackPenSoftware/Ice-Mainia,BlackPenSoftware,2014-11-11T15:45:07Z
26491246,https://github.com/mps-gmbh/ed,mps-gmbh,2014-11-11T15:36:31Z
26490105,https://github.com/finn-no/Gradle-for-PP,finn-no,2014-11-11T15:08:34Z
26490455,https://github.com/Raghin/side-scroller,Raghin,2014-11-11T15:17:11Z
26492053,https://github.com/AppXpress/REST-API-Automated-Testing-Tool,AppXpress,2014-11-11T15:54:22Z
26490507,https://github.com/octaedro/chat_node,octaedro,2014-11-11T15:18:24Z
26491013,https://github.com/LeeCheongAh/openrov-software,LeeCheongAh,2014-11-11T15:31:24Z
26490191,https://github.com/dameiers/LearnAngular,dameiers,2014-11-11T15:10:31Z
26490366,https://github.com/davidcolman89/ithealth_demo_mapeo_frontend,davidcolman89,2014-11-11T15:14:45Z
26489774,https://github.com/EPL361-TEAM-A-2014/FIRST-PROTOTYPE,EPL361-TEAM-A-2014,2014-11-11T15:00:15Z
26491354,https://github.com/ammarist/Assign07,ammarist,2014-11-11T15:38:55Z
26491375,https://github.com/kjell/habsburg-empire-map,kjell,2014-11-11T15:39:25Z
26490287,https://github.com/bobemorgan/testpres,bobemorgan,2014-11-11T15:12:51Z
26491661,https://github.com/johnsinco/rabbitears,johnsinco,2014-11-11T15:46:08Z