240049058,https://github.com/siftrics/sight,siftrics,2020-02-12T15:39:14Z
240042161,https://github.com/mjavier2k/solidfire-exporter,mjavier2k,2020-02-12T15:08:41Z
240045043,https://github.com/shotasilagadze/shlog,shotasilagadze,2020-02-12T15:21:10Z
240045775,https://github.com/kelseyhightower/hipaa,kelseyhightower,2020-02-12T15:24:33Z
240050742,https://github.com/cockroachlabs/short,cockroachlabs,2020-02-12T15:46:44Z
240052562,https://github.com/dutchsec/expvar,dutchsec,2020-02-12T15:54:14Z
240053629,https://github.com/eze-kiel/vacation-finder,eze-kiel,2020-02-12T15:58:23Z
240043529,https://github.com/OgaBoss/learning-go,OgaBoss,2020-02-12T15:14:28Z
240040583,https://github.com/Waziup/single_chan_pkt_fwd,Waziup,2020-02-12T15:01:50Z
240051855,https://github.com/pratd/goBasics,pratd,2020-02-12T15:51:18Z
240053184,https://github.com/kzmake/namec,kzmake,2020-02-12T15:56:33Z
240051657,https://github.com/chandantaneja/Golang-Basics,chandantaneja,2020-02-12T15:50:28Z
240040876,https://github.com/elitscriptor/docker-go-application,elitscriptor,2020-02-12T15:02:52Z
240045498,https://github.com/DavidCornejo/tlvReader,DavidCornejo,2020-02-12T15:23:16Z
240043877,https://github.com/veldakarimi/Contact_blog,veldakarimi,2020-02-12T15:16:05Z
240050411,https://github.com/insolar/testrail-cli,insolar,2020-02-12T15:45:06Z
240043747,https://github.com/john-black-3k/hello2,john-black-3k,2020-02-12T15:15:30Z
240041565,https://github.com/Lefthander/otus-go-antibruteforce,Lefthander,2020-02-12T15:05:56Z
240047485,https://github.com/PhantomV1989/golang_helper,PhantomV1989,2020-02-12T15:32:21Z
240044284,https://github.com/nirarg/node-register-example,nirarg,2020-02-12T15:17:48Z
240044954,https://github.com/mihang-laoban/panggeStore,mihang-laoban,2020-02-12T15:20:44Z
240049604,https://github.com/bjwschaap/vatis,bjwschaap,2020-02-12T15:41:42Z
240040540,https://github.com/xuren87/auto,xuren87,2020-02-12T15:01:36Z
240043629,https://github.com/Project-UnNamed/build_blueprint,Project-UnNamed,2020-02-12T15:14:57Z
240051174,https://github.com/Traineau/GoUnitTest,Traineau,2020-02-12T15:48:36Z
240048119,https://github.com/hubertat/manago,hubertat,2020-02-12T15:35:18Z
240052004,https://github.com/gnosthi/qrdecoder,gnosthi,2020-02-12T15:51:59Z
240047558,https://github.com/jcs-workspace/import_go,jcs-workspace,2020-02-12T15:32:41Z
240046785,https://github.com/west3316/ksl,west3316,2020-02-12T15:29:14Z