35543541,https://github.com/tencentyun/image-php-sdk,tencentyun,2015-05-13T10:46:47Z
35542309,https://github.com/jbud/TinyImgHost,jbud,2015-05-13T10:17:41Z
35543749,https://github.com/SamilarCZ/FioApiOptimalizedViewer,SamilarCZ,2015-05-13T10:52:25Z
35542620,https://github.com/wp-plugins/woocommerce-check-pincode-zipcode-for-shipping,wp-plugins,2015-05-13T10:24:20Z
35543351,https://github.com/24eme/declarvins,24eme,2015-05-13T10:42:15Z
35542623,https://github.com/vilmosioo/Github-Tools-for-WordPress,vilmosioo,2015-05-13T10:24:22Z
35543419,https://github.com/filipac/oc-themepreview-plugin,filipac,2015-05-13T10:43:57Z
35541752,https://github.com/robfrkiller/PttCrawler,robfrkiller,2015-05-13T10:04:51Z
35541863,https://github.com/WolfieZero/boomchinchilla.com,WolfieZero,2015-05-13T10:07:29Z
35541972,https://github.com/kleh/prd_slim,kleh,2015-05-13T10:09:46Z
35543824,https://github.com/CincoMasDos/Localizador,CincoMasDos,2015-05-13T10:54:08Z
35541569,https://github.com/kurt---/drupal-formula,kurt---,2015-05-13T10:00:57Z
35543722,https://github.com/xemlock/wp-toolkit,xemlock,2015-05-13T10:51:47Z
35542836,https://github.com/fnrcum/Magazin,fnrcum,2015-05-13T10:29:17Z
35543143,https://github.com/nilmadhab/gray,nilmadhab,2015-05-13T10:37:32Z
35541955,https://github.com/jimtrinidad/sales-v1,jimtrinidad,2015-05-13T10:09:24Z
35541825,https://github.com/naxjud/admirorgallery,naxjud,2015-05-13T10:06:38Z
35541695,https://github.com/killmeswifty/githubrepo,killmeswifty,2015-05-13T10:03:40Z
35542548,https://github.com/cafeiklan/ppdbonline,cafeiklan,2015-05-13T10:22:44Z
35543486,https://github.com/JQinglong/cworld,JQinglong,2015-05-13T10:45:29Z
35541692,https://github.com/nnewrulez/sozfo,nnewrulez,2015-05-13T10:03:38Z
35541792,https://github.com/dobesvac/nette-addons,dobesvac,2015-05-13T10:06:02Z
35543060,https://github.com/Yinkk/ictrmdev,Yinkk,2015-05-13T10:35:20Z
35543822,https://github.com/cegekaro/php-bibliothouris,cegekaro,2015-05-13T10:54:02Z
35541631,https://github.com/Instamojo/Instamojo-CS-Cart-4.3.x,Instamojo,2015-05-13T10:02:13Z
35543316,https://github.com/wp-plugins/wp-faqs,wp-plugins,2015-05-13T10:41:24Z
35541832,https://github.com/ejazlateef/fa-dashboard-module,ejazlateef,2015-05-13T10:06:54Z
35543839,https://github.com/macrosong/Chip8Sim,macrosong,2015-05-13T10:54:23Z