72264717,https://github.com/omoon/Laravel.Osaka.2016,omoon,2016-10-29T04:23:24Z
72265352,https://github.com/tuuna/bugscan,tuuna,2016-10-29T04:43:49Z
72265821,https://github.com/yefangyong/cms,yefangyong,2016-10-29T04:57:28Z
72264930,https://github.com/samzabala/szport_contact_form,samzabala,2016-10-29T04:30:23Z
72264454,https://github.com/zigsphere/php-web-encryption,zigsphere,2016-10-29T04:15:56Z
72265196,https://github.com/shiny1912/colorio,shiny1912,2016-10-29T04:39:11Z
72265691,https://github.com/FernandaEstay/pagina_nikorm,FernandaEstay,2016-10-29T04:53:57Z
72263965,https://github.com/idbolshakov/tochka-test-task-1,idbolshakov,2016-10-29T04:01:46Z
72264508,https://github.com/famenontsoa/BetsiGeek,famenontsoa,2016-10-29T04:17:48Z
72264434,https://github.com/daymay1333/ui-toolchain-demo,daymay1333,2016-10-29T04:15:09Z
72264545,https://github.com/olvrcrls/user-email-verification-with-laravel,olvrcrls,2016-10-29T04:18:22Z
72264673,https://github.com/sharvilkadam/The-BookShelf,sharvilkadam,2016-10-29T04:22:08Z
72265074,https://github.com/okyisother/PanelAdminPHP,okyisother,2016-10-29T04:35:12Z
72264282,https://github.com/mikesa13/parksidelending,mikesa13,2016-10-29T04:11:00Z
72264399,https://github.com/sharvilkadam/Ecommunity,sharvilkadam,2016-10-29T04:14:12Z
72264420,https://github.com/fuguevit/eloquent-commentable,fuguevit,2016-10-29T04:14:47Z
72265654,https://github.com/ezrankayamba/onlineportal,ezrankayamba,2016-10-29T04:52:46Z
72264089,https://github.com/rickshawhobo/demo,rickshawhobo,2016-10-29T04:04:58Z
72264166,https://github.com/lenonleite/Download-Wordpress-Plugins,lenonleite,2016-10-29T04:07:29Z