162721392,https://github.com/zhinaonet/bypass_disablefunc_via_LD_PRELOAD,zhinaonet,2018-12-21T14:09:20Z
162723021,https://github.com/auto1-oss/service-api-components-bundle,auto1-oss,2018-12-21T14:26:02Z
162723057,https://github.com/auto1-oss/service-api-client-bundle,auto1-oss,2018-12-21T14:26:20Z
162726594,https://github.com/QueenLabs/lara-vuetify,QueenLabs,2018-12-21T14:59:58Z
162721899,https://github.com/3389/eth-Keccak-256-php,3389,2018-12-21T14:14:41Z
162723088,https://github.com/auto1-oss/service-api-handler-bundle,auto1-oss,2018-12-21T14:26:36Z
162724982,https://github.com/mlamoitte/qivivo_webhook_ifttt,mlamoitte,2018-12-21T14:44:32Z
162725119,https://github.com/PMET-public/module-inventory-elasticsearch,PMET-public,2018-12-21T14:45:45Z
162722437,https://github.com/auto1-oss/service-api-request,auto1-oss,2018-12-21T14:20:21Z
162725052,https://github.com/ogrosko/content-element-registry,ogrosko,2018-12-21T14:45:12Z
162725314,https://github.com/juanmicl/jsonstore-php,juanmicl,2018-12-21T14:47:28Z
162722693,https://github.com/theeventscalendar/always-show-recurrence-in-classic-editor,theeventscalendar,2018-12-21T14:22:53Z
162723209,https://github.com/Xon/XenForo2-OptimizedListQueries,Xon,2018-12-21T14:27:35Z
162723305,https://github.com/ccaglayan/discord-webhooks-php,ccaglayan,2018-12-21T14:28:36Z
162725161,https://github.com/linasadovske/megagen,linasadovske,2018-12-21T14:46:07Z
162725196,https://github.com/KateBoeva/wi_datastorage,KateBoeva,2018-12-21T14:46:25Z
162724847,https://github.com/Jainish0078/blog,Jainish0078,2018-12-21T14:43:15Z
162726473,https://github.com/zhengxidong/RESTful-API,zhengxidong,2018-12-21T14:58:51Z
162721121,https://github.com/chandanRawal/chat,chandanRawal,2018-12-21T14:06:41Z
162726404,https://github.com/alienbuild/modx_commerce-api,alienbuild,2018-12-21T14:58:00Z
162726087,https://github.com/Foleon/zf2-monolog,Foleon,2018-12-21T14:55:02Z
162720629,https://github.com/Korvinus3/cake_test,Korvinus3,2018-12-21T14:01:43Z
162723024,https://github.com/PhrantiK/helpscout-invoiceninja,PhrantiK,2018-12-21T14:26:04Z
162723991,https://github.com/aleks8260/ekz,aleks8260,2018-12-21T14:34:57Z
162725413,https://github.com/kottee/tt,kottee,2018-12-21T14:48:19Z
162723242,https://github.com/Havrylenko93/RepositoryPattern,Havrylenko93,2018-12-21T14:27:58Z
162722432,https://github.com/diegomel/ApigilityConsumer,diegomel,2018-12-21T14:20:19Z
162723632,https://github.com/avangan/avangan.github.io,avangan,2018-12-21T14:31:36Z
162722100,https://github.com/Hadi-Abedzadeh/504-Leitner-system,Hadi-Abedzadeh,2018-12-21T14:16:38Z
162721349,https://github.com/biplab-nag/allinone,biplab-nag,2018-12-21T14:08:55Z
162720632,https://github.com/jasonMOUSSA/talent2jeunes,jasonMOUSSA,2018-12-21T14:01:44Z
162724319,https://github.com/jonorsky/Payroll-and-Inventory-Management-System-PHP-Oracle10g,jonorsky,2018-12-21T14:38:11Z
162722501,https://github.com/CaminaLab/drivania-sessioncontrol-package,CaminaLab,2018-12-21T14:20:54Z
162723747,https://github.com/bielefeld2019/Laravel,bielefeld2019,2018-12-21T14:32:49Z
162721096,https://github.com/imadHammou/githooks,imadHammou,2018-12-21T14:06:27Z
162725021,https://github.com/ggomersall/codehacking-laravel,ggomersall,2018-12-21T14:44:56Z
162724840,https://github.com/tygrysekmg/php_first_test,tygrysekmg,2018-12-21T14:43:10Z
162724604,https://github.com/ricatosin/multidb,ricatosin,2018-12-21T14:40:53Z
162724538,https://github.com/pimpmypixel/confirmit-logon,pimpmypixel,2018-12-21T14:40:08Z
162721262,https://github.com/JoomTools/plg_fields_jtgallery,JoomTools,2018-12-21T14:08:06Z
162722089,https://github.com/polidog/sf4-business-logic-example,polidog,2018-12-21T14:16:33Z
162723552,https://github.com/glorand/laravel-drip,glorand,2018-12-21T14:30:53Z
162725382,https://github.com/EmadMohamedEng/twitter,EmadMohamedEng,2018-12-21T14:48:03Z
162722974,https://github.com/GMZC/map,GMZC,2018-12-21T14:25:40Z
162723978,https://github.com/leelyjvx/p3,leelyjvx,2018-12-21T14:34:48Z
162721621,https://github.com/shg3/hrh,shg3,2018-12-21T14:11:42Z
162723101,https://github.com/Badik76/proproprojet,Badik76,2018-12-21T14:26:42Z
162725429,https://github.com/Vincmark/prostirkr,Vincmark,2018-12-21T14:48:24Z
162725399,https://github.com/benji07/adventofcode,benji07,2018-12-21T14:48:12Z
162720539,https://github.com/suupoo/HeartsWeather,suupoo,2018-12-21T14:00:46Z
162724054,https://github.com/kyou705/compte,kyou705,2018-12-21T14:35:34Z