76717072,https://github.com/whats-this/owo.js,whats-this,2016-12-17T10:11:21Z
76717973,https://github.com/phobos101/yoshi-chat,phobos101,2016-12-17T10:32:30Z
76718673,https://github.com/aister/Mashu,aister,2016-12-17T10:49:46Z
76717513,https://github.com/MarwanMohamed/multi-langs,MarwanMohamed,2016-12-17T10:22:14Z
76717796,https://github.com/FlorianFe/Wikipedia-Desktop-App,FlorianFe,2016-12-17T10:28:06Z
76717695,https://github.com/leowucn/captain,leowucn,2016-12-17T10:25:47Z
76718246,https://github.com/Ticketfly-UI/stylelint-config-ticketfly,Ticketfly-UI,2016-12-17T10:39:37Z
76717747,https://github.com/clefchou/weixin_yueyue,clefchou,2016-12-17T10:26:57Z
76717759,https://github.com/alexbrbr/ranklol-server,alexbrbr,2016-12-17T10:27:22Z
76717739,https://github.com/vvvvalvalval/software-notions-checklist,vvvvalvalval,2016-12-17T10:26:47Z
76718624,https://github.com/captainjoker/funny-project,captainjoker,2016-12-17T10:48:45Z
76718136,https://github.com/hyamauchi/firebase-chat,hyamauchi,2016-12-17T10:36:25Z
76716971,https://github.com/avdheshgarodia/ebWepapp,avdheshgarodia,2016-12-17T10:08:57Z
76716682,https://github.com/mrmyakish/Server,mrmyakish,2016-12-17T10:02:29Z
76717313,https://github.com/Jv-Juven/infoAdmin,Jv-Juven,2016-12-17T10:17:35Z
76717347,https://github.com/ValaDG/Website-and-page-optimization,ValaDG,2016-12-17T10:18:28Z
76717495,https://github.com/paulsoh/express-api-boilerplate,paulsoh,2016-12-17T10:21:44Z
76718953,https://github.com/masatomix/amazon_dash_button_sample,masatomix,2016-12-17T10:56:52Z
76717732,https://github.com/PHILLIPS71/servers-rest,PHILLIPS71,2016-12-17T10:26:35Z
76718642,https://github.com/lisw01/lisw_demo_03,lisw01,2016-12-17T10:49:05Z
76716810,https://github.com/tanimmahmud/full_stack_js,tanimmahmud,2016-12-17T10:05:39Z
76717666,https://github.com/anthonybrown/JS-Basics-blog-entry,anthonybrown,2016-12-17T10:25:06Z
76718822,https://github.com/xiaojia9256/express,xiaojia9256,2016-12-17T10:53:50Z
76717885,https://github.com/ali-master/SnakesAndLadders,ali-master,2016-12-17T10:30:16Z
76718037,https://github.com/payal-niit/CollabrationPortal,payal-niit,2016-12-17T10:33:59Z
76718042,https://github.com/HWHHWH/JavaProgram,HWHHWH,2016-12-17T10:34:07Z
76718387,https://github.com/olawalejarvis/string-class,olawalejarvis,2016-12-17T10:43:27Z
76718395,https://github.com/Giushw/Api-Test,Giushw,2016-12-17T10:43:41Z
76717057,https://github.com/raphaelakpan/string-class,raphaelakpan,2016-12-17T10:11:04Z
76718990,https://github.com/clairecw/Inertia,clairecw,2016-12-17T10:57:39Z
76719088,https://github.com/OlyaBelaya/hw-2016-12-11,OlyaBelaya,2016-12-17T10:59:54Z
76717917,https://github.com/volkaneligul/js-dev-env,volkaneligul,2016-12-17T10:31:11Z
76717932,https://github.com/mattraj/MR-Digital,mattraj,2016-12-17T10:31:37Z
76718276,https://github.com/Rain120/my12306,Rain120,2016-12-17T10:40:54Z
76718465,https://github.com/xbklairith/longdo-dict-fetch,xbklairith,2016-12-17T10:45:12Z
76716819,https://github.com/LunixChewBahka/TourOfHeroes,LunixChewBahka,2016-12-17T10:05:47Z
76718391,https://github.com/secretin/secretin-windows,secretin,2016-12-17T10:43:34Z
76718410,https://github.com/Drunkar/atom-git-auto-stash,Drunkar,2016-12-17T10:43:58Z
76718415,https://github.com/jhauf/Hummingbird,jhauf,2016-12-17T10:44:05Z
76718184,https://github.com/ManishaBodapunti/MyRepo,ManishaBodapunti,2016-12-17T10:37:48Z
76717863,https://github.com/alexbrbr/node-boilerplate,alexbrbr,2016-12-17T10:29:32Z
76718001,https://github.com/guozhaokui/threejspbr,guozhaokui,2016-12-17T10:33:05Z
76718382,https://github.com/everfortune/wiki,everfortune,2016-12-17T10:43:23Z
76718057,https://github.com/dumptyd/klickr,dumptyd,2016-12-17T10:34:28Z
76718556,https://github.com/brain-cells-hyperplasia/offline-sticker-maker,brain-cells-hyperplasia,2016-12-17T10:47:06Z
76718595,https://github.com/justojsm/install-cassandra-on-debian,justojsm,2016-12-17T10:47:57Z
76717533,https://github.com/SOLID900/Parlote,SOLID900,2016-12-17T10:22:28Z
76718119,https://github.com/artemderzkiy/canvasdraw,artemderzkiy,2016-12-17T10:36:02Z
76718167,https://github.com/skydrifters/skydrifters.github.io,skydrifters,2016-12-17T10:37:23Z
76718193,https://github.com/habibalsaki/gulp-starter,habibalsaki,2016-12-17T10:37:54Z
76717056,https://github.com/AMashoshyna/trivia,AMashoshyna,2016-12-17T10:11:04Z
76717864,https://github.com/Rymar4ik/Angular-Stopwatch,Rymar4ik,2016-12-17T10:29:33Z
76718032,https://github.com/goshabaturin/test2,goshabaturin,2016-12-17T10:33:44Z
76718913,https://github.com/sky8chi/page_contain_keyword,sky8chi,2016-12-17T10:56:02Z
76717180,https://github.com/amitsin6h/ionic-todo,amitsin6h,2016-12-17T10:13:52Z
76717094,https://github.com/jordanblakey/webpack-test,jordanblakey,2016-12-17T10:11:46Z
76719012,https://github.com/nncl/fiap-node-service,nncl,2016-12-17T10:58:07Z
76717294,https://github.com/calmery/Morimorin,calmery,2016-12-17T10:17:14Z
76717765,https://github.com/symaselbbircs/MEAN_wall,symaselbbircs,2016-12-17T10:27:29Z
76718623,https://github.com/Vaishali-Ravisankar/email-registration-NodeJS,Vaishali-Ravisankar,2016-12-17T10:48:44Z
76718697,https://github.com/sandeep-purehome/intense2,sandeep-purehome,2016-12-17T10:50:28Z
76716885,https://github.com/davyd0309/ExtJsMvc,davyd0309,2016-12-17T10:07:07Z
76717352,https://github.com/aruntk/news-api,aruntk,2016-12-17T10:18:36Z
76717421,https://github.com/AnastasiyaYelets/weather,AnastasiyaYelets,2016-12-17T10:20:18Z
76717070,https://github.com/signaes/spirals,signaes,2016-12-17T10:11:19Z
76718047,https://github.com/kempsterrrr/FreeCodeCamp-Solutions,kempsterrrr,2016-12-17T10:34:17Z
76717475,https://github.com/jas-trainning/angular2-01,jas-trainning,2016-12-17T10:21:15Z
76718392,https://github.com/Mganzzzzz/JavaScript,Mganzzzzz,2016-12-17T10:43:37Z
76718912,https://github.com/Vaishali-Ravisankar/React-Todos,Vaishali-Ravisankar,2016-12-17T10:56:02Z
76717366,https://github.com/andela-oakinseye/Checkpoint2-String-Class,andela-oakinseye,2016-12-17T10:18:52Z
76717757,https://github.com/ngmodani/Network-Intrusion-Detection-Classifier-KDD-99Data,ngmodani,2016-12-17T10:27:19Z
76717038,https://github.com/viv696/victor-hugo,viv696,2016-12-17T10:10:28Z
76717952,https://github.com/NotFounds/Werewolf,NotFounds,2016-12-17T10:31:56Z
76716791,https://github.com/Kiririn00/shuffle_range_number,Kiririn00,2016-12-17T10:05:22Z
76717442,https://github.com/EdgarasCh/bandymai,EdgarasCh,2016-12-17T10:20:39Z
76718094,https://github.com/carly-lee/react-redux-webpack-scaffolding,carly-lee,2016-12-17T10:35:19Z
76718295,https://github.com/lisw01/lisw_demo_02,lisw01,2016-12-17T10:41:16Z
76718870,https://github.com/Giushw/PLaX,Giushw,2016-12-17T10:55:01Z
76717283,https://github.com/Sixoloy/localserver,Sixoloy,2016-12-17T10:17:00Z
76717828,https://github.com/vivy93/pacmanv2,vivy93,2016-12-17T10:28:50Z
76718040,https://github.com/gerbsoom/bw-post-digital,gerbsoom,2016-12-17T10:34:04Z
76718795,https://github.com/Rantelo/react-sudoku,Rantelo,2016-12-17T10:53:14Z
76718816,https://github.com/kbrw/babel-preset-jsxz,kbrw,2016-12-17T10:53:42Z
76717383,https://github.com/suissa/express-best-practices,suissa,2016-12-17T10:19:09Z
76717403,https://github.com/skuanr/IOT-sr-1481969867022,skuanr,2016-12-17T10:19:32Z
76717484,https://github.com/swina/moodshop,swina,2016-12-17T10:21:28Z
76717271,https://github.com/frankhu1089/redo-Drager,frankhu1089,2016-12-17T10:16:41Z
76718655,https://github.com/strdr4605/faf-hackathon-2016,strdr4605,2016-12-17T10:49:19Z
76717470,https://github.com/mrozu96/hachathon_crackow,mrozu96,2016-12-17T10:21:11Z
76717098,https://github.com/sstenchlak/otazky-a-odpovedi,sstenchlak,2016-12-17T10:11:49Z