19295780,https://github.com/jonschlinkert/parse-filepath,jonschlinkert,2014-04-30T00:19:40Z
19296164,https://github.com/0ADMods/terra_magna,0ADMods,2014-04-30T00:39:48Z
19296099,https://github.com/Schamper/nodebb-plugin-webrtc-old,Schamper,2014-04-30T00:35:40Z
19295999,https://github.com/old-backside-byu-project/backside,old-backside-byu-project,2014-04-30T00:31:36Z
19295960,https://github.com/shawnphoffman/TTR-Tracker,shawnphoffman,2014-04-30T00:29:33Z
19295595,https://github.com/jkingyens/dockerbuild-server,jkingyens,2014-04-30T00:09:45Z
19295838,https://github.com/jongbok/wlog,jongbok,2014-04-30T00:23:17Z
19296427,https://github.com/nsip/HITS-Client,nsip,2014-04-30T00:53:03Z
19295556,https://github.com/forgedsoftware/measurementjs,forgedsoftware,2014-04-30T00:07:55Z
19295630,https://github.com/tcha-tcho/interphone,tcha-tcho,2014-04-30T00:11:38Z
19296074,https://github.com/gombiuda/dotter,gombiuda,2014-04-30T00:34:33Z
19296433,https://github.com/movibe/Estudos-Laravel,movibe,2014-04-30T00:53:28Z
19295750,https://github.com/macaroonable/flip_game,macaroonable,2014-04-30T00:18:27Z
19295761,https://github.com/Seanislavski/random,Seanislavski,2014-04-30T00:19:04Z
19295976,https://github.com/famous-examples/famous-examples.github.io,famous-examples,2014-04-30T00:30:27Z
19295538,https://github.com/krietos/restaurant_ember,krietos,2014-04-30T00:06:55Z
19296446,https://github.com/talmobi/ld29,talmobi,2014-04-30T00:54:25Z
19296473,https://github.com/jenca/cookie,jenca,2014-04-30T00:55:39Z
19295447,https://github.com/jclemans/Shenanigans-Restaurant-Table-Manager,jclemans,2014-04-30T00:01:49Z
19296162,https://github.com/kushanp12/quiz,kushanp12,2014-04-30T00:39:41Z
19296286,https://github.com/MauriceButler/hashr,MauriceButler,2014-04-30T00:46:03Z
19295419,https://github.com/akolanko/aleksandrakolanko,akolanko,2014-04-30T00:00:15Z
19295446,https://github.com/mgamini/ng-table,mgamini,2014-04-30T00:01:45Z
19296455,https://github.com/hongliangpan/manydesigns.cn.report,hongliangpan,2014-04-30T00:55:07Z
19295598,https://github.com/SalamanderMike/salamandermike.github.io,SalamanderMike,2014-04-30T00:09:48Z
19295872,https://github.com/steven989/2048,steven989,2014-04-30T00:24:28Z
19296107,https://github.com/PreservedKillick/restaurantPOS_ember,PreservedKillick,2014-04-30T00:36:15Z
19296070,https://github.com/Craze-lee/APCOM2014,Craze-lee,2014-04-30T00:34:23Z
19296533,https://github.com/randylubin/Civ-Rogue,randylubin,2014-04-30T00:58:37Z
19295992,https://github.com/Champii/UTD,Champii,2014-04-30T00:31:14Z
19296181,https://github.com/Nemonocerater/NodeTorrent,Nemonocerater,2014-04-30T00:40:42Z
19296512,https://github.com/jenca/house_canvas,jenca,2014-04-30T00:57:22Z
19295434,https://github.com/maxinfang/DecisionTree,maxinfang,2014-04-30T00:01:16Z
19295571,https://github.com/coreypnorris/restaurant_ember,coreypnorris,2014-04-30T00:08:40Z
19295672,https://github.com/brunops/synched-multiplayer,brunops,2014-04-30T00:14:03Z
19295995,https://github.com/kramuenke/html-offline-workshop,kramuenke,2014-04-30T00:31:22Z
19296456,https://github.com/cfanguy/avoidtheenemy,cfanguy,2014-04-30T00:55:08Z
19295485,https://github.com/jcech/Shenanigans-Restaurant-Table-Manager,jcech,2014-04-30T00:03:44Z
19295763,https://github.com/vincentriemer/knobsturner,vincentriemer,2014-04-30T00:19:04Z
19296052,https://github.com/ajcrites/readable-string,ajcrites,2014-04-30T00:33:47Z
19296130,https://github.com/dwhitworth/robin-templates,dwhitworth,2014-04-30T00:37:04Z