153600818,https://github.com/ystyle/drone-plugin-rancher2,ystyle,2018-10-18T09:45:31Z
153595605,https://github.com/ashwanthkumar/sudarshana,ashwanthkumar,2018-10-18T09:08:48Z
153598368,https://github.com/zhiruchen/es-example,zhiruchen,2018-10-18T09:27:40Z
153599198,https://github.com/BohdanKatiukha/KPI,BohdanKatiukha,2018-10-18T09:33:40Z
153595006,https://github.com/halleknast/gotcha-loopptr,halleknast,2018-10-18T09:04:40Z
153598107,https://github.com/zl86790/bestofjavacache,zl86790,2018-10-18T09:25:51Z
153600048,https://github.com/GuoYuefei/data-evolve,GuoYuefei,2018-10-18T09:39:54Z
153600900,https://github.com/arunmummidi/go-alpha,arunmummidi,2018-10-18T09:46:10Z
153594752,https://github.com/wotmshuaisi/gopher2018microserivceexample,wotmshuaisi,2018-10-18T09:02:50Z
153602752,https://github.com/satyanan/notify,satyanan,2018-10-18T09:59:15Z
153597604,https://github.com/juliens/websocketproxy,juliens,2018-10-18T09:22:34Z
153600171,https://github.com/C-isCoder/go-socket,C-isCoder,2018-10-18T09:40:52Z
153597424,https://github.com/xiangdong1987/GoStatistics,xiangdong1987,2018-10-18T09:21:14Z
153599419,https://github.com/chrboe/bootprune,chrboe,2018-10-18T09:35:10Z
153601315,https://github.com/zouxinjiang/golang.org,zouxinjiang,2018-10-18T09:49:07Z
153601572,https://github.com/spursy/go-blackchain,spursy,2018-10-18T09:50:56Z
153602717,https://github.com/3rdrockcom/3rdparty_eclypses_go,3rdrockcom,2018-10-18T09:59:00Z