4967590,https://github.com/soulwire/sketch.js,soulwire,2012-07-10T01:55:55Z
4967499,https://github.com/mitotic/graphterm,mitotic,2012-07-10T01:44:57Z
4967286,https://github.com/mna/advice,mna,2012-07-10T01:17:38Z
4967204,https://github.com/Raynos/iterators,Raynos,2012-07-10T01:06:33Z
4967443,https://github.com/jamesinc/SpeedDate,jamesinc,2012-07-10T01:36:41Z
4967199,https://github.com/typpo/threejs-playground,typpo,2012-07-10T01:05:47Z
4967598,https://github.com/mikedewar/hackny_talk,mikedewar,2012-07-10T01:56:50Z
4967208,https://github.com/gamebase/gamebase-economy,gamebase,2012-07-10T01:07:08Z
4967508,https://github.com/jmhorak/promise.js,jmhorak,2012-07-10T01:45:45Z
4967506,https://github.com/michael-mcmullen/EnvatoSalesNotification,michael-mcmullen,2012-07-10T01:45:32Z
4967513,https://github.com/sampablokuper/flowdown,sampablokuper,2012-07-10T01:45:58Z
4967569,https://github.com/garland/cssDesignerGrid,garland,2012-07-10T01:53:58Z
4967551,https://github.com/anhung/burgerstacks,anhung,2012-07-10T01:51:26Z
4967310,https://github.com/ericallam/rubymaverick.github.com,ericallam,2012-07-10T01:20:26Z
4967524,https://github.com/redhed7588/sdi-project,redhed7588,2012-07-10T01:47:55Z
4967392,https://github.com/iamdenny/Mobile-Events,iamdenny,2012-07-10T01:30:47Z