97772032,https://github.com/jaddr2line/gowiththeflow,jaddr2line,2017-07-20T00:10:32Z
97774522,https://github.com/gustavosbarreto/go-stupid-simple-httpserver,gustavosbarreto,2017-07-20T00:54:52Z
97772893,https://github.com/yanzay/bsalliance,yanzay,2017-07-20T00:26:25Z
97773999,https://github.com/liuzexin/Go-demo,liuzexin,2017-07-20T00:46:08Z
97773349,https://github.com/patrickhaller/slog,patrickhaller,2017-07-20T00:35:12Z
97773653,https://github.com/hhy5861/token,hhy5861,2017-07-20T00:40:18Z
97773040,https://github.com/aaronarduino/flappygopher,aaronarduino,2017-07-20T00:29:23Z
97773536,https://github.com/hhy5861/aescrypt,hhy5861,2017-07-20T00:38:25Z
97772786,https://github.com/stephensxu/awsget,stephensxu,2017-07-20T00:24:52Z