190430423,https://github.com/cekta/di,cekta,2019-06-05T16:30:03Z
190427464,https://github.com/stargrid/laravel-calendario-feriados,stargrid,2019-06-05T16:11:14Z
190427152,https://github.com/hyper-tool/laravel-package-template,hyper-tool,2019-06-05T16:09:14Z
190433939,https://github.com/JB2001216/eCommerce,JB2001216,2019-06-05T16:53:38Z
190434843,https://github.com/cammino/magento-loyalty,cammino,2019-06-05T16:59:45Z
190434030,https://github.com/wasalas893/Hospital-management-System,wasalas893,2019-06-05T16:54:22Z
190432445,https://github.com/AhmadHddad/FOX-STORE,AhmadHddad,2019-06-05T16:43:52Z
190429708,https://github.com/sedrak1987/laravel-mongodb-passport,sedrak1987,2019-06-05T16:25:12Z
190432693,https://github.com/gmendes0/buffet,gmendes0,2019-06-05T16:45:17Z
190426422,https://github.com/ArunsKas/tst,ArunsKas,2019-06-05T16:04:59Z
190430084,https://github.com/fstrateg/fix,fstrateg,2019-06-05T16:27:53Z
190427342,https://github.com/hoangduc9003/apartment,hoangduc9003,2019-06-05T16:10:28Z
190426067,https://github.com/shylosa/wdev,shylosa,2019-06-05T16:02:42Z
190432036,https://github.com/elmehdiAssim/jobs_symfony,elmehdiAssim,2019-06-05T16:41:14Z
190432040,https://github.com/Stephaniej/sistemapoo,Stephaniej,2019-06-05T16:41:15Z
190428177,https://github.com/nimah79/Targoman-PHP,nimah79,2019-06-05T16:15:41Z
190429626,https://github.com/faddy199494/line-bot-v2,faddy199494,2019-06-05T16:24:40Z
190431576,https://github.com/IcedFREELANCER/Project-Skillup,IcedFREELANCER,2019-06-05T16:37:59Z
190432656,https://github.com/max13033/cyber,max13033,2019-06-05T16:45:04Z
190433026,https://github.com/arakul23/1000greeksTest,arakul23,2019-06-05T16:47:28Z
190433082,https://github.com/colinodell/roman-numerals-kata,colinodell,2019-06-05T16:47:53Z
190430955,https://github.com/unlox775/php-testbed,unlox775,2019-06-05T16:33:34Z
190429980,https://github.com/kczchowski/laravel_promises,kczchowski,2019-06-05T16:27:11Z
190434357,https://github.com/devmocionsoft/semaphore-demo-php-laravel,devmocionsoft,2019-06-05T16:56:37Z
190430187,https://github.com/martirale/author-post-widget,martirale,2019-06-05T16:28:35Z
190430219,https://github.com/jpking872/strivven,jpking872,2019-06-05T16:28:46Z
190426691,https://github.com/alamiotk/Hotel_baza_danych,alamiotk,2019-06-05T16:06:24Z
190431183,https://github.com/Luckidubi/contactForm,Luckidubi,2019-06-05T16:35:16Z
190429991,https://github.com/FormShantonu/laravelImageUpload,FormShantonu,2019-06-05T16:27:16Z
190430648,https://github.com/ThienNguyen225/delete-part-from-array,ThienNguyen225,2019-06-05T16:31:32Z
190434689,https://github.com/gattaigames/kng,gattaigames,2019-06-05T16:58:48Z
190431325,https://github.com/Jeek386/mrrobot,Jeek386,2019-06-05T16:36:21Z
190428119,https://github.com/nzsakib/blog,nzsakib,2019-06-05T16:15:16Z
190428121,https://github.com/endicottj/cs401_project,endicottj,2019-06-05T16:15:16Z
190426051,https://github.com/aliviarcarruth/fictional-university,aliviarcarruth,2019-06-05T16:02:35Z
190432737,https://github.com/crgbe/facnote,crgbe,2019-06-05T16:45:34Z
190427493,https://github.com/ndious/James,ndious,2019-06-05T16:11:26Z
190430128,https://github.com/m45k174/distribution-Core,m45k174,2019-06-05T16:28:08Z
190431972,https://github.com/hansodeg/aqualog,hansodeg,2019-06-05T16:40:45Z
190431053,https://github.com/takayukiyagi/github-branches-hooks,takayukiyagi,2019-06-05T16:34:16Z
190430983,https://github.com/Ponchojomp/Gammel-netbeans,Ponchojomp,2019-06-05T16:33:46Z
190429447,https://github.com/Shelby2/Myprohect,Shelby2,2019-06-05T16:23:28Z
190433037,https://github.com/vitillucas/SistemaHelpdesk,vitillucas,2019-06-05T16:47:33Z
190426911,https://github.com/freddiegar/services,freddiegar,2019-06-05T16:07:37Z
190426904,https://github.com/Kolesnikov-kiril/dns,Kolesnikov-kiril,2019-06-05T16:07:34Z
190433872,https://github.com/Ezequielcz/Crudphp,Ezequielcz,2019-06-05T16:53:15Z
190430097,https://github.com/xorik/neuffer-test-job,xorik,2019-06-05T16:27:58Z
190428737,https://github.com/wmcclure333/Exercise-Tracker,wmcclure333,2019-06-05T16:18:53Z
190426000,https://github.com/longvox/QuanLyDaiLy,longvox,2019-06-05T16:02:10Z
190430056,https://github.com/stratplusft/community_point,stratplusft,2019-06-05T16:27:43Z
190426710,https://github.com/bakuppus/smart-devops,bakuppus,2019-06-05T16:06:29Z
190432059,https://github.com/adampachowicz/products,adampachowicz,2019-06-05T16:41:23Z
190428599,https://github.com/alfiesal/php-objects,alfiesal,2019-06-05T16:17:58Z
190430543,https://github.com/mowomoCom/mowomo-Accessibility-Font-Resizer,mowomoCom,2019-06-05T16:30:55Z
190427613,https://github.com/cekingx/tiket-granat,cekingx,2019-06-05T16:12:13Z
190433273,https://github.com/loginDmitry/NIIT_TEST,loginDmitry,2019-06-05T16:49:09Z
190430979,https://github.com/sh1nu11bi/SpidersScreenScraper_Libraries_REV2_0,sh1nu11bi,2019-06-05T16:33:45Z
190433924,https://github.com/vaneatka/todo-list,vaneatka,2019-06-05T16:53:32Z
190430698,https://github.com/dmitryalex2012/openServer,dmitryalex2012,2019-06-05T16:31:54Z
190429880,https://github.com/Sarantha/ERP_for_Sonsy,Sarantha,2019-06-05T16:26:21Z
190426436,https://github.com/aerograf/userpage,aerograf,2019-06-05T16:05:03Z