108254469,https://github.com/Scalingo/go-etcd-cron,Scalingo,2017-10-25T10:22:18Z
108256209,https://github.com/dvsekhvalnov/k-ray,dvsekhvalnov,2017-10-25T10:40:02Z
108253657,https://github.com/suyanlong/jsonrpc,suyanlong,2017-10-25T10:14:48Z
108252779,https://github.com/versificator/query-cache,versificator,2017-10-25T10:06:21Z
108253891,https://github.com/wolfzhaoshuai/carbon-go-relay,wolfzhaoshuai,2017-10-25T10:16:59Z
108254010,https://github.com/Cybraics/relpbench,Cybraics,2017-10-25T10:17:54Z
108257764,https://github.com/ipiao/pubsub,ipiao,2017-10-25T10:56:06Z
108252790,https://github.com/tacchan7412/process_killer,tacchan7412,2017-10-25T10:06:27Z
108253552,https://github.com/duranivan/markjump_test,duranivan,2017-10-25T10:13:31Z
108255695,https://github.com/judfevuwa/FarmD,judfevuwa,2017-10-25T10:34:36Z
108253079,https://github.com/shirotora-go-tutorial/say3no,shirotora-go-tutorial,2017-10-25T10:09:13Z
108256984,https://github.com/kovetskiy/kube-playground,kovetskiy,2017-10-25T10:48:22Z
108252427,https://github.com/jf17/date-delta,jf17,2017-10-25T10:02:52Z
108253452,https://github.com/ntamvl/simple_blockchain,ntamvl,2017-10-25T10:12:22Z
108257965,https://github.com/kingstarr/gpiservices,kingstarr,2017-10-25T10:57:56Z
108252457,https://github.com/shirotora-go-tutorial/penguin77jp,shirotora-go-tutorial,2017-10-25T10:03:11Z