16462598,https://github.com/forxer/languages-list,forxer,2014-02-02T20:36:54Z
16462996,https://github.com/echoPhp/notePages,echoPhp,2014-02-02T20:55:26Z
16462432,https://github.com/Kyle-Dornblaser/Thrifty-Drink,Kyle-Dornblaser,2014-02-02T20:27:43Z
16462955,https://github.com/emGit00/pressed,emGit00,2014-02-02T20:52:32Z
16463089,https://github.com/linahg/ISYS,linahg,2014-02-02T20:59:47Z
16462295,https://github.com/peterruess/parks-species-database,peterruess,2014-02-02T20:21:37Z
16462169,https://github.com/alikatmn/applesandoranges,alikatmn,2014-02-02T20:14:24Z
16462187,https://github.com/radiant-tech/Extcontact,radiant-tech,2014-02-02T20:15:29Z
16462554,https://github.com/lbateman/pressed,lbateman,2014-02-02T20:34:18Z
16462447,https://github.com/alikatmn/applesandoranges2,alikatmn,2014-02-02T20:28:11Z
16462368,https://github.com/hed8le/_object02,hed8le,2014-02-02T20:24:55Z
16462438,https://github.com/ajmatic/julia,ajmatic,2014-02-02T20:27:51Z
16463046,https://github.com/alxriemann/phpmyalxriemann,alxriemann,2014-02-02T20:57:31Z