16827030,https://github.com/sjlawson/hobbyists,sjlawson,2014-02-14T04:30:29Z
16826823,https://github.com/robmengel/poolcontroller,robmengel,2014-02-14T04:17:30Z
16826620,https://github.com/VERSION2-Inc/moodle-mod_lecturefeedback,VERSION2-Inc,2014-02-14T04:06:00Z
16827279,https://github.com/juliusiglesia/icslibsystem,juliusiglesia,2014-02-14T04:44:38Z
16827318,https://github.com/ducdongmg/joomla_tut25,ducdongmg,2014-02-14T04:47:19Z
16827185,https://github.com/darene/admin_question,darene,2014-02-14T04:38:54Z
16827253,https://github.com/joyrswd/DOMVC,joyrswd,2014-02-14T04:43:13Z
16827344,https://github.com/devinpoindexter/pictureswitch,devinpoindexter,2014-02-14T04:48:36Z
16826898,https://github.com/hectorhalpizar/php-db-connector,hectorhalpizar,2014-02-14T04:21:44Z