8656702,https://github.com/wanze/Pages2Pdf,wanze,2013-03-08T17:56:51Z
8655590,https://github.com/coolblueweb/magento-1-7,coolblueweb,2013-03-08T17:06:24Z
8656470,https://github.com/juliords/phprestframework,juliords,2013-03-08T17:45:52Z
8655484,https://github.com/DHorchler/ConfigBundle,DHorchler,2013-03-08T17:00:03Z
8656099,https://github.com/zvineyard/pyrocms-twitter-hashtag-widget,zvineyard,2013-03-08T17:24:15Z
8656401,https://github.com/AU-Landing-Project/liked_content,AU-Landing-Project,2013-03-08T17:41:19Z
8655562,https://github.com/leucos/ansible-tuto-demosite,leucos,2013-03-08T17:04:31Z
8655799,https://github.com/pawelkr/testxsolve,pawelkr,2013-03-08T17:15:20Z
8656733,https://github.com/dogen-z/smartloginlibrary,dogen-z,2013-03-08T17:58:36Z
8656546,https://github.com/Checotilla/imarket30,Checotilla,2013-03-08T17:49:41Z
8656565,https://github.com/tariqinaam/wordpress,tariqinaam,2013-03-08T17:50:21Z
8656236,https://github.com/cawlin/calgarydollars,cawlin,2013-03-08T17:31:15Z
8655631,https://github.com/tomdmaguire/wp-multi-db,tomdmaguire,2013-03-08T17:08:26Z