69724923,https://github.com/IpshitaC/sociable,IpshitaC,2016-10-01T07:14:28Z
69724410,https://github.com/gbcdef/iRunMap,gbcdef,2016-10-01T07:00:20Z
69725217,https://github.com/ticky/mojibaka,ticky,2016-10-01T07:21:37Z
69725257,https://github.com/logaretm/laradock-cli,logaretm,2016-10-01T07:22:53Z
69725756,https://github.com/soenkekluth/pmvc-react,soenkekluth,2016-10-01T07:36:20Z
69725823,https://github.com/aarohmankad/juke,aarohmankad,2016-10-01T07:38:04Z
69726111,https://github.com/pajaydev/MyOldWebsite,pajaydev,2016-10-01T07:45:42Z
69726409,https://github.com/PandaTsui/MultistageSelect,PandaTsui,2016-10-01T07:53:44Z
69725123,https://github.com/kirjavascript/express-webpack-boilerplate,kirjavascript,2016-10-01T07:19:44Z
69724934,https://github.com/megychen/random-quote-generator,megychen,2016-10-01T07:14:52Z
69726105,https://github.com/hugominas/CRM,hugominas,2016-10-01T07:45:38Z
69724563,https://github.com/katcoutts/hogwarts_charts,katcoutts,2016-10-01T07:04:39Z
69725459,https://github.com/kevindoveton/FLOLogin,kevindoveton,2016-10-01T07:27:55Z
69726449,https://github.com/shamim7777/laravel,shamim7777,2016-10-01T07:54:50Z
69725396,https://github.com/kevinmizway/Cipher-jQuery,kevinmizway,2016-10-01T07:26:22Z
69725899,https://github.com/CloudFoundryDaysTokyo/2016,CloudFoundryDaysTokyo,2016-10-01T07:40:09Z
69725949,https://github.com/Gauravjeetsingh/bob-the-builder,Gauravjeetsingh,2016-10-01T07:41:36Z
69726540,https://github.com/SergSlon/vanillaJsRestClient,SergSlon,2016-10-01T07:57:35Z
69726282,https://github.com/kongdewen1994/cfdk,kongdewen1994,2016-10-01T07:50:12Z
69726359,https://github.com/tursics/postbank-hackathon,tursics,2016-10-01T07:52:22Z
69725420,https://github.com/jtolentino90/1942-game,jtolentino90,2016-10-01T07:26:54Z
69725488,https://github.com/thsorens/reactBoilerplate,thsorens,2016-10-01T07:28:43Z
69725606,https://github.com/madbox/nodejs-test,madbox,2016-10-01T07:32:04Z
69724532,https://github.com/karki011/Learn-You-Node,karki011,2016-10-01T07:03:48Z
69725352,https://github.com/zzzhouzhou2004/ejtpl,zzzhouzhou2004,2016-10-01T07:24:52Z
69726377,https://github.com/bogatskiy/reactLearn,bogatskiy,2016-10-01T07:52:54Z
69726435,https://github.com/RamonSchmitt/gulp,RamonSchmitt,2016-10-01T07:54:29Z
69726450,https://github.com/alexandreDavid/plumb,alexandreDavid,2016-10-01T07:54:51Z
69724902,https://github.com/deainya/MyTry,deainya,2016-10-01T07:13:50Z
69724920,https://github.com/onyok21/OnyokTutorial,onyok21,2016-10-01T07:14:26Z
69724586,https://github.com/bpliew/minecraft-pe-mods,bpliew,2016-10-01T07:05:16Z
69724850,https://github.com/n1n9-jp/d3-playground,n1n9-jp,2016-10-01T07:12:22Z
69725286,https://github.com/manikantareddyd/DeepInsight,manikantareddyd,2016-10-01T07:23:26Z
69725148,https://github.com/weiningning/blog1,weiningning,2016-10-01T07:20:22Z
69725163,https://github.com/dustinchang/mernwt-starterkit,dustinchang,2016-10-01T07:20:42Z
69725932,https://github.com/arunchandramouli/js,arunchandramouli,2016-10-01T07:41:10Z
69724649,https://github.com/trickyEdecay/together-werewolves,trickyEdecay,2016-10-01T07:06:47Z
69724874,https://github.com/binay-shah/angJS-module3-solution,binay-shah,2016-10-01T07:13:10Z
69725811,https://github.com/amanagarwal456/test-service-worker,amanagarwal456,2016-10-01T07:37:47Z
69724596,https://github.com/SyedHaris94/JavaScript-Lab,SyedHaris94,2016-10-01T07:05:25Z
69724808,https://github.com/LiamXiao/helloworld,LiamXiao,2016-10-01T07:11:17Z
69726318,https://github.com/marcindebski/marcindebski.online,marcindebski,2016-10-01T07:51:13Z
69725798,https://github.com/qcyhust/node-backend,qcyhust,2016-10-01T07:37:27Z
69725553,https://github.com/mikarinneoracle/node,mikarinneoracle,2016-10-01T07:30:34Z
69725165,https://github.com/leixiaochen/regexper-static,leixiaochen,2016-10-01T07:20:44Z
69726295,https://github.com/citizen/storageroomz,citizen,2016-10-01T07:50:36Z
69726311,https://github.com/jevniky/iot_web_app,jevniky,2016-10-01T07:51:02Z
69724692,https://github.com/hassenrmili/FCC-Challenges,hassenrmili,2016-10-01T07:08:05Z
69724769,https://github.com/agao323/chrome_extension,agao323,2016-10-01T07:10:18Z
69725447,https://github.com/MarcusHurney/React-Redux-Launch-Template,MarcusHurney,2016-10-01T07:27:35Z
69725467,https://github.com/MaciejOlszewski/gulp-workflow,MaciejOlszewski,2016-10-01T07:28:09Z
69725576,https://github.com/prasad4491/code-cafe,prasad4491,2016-10-01T07:31:12Z
69726374,https://github.com/Dongeg/NODE.JS-file-upload,Dongeg,2016-10-01T07:52:49Z
69725855,https://github.com/schinalex/awesome-chat,schinalex,2016-10-01T07:38:55Z
69725900,https://github.com/lexmihaylov/cachee,lexmihaylov,2016-10-01T07:40:11Z
69725718,https://github.com/jordenc/com.sony.bravia.androidtv,jordenc,2016-10-01T07:35:23Z
69726596,https://github.com/AshvinPainiaye/Gestion-Contact,AshvinPainiaye,2016-10-01T07:59:06Z
69725393,https://github.com/arcana261/sequelize-blobfs,arcana261,2016-10-01T07:26:08Z
69725028,https://github.com/ggada/lifeinweeks,ggada,2016-10-01T07:17:05Z
69725429,https://github.com/rana2884/mysite,rana2884,2016-10-01T07:27:07Z
69726603,https://github.com/doomsterinc/filesearchs,doomsterinc,2016-10-01T07:59:16Z
69725001,https://github.com/jitcoder/jsn,jitcoder,2016-10-01T07:16:30Z
69725282,https://github.com/nickvorobiov/stress.nickvorobiov.com,nickvorobiov,2016-10-01T07:23:21Z
69725377,https://github.com/iblamefish/lazy-philosopher,iblamefish,2016-10-01T07:25:37Z
69725484,https://github.com/Avi121/news_bot,Avi121,2016-10-01T07:28:37Z
69725572,https://github.com/Jovi/Utils,Jovi,2016-10-01T07:31:10Z
69725766,https://github.com/cbnuke/CarCare,cbnuke,2016-10-01T07:36:37Z
69726629,https://github.com/immissile/static-builder,immissile,2016-10-01T07:59:50Z
69725524,https://github.com/spartanglidarn/rps-js,spartanglidarn,2016-10-01T07:29:36Z
69724952,https://github.com/xuwei2014/supp_backend,xuwei2014,2016-10-01T07:15:14Z
69724806,https://github.com/Amy-Yee/budgetme,Amy-Yee,2016-10-01T07:11:10Z
69725267,https://github.com/KurtBit/HackForTheFuture-MoveIt,KurtBit,2016-10-01T07:23:08Z
69725580,https://github.com/Conanjun/javascript-practice,Conanjun,2016-10-01T07:31:25Z
69726089,https://github.com/ShubhamAgr/books4u-server,ShubhamAgr,2016-10-01T07:45:25Z
69726115,https://github.com/acahet/react-skeleton,acahet,2016-10-01T07:45:54Z
69725999,https://github.com/aforarup/suba,aforarup,2016-10-01T07:42:54Z
69724683,https://github.com/khuyen94/mokit-shop,khuyen94,2016-10-01T07:07:55Z
69724781,https://github.com/yzmin1106/EmailSystem,yzmin1106,2016-10-01T07:10:35Z
69726594,https://github.com/adanilev/log-stuff,adanilev,2016-10-01T07:58:56Z
69724946,https://github.com/zhufengnodejs/201607blog,zhufengnodejs,2016-10-01T07:15:04Z
69726443,https://github.com/jaylenw/SDHACKS-2016,jaylenw,2016-10-01T07:54:37Z
69726444,https://github.com/kgroque/onePageScroll,kgroque,2016-10-01T07:54:37Z
69726587,https://github.com/Caveman07/snake_gameJS,Caveman07,2016-10-01T07:58:46Z