2367089,https://github.com/Rahe/Simple-image-sizes,Rahe,2011-09-11T19:38:03Z
2367005,https://github.com/Weasle/Formagic,Weasle,2011-09-11T19:16:38Z
2367155,https://github.com/ggslyman/Super-Street-Fighter-IV-Arcade-Edition-Lobby-System,ggslyman,2011-09-11T19:54:35Z
2367181,https://github.com/serenecloud/sentinel-lib,serenecloud,2011-09-11T19:59:42Z
2366969,https://github.com/Krassmus/tsc,Krassmus,2011-09-11T19:09:18Z
2367175,https://github.com/ezraezraezra/9Bit,ezraezraezra,2011-09-11T19:57:56Z
2367071,https://github.com/bryantAXS/ExpressionEngine2-Kickstarter,bryantAXS,2011-09-11T19:31:37Z