243144179,https://github.com/James-N-M/chuck-norris-ipsum,James-N-M,2020-02-26T01:53:08Z
243139667,https://github.com/HaikalPWPB/homepage,HaikalPWPB,2020-02-26T01:23:25Z
243137233,https://github.com/anyimage/laravel-clickable,anyimage,2020-02-26T01:05:41Z
243139349,https://github.com/Mas-R/belajar-GIT,Mas-R,2020-02-26T01:20:59Z
243141717,https://github.com/joaopedrof45/fabrica-de-campos-,joaopedrof45,2020-02-26T01:36:36Z
243144535,https://github.com/Syarifsgsy/belajar-git,Syarifsgsy,2020-02-26T01:55:16Z
243144994,https://github.com/Daniws02/php-learn,Daniws02,2020-02-26T01:58:20Z
243143941,https://github.com/gzwsjq/1906open,gzwsjq,2020-02-26T01:51:32Z
243143246,https://github.com/GuanTianLong/1906open,GuanTianLong,2020-02-26T01:47:13Z
243141048,https://github.com/haiphung1/php-mvc,haiphung1,2020-02-26T01:32:16Z
243140397,https://github.com/sirSyarif/belajar-git,sirSyarif,2020-02-26T01:28:11Z
243143157,https://github.com/DidanGiffari/Belajar-git,DidanGiffari,2020-02-26T01:46:39Z
243138550,https://github.com/WILLIAMITP2/L4G02-BUSCARPALABRA,WILLIAMITP2,2020-02-26T01:15:18Z
243143389,https://github.com/DUrsinoTyro/simplifysdk,DUrsinoTyro,2020-02-26T01:48:08Z
243138350,https://github.com/lizwerther/CSC2053Code,lizwerther,2020-02-26T01:13:56Z
243140507,https://github.com/MuhammadFajar040702/BelajarGit,MuhammadFajar040702,2020-02-26T01:28:55Z
243143342,https://github.com/userferdi/crud,userferdi,2020-02-26T01:47:50Z
243143374,https://github.com/fadilfadilun/repo_pertama,fadilfadilun,2020-02-26T01:48:02Z
243143134,https://github.com/Penarr/Strings-and-Things,Penarr,2020-02-26T01:46:26Z
243138048,https://github.com/anyimage/laravel-moderation,anyimage,2020-02-26T01:11:52Z
243137958,https://github.com/Iseeumhmm/wc_course,Iseeumhmm,2020-02-26T01:11:09Z
243140278,https://github.com/fahico98/Test_API_Project_-_Vue.js_and_Laravel_5.8,fahico98,2020-02-26T01:27:25Z
243142767,https://github.com/nikola-n/laravel-api,nikola-n,2020-02-26T01:43:57Z
243145056,https://github.com/HaikalPWPB/excercises,HaikalPWPB,2020-02-26T01:58:39Z
243140069,https://github.com/fikm21/belajar-git,fikm21,2020-02-26T01:26:10Z
243141564,https://github.com/IhsanKirson/belajar-git,IhsanKirson,2020-02-26T01:35:36Z
243140540,https://github.com/jarosario20/data_importer,jarosario20,2020-02-26T01:29:08Z
243142476,https://github.com/chenxiaobai521/1906open,chenxiaobai521,2020-02-26T01:42:05Z
243138085,https://github.com/seiyu-nico/docker-php-dev,seiyu-nico,2020-02-26T01:12:11Z
243136585,https://github.com/darienmiranda/LG401-ordenar-array,darienmiranda,2020-02-26T01:00:41Z
243141843,https://github.com/rango527/my-cloud-la,rango527,2020-02-26T01:37:33Z
243139223,https://github.com/quinho981/desafio-sotero,quinho981,2020-02-26T01:20:07Z
243142550,https://github.com/zsj-zsj/open1906,zsj-zsj,2020-02-26T01:42:33Z
243140645,https://github.com/mjauvin/oc-backenduser-plugin,mjauvin,2020-02-26T01:29:43Z
243143270,https://github.com/duguowei666/admin-1906,duguowei666,2020-02-26T01:47:26Z
243136927,https://github.com/guemidiborhane/laravel-forum,guemidiborhane,2020-02-26T01:03:10Z
243139892,https://github.com/areeqakbr/paperboat,areeqakbr,2020-02-26T01:25:03Z
243136932,https://github.com/ndi8093/LynxClone,ndi8093,2020-02-26T01:03:13Z
243142605,https://github.com/baetovzamirbek/mvc-admin,baetovzamirbek,2020-02-26T01:42:54Z
243140012,https://github.com/mmasterminddd/Register-Login-System-with-Google-API,mmasterminddd,2020-02-26T01:25:49Z
243143864,https://github.com/shishuaibo0312/1906open,shishuaibo0312,2020-02-26T01:51:05Z
243142565,https://github.com/aditpp/belajar-git,aditpp,2020-02-26T01:42:38Z
243141355,https://github.com/fazella/hnd-core,fazella,2020-02-26T01:34:26Z
243144852,https://github.com/JamelHammoud/ydownload,JamelHammoud,2020-02-26T01:57:24Z
243141782,https://github.com/Raden-Daffa/belajar-git,Raden-Daffa,2020-02-26T01:37:06Z
243143366,https://github.com/1003lb/1906open,1003lb,2020-02-26T01:48:01Z
243136729,https://github.com/eonx-com/easy-async,eonx-com,2020-02-26T01:01:54Z
243141509,https://github.com/auliaAgust/belajarGit,auliaAgust,2020-02-26T01:35:15Z
243143373,https://github.com/Raihardhanadp/belajar-git,Raihardhanadp,2020-02-26T01:48:02Z
243138083,https://github.com/davidribeiro05/fitec,davidribeiro05,2020-02-26T01:12:09Z
243142883,https://github.com/zhangyijing8497/1906open,zhangyijing8497,2020-02-26T01:44:44Z
243141570,https://github.com/FazaNF/belajar-git,FazaNF,2020-02-26T01:35:40Z
243140570,https://github.com/askubicz/cis355as04,askubicz,2020-02-26T01:29:18Z
243141386,https://github.com/inifachri/belajar-git,inifachri,2020-02-26T01:34:35Z