110507721,https://github.com/ibmruntimes/yieldable-json,ibmruntimes,2017-11-13T06:15:08Z
110507372,https://github.com/stef-levesque/vscode-3dviewer,stef-levesque,2017-11-13T06:10:53Z
110509024,https://github.com/nigulasikk/freeStylePlugin,nigulasikk,2017-11-13T06:29:25Z
110509318,https://github.com/Coder-Academy-Patterns/mongoose-vs-activerecord,Coder-Academy-Patterns,2017-11-13T06:32:45Z
110509442,https://github.com/openexp/jspsych-react,openexp,2017-11-13T06:34:05Z
110508811,https://github.com/shakir1443/automated-mushroom-cultivation,shakir1443,2017-11-13T06:28:11Z
110508787,https://github.com/qtumproject/qtumjs-lib,qtumproject,2017-11-13T06:27:57Z
110509775,https://github.com/futuweb/futu-commission-calculator,futuweb,2017-11-13T06:37:53Z
110509068,https://github.com/ubien/WaveVisionLaundyScraper,ubien,2017-11-13T06:29:57Z
110511716,https://github.com/KoryNunn/ohboy,KoryNunn,2017-11-13T06:59:14Z
110507824,https://github.com/tylerlong/swagger-data-entry-app,tylerlong,2017-11-13T06:16:11Z
110510306,https://github.com/cwcw2424/vue-vuex-amd,cwcw2424,2017-11-13T06:44:09Z
110510060,https://github.com/selimachour/express-vue-example,selimachour,2017-11-13T06:41:19Z
110506573,https://github.com/TOBEJIKE/JKRM-XCX,TOBEJIKE,2017-11-13T06:01:17Z
110510291,https://github.com/keerl/pmu-gui,keerl,2017-11-13T06:44:00Z
110507537,https://github.com/OptimusKrish/food-wallet,OptimusKrish,2017-11-13T06:12:55Z
110507844,https://github.com/andela/k2-cfh,andela,2017-11-13T06:16:22Z
110510011,https://github.com/sstef/CryptoViz,sstef,2017-11-13T06:40:44Z
110507235,https://github.com/JhonRuiz/Project-Design,JhonRuiz,2017-11-13T06:09:12Z
110509222,https://github.com/NayanKhedkar/adapt-tooltip,NayanKhedkar,2017-11-13T06:31:37Z
110508493,https://github.com/qqnc/angular-sliding-tags,qqnc,2017-11-13T06:24:02Z
110511424,https://github.com/CarlosCoello/mern-stack,CarlosCoello,2017-11-13T06:56:10Z
110507333,https://github.com/iamaironylarde/geronamarketplace,iamaironylarde,2017-11-13T06:10:23Z
110507442,https://github.com/jxt4995038/blog,jxt4995038,2017-11-13T06:11:47Z
110510368,https://github.com/jsnow742/electron-template,jsnow742,2017-11-13T06:44:44Z
110507950,https://github.com/jylock/reduxTutorial,jylock,2017-11-13T06:17:45Z
110507978,https://github.com/W-equals-FD/project-3-the-scoop,W-equals-FD,2017-11-13T06:18:06Z
110510361,https://github.com/GitSage/gestalt-pattern-matcher,GitSage,2017-11-13T06:44:39Z
110510815,https://github.com/yuminjustin/spotlight-templates-react-redux,yuminjustin,2017-11-13T06:49:42Z
110506578,https://github.com/dixitomkar1809/BeAReader,dixitomkar1809,2017-11-13T06:01:20Z
110511322,https://github.com/tkmct/react-pwa-sample,tkmct,2017-11-13T06:55:08Z
110510274,https://github.com/64-Corp/zeppelin-solidity,64-Corp,2017-11-13T06:43:50Z
110507619,https://github.com/laning312/vueDemo,laning312,2017-11-13T06:13:52Z
110508487,https://github.com/jaehanjung/www,jaehanjung,2017-11-13T06:24:00Z
110511433,https://github.com/ClassyFD/cards-against-humanity,ClassyFD,2017-11-13T06:56:14Z
110510000,https://github.com/newscheck/newscheck.github.io,newscheck,2017-11-13T06:40:31Z
110510648,https://github.com/yuminjustin/spotlight-templates-react,yuminjustin,2017-11-13T06:47:57Z
110510909,https://github.com/Rozhansky/Andersen,Rozhansky,2017-11-13T06:50:53Z
110507043,https://github.com/williamcaban/static-demosite,williamcaban,2017-11-13T06:06:53Z
110507111,https://github.com/sepetboy/js-keyboard,sepetboy,2017-11-13T06:07:31Z
110511311,https://github.com/Sinau-Company/backend,Sinau-Company,2017-11-13T06:55:02Z
110511510,https://github.com/kfjmr0/colorgang,kfjmr0,2017-11-13T06:57:13Z
110508501,https://github.com/underbleu/www,underbleu,2017-11-13T06:24:04Z
110509642,https://github.com/touchpagorn/git101,touchpagorn,2017-11-13T06:36:33Z
110511040,https://github.com/64-Corp/convert-units,64-Corp,2017-11-13T06:52:21Z
110509110,https://github.com/surajdesai8790/Unnati_Biz,surajdesai8790,2017-11-13T06:30:28Z
110506523,https://github.com/matthiasbuehl/reactnd-project-myreads,matthiasbuehl,2017-11-13T06:00:33Z
110509087,https://github.com/michaelohalloran/Yelp-Camp,michaelohalloran,2017-11-13T06:30:12Z
110507381,https://github.com/khalilaj/h-web,khalilaj,2017-11-13T06:10:59Z
110507447,https://github.com/andela/orophin-rc,andela,2017-11-13T06:11:52Z
110510566,https://github.com/newarmy/myMvvm,newarmy,2017-11-13T06:46:57Z
110507898,https://github.com/andela/annie-hall-cfh,andela,2017-11-13T06:17:04Z
110507380,https://github.com/hzuzhangbaoqi/News,hzuzhangbaoqi,2017-11-13T06:10:59Z
110508296,https://github.com/iMustafa/passport-oauth,iMustafa,2017-11-13T06:21:44Z
110509041,https://github.com/dev-FeiLi/UnionAd,dev-FeiLi,2017-11-13T06:29:30Z
110509085,https://github.com/opws/copld-yaml-tools,opws,2017-11-13T06:30:10Z
110507766,https://github.com/andela/elendil-cfh,andela,2017-11-13T06:15:41Z
110509691,https://github.com/paulp1995/project-2,paulp1995,2017-11-13T06:37:05Z
110509849,https://github.com/NobleYd/CallBackMgmt,NobleYd,2017-11-13T06:38:50Z
110506627,https://github.com/nickAndrey/testTask-on-angular,nickAndrey,2017-11-13T06:01:47Z
110511419,https://github.com/djain10/InfyMiles,djain10,2017-11-13T06:56:07Z
110510930,https://github.com/yuminjustin/spotlight-templates-vue,yuminjustin,2017-11-13T06:51:10Z
110507661,https://github.com/andela/mont-blanc-rc,andela,2017-11-13T06:14:22Z
110508343,https://github.com/rockamitk/express-mongo-node,rockamitk,2017-11-13T06:22:28Z
110507195,https://github.com/No-speaking/wecatShareByNode,No-speaking,2017-11-13T06:08:40Z
110507930,https://github.com/PolymerizeJS/PolymerizeJS,PolymerizeJS,2017-11-13T06:17:32Z
110507984,https://github.com/txn513/first-node,txn513,2017-11-13T06:18:09Z
110509847,https://github.com/AdrianLz94/dona-cubo-piramide,AdrianLz94,2017-11-13T06:38:49Z
110510266,https://github.com/ernie-cho/study2017,ernie-cho,2017-11-13T06:43:46Z
110510884,https://github.com/MohammadMDSA/ElectronStarter,MohammadMDSA,2017-11-13T06:50:34Z
110508989,https://github.com/trikanna/com,trikanna,2017-11-13T06:29:04Z
110509616,https://github.com/aartikumari/authenticate_sample_jwt,aartikumari,2017-11-13T06:36:11Z
110508657,https://github.com/t-sumisaki/express_webapi_training,t-sumisaki,2017-11-13T06:26:05Z
110510839,https://github.com/11liu11/prac,11liu11,2017-11-13T06:50:05Z
110507370,https://github.com/apereverzin/wrisxdapp,apereverzin,2017-11-13T06:10:52Z
110507441,https://github.com/sacren/passport-kuali,sacren,2017-11-13T06:11:47Z
110509905,https://github.com/ttaylordev/ConwayTDD,ttaylordev,2017-11-13T06:39:29Z
110507953,https://github.com/reganoneill/front-haushalt,reganoneill,2017-11-13T06:17:46Z
110506934,https://github.com/Bruce-Yu2017/mongoose-restfulApi,Bruce-Yu2017,2017-11-13T06:05:34Z
110506605,https://github.com/bkcno/UCB_DataViz_HW,bkcno,2017-11-13T06:01:34Z
110511297,https://github.com/baoqger/User-Authentication-using-JWT-in-Node,baoqger,2017-11-13T06:54:56Z
110507863,https://github.com/robin-hong/bnstree-bot,robin-hong,2017-11-13T06:16:39Z
110508541,https://github.com/fish119/hbuildertodo,fish119,2017-11-13T06:24:32Z
110509035,https://github.com/markozivic/MarvelHeroes,markozivic,2017-11-13T06:29:29Z
110510050,https://github.com/houmao/ionic-project,houmao,2017-11-13T06:41:09Z
110507911,https://github.com/omargzmt/DemoPBi-Embedded,omargzmt,2017-11-13T06:17:19Z
110508032,https://github.com/stankay7bc/markdown-project,stankay7bc,2017-11-13T06:18:42Z
110508034,https://github.com/Narumol019/Quiz2-Full,Narumol019,2017-11-13T06:18:44Z
110507368,https://github.com/vaimois/bamazon,vaimois,2017-11-13T06:10:52Z
110510043,https://github.com/hispindia/Intersectional_Indicators_Entry_App,hispindia,2017-11-13T06:41:00Z
110507778,https://github.com/colinchong/memory-game-master,colinchong,2017-11-13T06:15:46Z
110510905,https://github.com/jsonw99/clickCount,jsonw99,2017-11-13T06:50:51Z
110507596,https://github.com/ecDusty/Gulp-general,ecDusty,2017-11-13T06:13:31Z
110507709,https://github.com/SeijouDev/Programmer,SeijouDev,2017-11-13T06:15:02Z
110509044,https://github.com/Murithi/ReactReduxTodoApp,Murithi,2017-11-13T06:29:36Z
110509062,https://github.com/MJingv/daily-tests,MJingv,2017-11-13T06:29:54Z
110507903,https://github.com/ravianepu/angularjs-jenkins,ravianepu,2017-11-13T06:17:14Z
110509305,https://github.com/AmandaKitSam/jQuery-exercise,AmandaKitSam,2017-11-13T06:32:36Z
110511645,https://github.com/Aitherio/JavaScript_Car,Aitherio,2017-11-13T06:58:26Z
110511667,https://github.com/xingxiangchao/learns_data,xingxiangchao,2017-11-13T06:58:40Z
110511732,https://github.com/kongshanchat/gt-book,kongshanchat,2017-11-13T06:59:24Z
110511743,https://github.com/bd2187/js-timer,bd2187,2017-11-13T06:59:31Z
110511766,https://github.com/denisz/denisz.github.io,denisz,2017-11-13T06:59:49Z
110506834,https://github.com/YeisonVelez11/YeisonVelez11.github.io,YeisonVelez11,2017-11-13T06:04:22Z
110511567,https://github.com/lcabello/canvasGame,lcabello,2017-11-13T06:57:44Z
110510264,https://github.com/muralishankar/todonote,muralishankar,2017-11-13T06:43:46Z
110508529,https://github.com/colleenmcguckin/ethnio-js,colleenmcguckin,2017-11-13T06:24:24Z
110510739,https://github.com/MonikaJassova/3N,MonikaJassova,2017-11-13T06:48:51Z
110510958,https://github.com/weiyang456456/ejavashop,weiyang456456,2017-11-13T06:51:29Z
110507051,https://github.com/Saleemahmh/EagleF,Saleemahmh,2017-11-13T06:06:57Z
110510346,https://github.com/Niiitasha/reddit-router-lab,Niiitasha,2017-11-13T06:44:33Z
110508453,https://github.com/bridgeram/Webdev2180Project3,bridgeram,2017-11-13T06:23:44Z
110507336,https://github.com/nelsonSetyawan09/react-project-simple-course-purchase,nelsonSetyawan09,2017-11-13T06:10:25Z
110509890,https://github.com/jiyeershi/WSGameHallLayaBox,jiyeershi,2017-11-13T06:39:17Z
110507553,https://github.com/jojoaddison/amensystems,jojoaddison,2017-11-13T06:13:05Z
110507704,https://github.com/mharvy/sf_abnb_wizard_website,mharvy,2017-11-13T06:15:00Z
110510911,https://github.com/AaronW422/Veisty,AaronW422,2017-11-13T06:50:55Z
110508806,https://github.com/andylenguyen20/capital_one_mindsumo,andylenguyen20,2017-11-13T06:28:09Z
110508825,https://github.com/PreeduS/react-app,PreeduS,2017-11-13T06:28:23Z
110511364,https://github.com/harimiriyam/ReactJSTestSetup,harimiriyam,2017-11-13T06:55:35Z
110509488,https://github.com/junior201110/sw-sample-react,junior201110,2017-11-13T06:34:37Z
110511747,https://github.com/piyushabbi/indecision-app,piyushabbi,2017-11-13T06:59:35Z
110509846,https://github.com/mashish584/Business-Rating,mashish584,2017-11-13T06:38:49Z
110509877,https://github.com/safeimuslim/react-loading-components-demo,safeimuslim,2017-11-13T06:39:07Z
110510350,https://github.com/fahimfss/Projects,fahimfss,2017-11-13T06:44:34Z
110509754,https://github.com/bounis/gilded-rose-kata,bounis,2017-11-13T06:37:41Z
110507421,https://github.com/rakeshvora2007/youtube-search-using-react,rakeshvora2007,2017-11-13T06:11:31Z
110508750,https://github.com/dongyuekai/simple-webapp,dongyuekai,2017-11-13T06:27:27Z
110511286,https://github.com/FurkanDemirr/odev-6,FurkanDemirr,2017-11-13T06:54:52Z
110510195,https://github.com/blackcash/nodeJS_appledaily_title,blackcash,2017-11-13T06:42:53Z
110508153,https://github.com/SandipMehta/nodetosql,SandipMehta,2017-11-13T06:20:03Z
110510980,https://github.com/apurvazemoso/restaurant,apurvazemoso,2017-11-13T06:51:43Z
110508535,https://github.com/imcvampire/cryptocurrency-converter,imcvampire,2017-11-13T06:24:26Z
110509564,https://github.com/alexclass/ethereum-voting-lesson,alexclass,2017-11-13T06:35:29Z
110508370,https://github.com/xiaqijian/Project-source-code,xiaqijian,2017-11-13T06:22:46Z
110508415,https://github.com/flickyiyo/revista,flickyiyo,2017-11-13T06:23:17Z
110508430,https://github.com/FoggyRocket/It-info,FoggyRocket,2017-11-13T06:23:30Z
110508481,https://github.com/stared329/www,stared329,2017-11-13T06:23:59Z
110506569,https://github.com/Froguard/gulp-rev-collector-concat,Froguard,2017-11-13T06:01:14Z
110506746,https://github.com/bodaay/ReactLearning2,bodaay,2017-11-13T06:03:15Z
110506751,https://github.com/param17/atlas-skill,param17,2017-11-13T06:03:21Z
110511182,https://github.com/herlambangr/ansport,herlambangr,2017-11-13T06:53:54Z
110511188,https://github.com/aimdharma1990/Tecknodreams,aimdharma1990,2017-11-13T06:53:59Z
110507791,https://github.com/rexrankor/aoe2-selector,rexrankor,2017-11-13T06:15:56Z
110511751,https://github.com/j0nathanB/red-it,j0nathanB,2017-11-13T06:59:39Z
110510805,https://github.com/thondery/kenote-express-base,thondery,2017-11-13T06:49:28Z
110509954,https://github.com/mayask/koa-mongo-boilerplate,mayask,2017-11-13T06:40:04Z
110509190,https://github.com/harrisong/ProfileBuilder,harrisong,2017-11-13T06:31:22Z
110507759,https://github.com/andela/elendil-rc,andela,2017-11-13T06:15:34Z
110508755,https://github.com/chengandmo/js,chengandmo,2017-11-13T06:27:34Z
110510532,https://github.com/aa6my/react-todo,aa6my,2017-11-13T06:46:31Z
110509684,https://github.com/fish0185/LearnVue,fish0185,2017-11-13T06:37:00Z
110509694,https://github.com/fahrenheitdlp/MyPortfolio,fahrenheitdlp,2017-11-13T06:37:06Z
110507574,https://github.com/fajarizaf/Slick-Api,fajarizaf,2017-11-13T06:13:16Z
110507676,https://github.com/XMaynard/node-toda-api,XMaynard,2017-11-13T06:14:36Z
110509406,https://github.com/970299422/plane,970299422,2017-11-13T06:33:45Z
110509742,https://github.com/djmgeneseo/FLAPPY-BIRD,djmgeneseo,2017-11-13T06:37:33Z
110506964,https://github.com/machuanjia/leave,machuanjia,2017-11-13T06:05:53Z
110511183,https://github.com/rishantagarwal/s3-ls-lite,rishantagarwal,2017-11-13T06:53:55Z
110511548,https://github.com/zhuhuijun/20171112_vue,zhuhuijun,2017-11-13T06:57:35Z
110508189,https://github.com/xuexuejie/carshop,xuexuejie,2017-11-13T06:20:28Z
110511339,https://github.com/xaour/smallyard,xaour,2017-11-13T06:55:18Z
110511360,https://github.com/heretic-G/essay,heretic-G,2017-11-13T06:55:33Z
110507835,https://github.com/markbrouch/airhockey,markbrouch,2017-11-13T06:16:17Z
110508278,https://github.com/pankajupadhyay29/gl-react-training,pankajupadhyay29,2017-11-13T06:21:33Z
110507947,https://github.com/Republix/layer-model-component,Republix,2017-11-13T06:17:43Z
110509646,https://github.com/MelodyHope/SpringMVC-demo,MelodyHope,2017-11-13T06:36:35Z
110510008,https://github.com/nuelbruno/Appcelerator,nuelbruno,2017-11-13T06:40:39Z
110510699,https://github.com/AnushriTewari/StrideApp,AnushriTewari,2017-11-13T06:48:27Z
110507685,https://github.com/ppq1991/canvas-demo,ppq1991,2017-11-13T06:14:42Z
110510422,https://github.com/yuminjustin/spotlight-templates-normal,yuminjustin,2017-11-13T06:45:17Z
110508134,https://github.com/NathanPickard/angular-cli,NathanPickard,2017-11-13T06:19:52Z
110511578,https://github.com/thongmap/thongmap.github.io,thongmap,2017-11-13T06:57:52Z
110510149,https://github.com/akshaygagal/prime-number,akshaygagal,2017-11-13T06:42:17Z
110510169,https://github.com/TugceBaydar/comment-app,TugceBaydar,2017-11-13T06:42:33Z
110509896,https://github.com/notcold/ReactDemo,notcold,2017-11-13T06:39:18Z
110508612,https://github.com/vbaghdas/book_organizer,vbaghdas,2017-11-13T06:25:25Z
110509622,https://github.com/TugceBaydar/fortune-app,TugceBaydar,2017-11-13T06:36:21Z
110507743,https://github.com/easydeads/test,easydeads,2017-11-13T06:15:23Z
110510665,https://github.com/anboyang/xunhua,anboyang,2017-11-13T06:48:13Z
110507761,https://github.com/DanylZhang/IdeaWorkspace,DanylZhang,2017-11-13T06:15:35Z
110508758,https://github.com/asantiago323/WikipediaAPI,asantiago323,2017-11-13T06:27:35Z
110509601,https://github.com/ArlexDu/IEPictureDemo,ArlexDu,2017-11-13T06:35:59Z
110507066,https://github.com/suresh62/WebAccessories,suresh62,2017-11-13T06:07:03Z
110509790,https://github.com/loebboas/complexity-app,loebboas,2017-11-13T06:38:05Z
110509886,https://github.com/99darwin/hello-blockstack,99darwin,2017-11-13T06:39:14Z
110510726,https://github.com/dongpv91/react-kanji-print,dongpv91,2017-11-13T06:48:42Z
110509247,https://github.com/connected-vietnam/connected,connected-vietnam,2017-11-13T06:31:51Z