42158197,https://github.com/motemen/go-sqlf,motemen,2015-09-09T05:34:38Z
42158680,https://github.com/jalil/Hackernewz,jalil,2015-09-09T05:47:22Z