195134545,https://github.com/Connehito/cakephp-master-replica,Connehito,2019-07-03T22:35:14Z
195133241,https://github.com/mangospot-net/MangoSpot,mangospot-net,2019-07-03T22:19:06Z
195138578,https://github.com/friends-of-presta/doctrine,friends-of-presta,2019-07-03T23:24:49Z
195132897,https://github.com/r00tsyst3m/pre-regist,r00tsyst3m,2019-07-03T22:15:25Z
195140167,https://github.com/suhaboncukcu/laravel101Workshop,suhaboncukcu,2019-07-03T23:48:01Z
195140629,https://github.com/wellsilva87/php,wellsilva87,2019-07-03T23:55:01Z
195138267,https://github.com/myprojects-2019/symfonyapi,myprojects-2019,2019-07-03T23:20:33Z
195132964,https://github.com/Flashlord/mon-savonnier-sylius,Flashlord,2019-07-03T22:16:00Z
195134903,https://github.com/Manga9/Ektr7ly,Manga9,2019-07-03T22:39:30Z
195135046,https://github.com/madhumurthy16/wpdevcourse-theme,madhumurthy16,2019-07-03T22:41:22Z
195137005,https://github.com/eyejuan/lhcb,eyejuan,2019-07-03T23:08:30Z
195134590,https://github.com/tosin94/simple_php_image_sort,tosin94,2019-07-03T22:35:29Z
195137930,https://github.com/Wolfhounds227/QuizMaster-master,Wolfhounds227,2019-07-03T23:17:04Z
195136374,https://github.com/PsyLogic/exerciceGAC,PsyLogic,2019-07-03T22:59:40Z
195132931,https://github.com/cilolata/DH-PHP,cilolata,2019-07-03T22:15:43Z
195132387,https://github.com/giuliano-divita/musement-test,giuliano-divita,2019-07-03T22:09:57Z
195131960,https://github.com/MohammadYMAlhussain/my-project,MohammadYMAlhussain,2019-07-03T22:04:54Z
195137033,https://github.com/deepak477/miniexample,deepak477,2019-07-03T23:08:54Z
195134858,https://github.com/RillistikPete/laravelAPI-rtm,RillistikPete,2019-07-03T22:38:53Z
195132941,https://github.com/mgtaquino/dh_php,mgtaquino,2019-07-03T22:15:48Z
195136827,https://github.com/mat1asl0pez/Transform.ar,mat1asl0pez,2019-07-03T23:05:59Z
195136864,https://github.com/silvi97lila/library,silvi97lila,2019-07-03T23:06:32Z
195133150,https://github.com/irailtonreis/dh-php,irailtonreis,2019-07-03T22:18:05Z
195139839,https://github.com/sumpygump/rumble-text,sumpygump,2019-07-03T23:43:18Z
195134289,https://github.com/ddouglas/auth,ddouglas,2019-07-03T22:31:55Z
195136889,https://github.com/Mysfer/ligmogi,Mysfer,2019-07-03T23:06:59Z
195137487,https://github.com/jaysoni-india/NewsApp,jaysoni-india,2019-07-03T23:13:20Z
195135381,https://github.com/mobyinc/craft-twitter-feed,mobyinc,2019-07-03T22:45:31Z
195136153,https://github.com/mmjosedaniel/Platzi-Laravel-Course,mmjosedaniel,2019-07-03T22:56:17Z
195136381,https://github.com/megonesia-academy/learn-ci,megonesia-academy,2019-07-03T22:59:51Z
195136102,https://github.com/RyanHaskins/CSY2028_Assignment1,RyanHaskins,2019-07-03T22:55:13Z
195133732,https://github.com/biljana-sretenoska/wordpress_webpage,biljana-sretenoska,2019-07-03T22:25:19Z
195137556,https://github.com/magento-2019/euro,magento-2019,2019-07-03T23:14:27Z
195137621,https://github.com/lbhurtado/ballot-omr,lbhurtado,2019-07-03T23:15:31Z
195132763,https://github.com/laisguttilla/dh-php,laisguttilla,2019-07-03T22:14:07Z
195132935,https://github.com/daviseo92/DH-PHP,daviseo92,2019-07-03T22:15:45Z
195132728,https://github.com/LimaRubson/Projeto-Gastronomia-PHP,LimaRubson,2019-07-03T22:13:46Z
195140433,https://github.com/misha987/yiiInterTechTest,misha987,2019-07-03T23:52:23Z
195132411,https://github.com/MUTUAL-DE-SERVICIOS-AL-POLICIA/PVT,MUTUAL-DE-SERVICIOS-AL-POLICIA,2019-07-03T22:10:09Z
195140765,https://github.com/November7/MoodlePlugins,November7,2019-07-03T23:56:42Z
195132470,https://github.com/TransitDigitale/givepower-sync,TransitDigitale,2019-07-03T22:10:48Z
195132920,https://github.com/SergioBlaster/DH-PHP,SergioBlaster,2019-07-03T22:15:39Z
195132934,https://github.com/juliano95/DH-PHP,juliano95,2019-07-03T22:15:45Z
195133020,https://github.com/PauloMacario/DH-PHP,PauloMacario,2019-07-03T22:16:38Z
195133945,https://github.com/RyanHaskins/CSY2028_Assignment2,RyanHaskins,2019-07-03T22:27:58Z
195135954,https://github.com/aramgyulnazaryan/task-management,aramgyulnazaryan,2019-07-03T22:53:17Z
195139427,https://github.com/BePenques/SiteIdealLab,BePenques,2019-07-03T23:37:08Z
195133105,https://github.com/rvbx/DH-PHP,rvbx,2019-07-03T22:17:32Z
195133565,https://github.com/ElrohirGT/Opera-Minas,ElrohirGT,2019-07-03T22:23:00Z
195135591,https://github.com/andri86/yudanjib,andri86,2019-07-03T22:48:14Z
195132923,https://github.com/vtorres96/DH-PHP,vtorres96,2019-07-03T22:15:40Z
195134870,https://github.com/eliasngumbi998/Student-Clearance-System,eliasngumbi998,2019-07-03T22:39:03Z
195131529,https://github.com/angelobarbara/php_2DAW,angelobarbara,2019-07-03T22:00:02Z
195138118,https://github.com/rpahlevy/laravel-adminlte3,rpahlevy,2019-07-03T23:18:41Z
195132942,https://github.com/pollytakisita/DH-PHP,pollytakisita,2019-07-03T22:15:48Z
195132929,https://github.com/leonardo-openheimer/dh-js-php,leonardo-openheimer,2019-07-03T22:15:43Z
195133196,https://github.com/gkonyev/webpagelaravel,gkonyev,2019-07-03T22:18:35Z
195133884,https://github.com/MariannyNalini/taxi-vida,MariannyNalini,2019-07-03T22:27:15Z
195133246,https://github.com/krg25/laravel2,krg25,2019-07-03T22:19:07Z
195137281,https://github.com/guoxuantong/web-technology-project,guoxuantong,2019-07-03T23:09:55Z
195132775,https://github.com/raul-rangel/DH-PHP,raul-rangel,2019-07-03T22:14:16Z
195132347,https://github.com/GaryCheng4549/prosperous-foundation,GaryCheng4549,2019-07-03T22:09:20Z
195132559,https://github.com/panduro97/pos2,panduro97,2019-07-03T22:11:44Z
195132917,https://github.com/alak1414/DH-PHP,alak1414,2019-07-03T22:15:38Z
195132949,https://github.com/ValMaier/dh-php,ValMaier,2019-07-03T22:15:53Z
195134341,https://github.com/ravenclaw0902/kgk-global.com,ravenclaw0902,2019-07-03T22:32:37Z
195136516,https://github.com/borjesbordell/verisure,borjesbordell,2019-07-03T23:01:37Z
195136897,https://github.com/izksher/pdac,izksher,2019-07-03T23:07:03Z
195140401,https://github.com/marciohenrique1305/php,marciohenrique1305,2019-07-03T23:51:58Z
195137558,https://github.com/arader37/Quiz,arader37,2019-07-03T23:14:27Z
195132800,https://github.com/marceloferracini/DH-PHP,marceloferracini,2019-07-03T22:14:27Z
195132937,https://github.com/grynhas/DH-PHP,grynhas,2019-07-03T22:15:47Z
195132394,https://github.com/JaredJHZ/NotificacionesPHP,JaredJHZ,2019-07-03T22:10:01Z
195133320,https://github.com/Boluwarin001/IoT-map,Boluwarin001,2019-07-03T22:20:07Z
195139093,https://github.com/paulo280799/RegistraClinicPscicoWEB,paulo280799,2019-07-03T23:32:12Z
195136491,https://github.com/kscottwordsmith/learning-experience,kscottwordsmith,2019-07-03T23:01:22Z
195136520,https://github.com/vininribeiro23/DH-PHP,vininribeiro23,2019-07-03T23:01:40Z
195136700,https://github.com/FCDUcommunism/retejo,FCDUcommunism,2019-07-03T23:03:59Z
195136825,https://github.com/Darkflib/startpage,Darkflib,2019-07-03T23:05:57Z
195134459,https://github.com/MariannyNalini/precious-brazil,MariannyNalini,2019-07-03T22:34:08Z
195135148,https://github.com/unkobweb/blog,unkobweb,2019-07-03T22:42:32Z
195140832,https://github.com/NataliMamedova2/rest_api,NataliMamedova2,2019-07-03T23:57:31Z
195138866,https://github.com/aniksust/cloudex,aniksust,2019-07-03T23:28:39Z
195132928,https://github.com/rodrigovilches13/DH-PHP,rodrigovilches13,2019-07-03T22:15:43Z
195133037,https://github.com/shoogaki/Task,shoogaki,2019-07-03T22:16:49Z
195133800,https://github.com/theolaye/Unniversitee,theolaye,2019-07-03T22:26:07Z
195140358,https://github.com/AndreiSystem/Entra21-PHP,AndreiSystem,2019-07-03T23:51:12Z
195140726,https://github.com/WangaiJM/businessListing,WangaiJM,2019-07-03T23:56:12Z
195134693,https://github.com/jonathanarieln/RentCar,jonathanarieln,2019-07-03T22:36:51Z
195138240,https://github.com/barcadictni/ccsn,barcadictni,2019-07-03T23:20:10Z
195132955,https://github.com/fernando-matallo/DH-PHP,fernando-matallo,2019-07-03T22:15:55Z