41182448,https://github.com/steveperry-53/examples-go,steveperry-53,2015-08-21T23:52:00Z
41182409,https://github.com/pdt256/vbratings,pdt256,2015-08-21T23:50:35Z
41181186,https://github.com/eoinkelly/hello_go,eoinkelly,2015-08-21T23:06:22Z