85295298,https://github.com/spatie/laravel-db-snapshots,spatie,2017-03-17T09:39:15Z
85296357,https://github.com/YahnisElsts/admin-notices,YahnisElsts,2017-03-17T09:49:55Z
85295789,https://github.com/teamneusta/codeception-docker-chrome,teamneusta,2017-03-17T09:44:27Z
85292817,https://github.com/mondrake/drudbal,mondrake,2017-03-17T09:15:00Z
85294192,https://github.com/charsme/simple-router,charsme,2017-03-17T09:28:22Z
85296299,https://github.com/imTigger/laravel-settings-ui,imTigger,2017-03-17T09:49:10Z
85292879,https://github.com/wongm/walki,wongm,2017-03-17T09:15:38Z
85295062,https://github.com/kanchankhatri/trip_sort,kanchankhatri,2017-03-17T09:37:02Z
85296569,https://github.com/floretan/drupal-training,floretan,2017-03-17T09:52:06Z
85294776,https://github.com/Schnatteraffe/AJAX-Kontaktformular,Schnatteraffe,2017-03-17T09:34:01Z
85293580,https://github.com/dmelich/yetipress,dmelich,2017-03-17T09:22:24Z
85295196,https://github.com/iPaya/yii2-alert,iPaya,2017-03-17T09:38:21Z
85293357,https://github.com/ambulanceservice/AmbulanceService,ambulanceservice,2017-03-17T09:20:25Z
85295733,https://github.com/openeuropa/code-review,openeuropa,2017-03-17T09:43:47Z
85293866,https://github.com/Zyg0m4t1k/graphs,Zyg0m4t1k,2017-03-17T09:25:10Z
85295525,https://github.com/floatj/AppleSeed,floatj,2017-03-17T09:41:46Z
85292495,https://github.com/rodge2016/m21,rodge2016,2017-03-17T09:11:46Z
85296253,https://github.com/audumart/martin,audumart,2017-03-17T09:48:43Z
85292273,https://github.com/SMuhammed/lab,SMuhammed,2017-03-17T09:09:16Z
85292383,https://github.com/gutewebsites/featured-snippet-plugin,gutewebsites,2017-03-17T09:10:33Z
85291643,https://github.com/gauravjos/damn-vulnerable-webapp,gauravjos,2017-03-17T09:02:41Z
85297234,https://github.com/hmichelkernix/test,hmichelkernix,2017-03-17T09:59:53Z
85292465,https://github.com/benjamin-garnier/CodeInjector,benjamin-garnier,2017-03-17T09:11:27Z
85293871,https://github.com/Riverszhou/bbs,Riverszhou,2017-03-17T09:25:13Z
85294332,https://github.com/abbas980301/startkit,abbas980301,2017-03-17T09:29:45Z
85292192,https://github.com/demoxu/github_bash,demoxu,2017-03-17T09:08:26Z
85297205,https://github.com/brijeshpatil/artgallaryREPO,brijeshpatil,2017-03-17T09:59:28Z
85292901,https://github.com/xkxk1248/mns,xkxk1248,2017-03-17T09:15:53Z
85294870,https://github.com/sithu05/Online-Libarray,sithu05,2017-03-17T09:34:59Z
85291995,https://github.com/chubinbin/phpcode,chubinbin,2017-03-17T09:06:16Z
85292918,https://github.com/Zyg0m4t1k/todo,Zyg0m4t1k,2017-03-17T09:16:07Z
85296677,https://github.com/ennovative/SalesforceTrainingLMS,ennovative,2017-03-17T09:53:14Z
85295598,https://github.com/bramstroker/zf3-migration-tools,bramstroker,2017-03-17T09:42:27Z
85291664,https://github.com/eellak/eellak_opengov_services_generic,eellak,2017-03-17T09:02:55Z
85295864,https://github.com/dennis-leeyinghui/deep-in-taiwan,dennis-leeyinghui,2017-03-17T09:45:11Z
85295935,https://github.com/dre4success/firstRepo,dre4success,2017-03-17T09:45:45Z
85294094,https://github.com/weshuiz/weshuiz.github.io,weshuiz,2017-03-17T09:27:26Z
85295300,https://github.com/Digman/digphp,Digman,2017-03-17T09:39:16Z
85294854,https://github.com/voidliududu/wechat,voidliududu,2017-03-17T09:34:48Z
85293300,https://github.com/iraklitbz/estudiobonhomia,iraklitbz,2017-03-17T09:19:57Z
85295506,https://github.com/christopher73/SmallBankingSystem,christopher73,2017-03-17T09:41:37Z
85294585,https://github.com/Mahantesh-A-Policepatil/CurrencyConverterProject,Mahantesh-A-Policepatil,2017-03-17T09:32:03Z
85296298,https://github.com/alexandrasommar/grafiska,alexandrasommar,2017-03-17T09:49:07Z
85292610,https://github.com/TUBbrain/Montfermeil,TUBbrain,2017-03-17T09:12:54Z
85291985,https://github.com/mmh847736367/command-series,mmh847736367,2017-03-17T09:06:10Z
85291756,https://github.com/dekalee/cdn77-bundle,dekalee,2017-03-17T09:03:38Z
85292950,https://github.com/ac-deathlock/RegistrationPortal,ac-deathlock,2017-03-17T09:16:25Z
85296220,https://github.com/woodylan/math,woodylan,2017-03-17T09:48:30Z
85292809,https://github.com/Neirda24/ironweb-formation,Neirda24,2017-03-17T09:14:56Z
85293920,https://github.com/techjoomla/terms-conditions-manager,techjoomla,2017-03-17T09:25:45Z
85293168,https://github.com/Zyg0m4t1k/jeebase,Zyg0m4t1k,2017-03-17T09:18:46Z
85293347,https://github.com/ilyass1991/Premier_Programme_PHP,ilyass1991,2017-03-17T09:20:21Z
85291692,https://github.com/rogerlh/sample,rogerlh,2017-03-17T09:03:10Z
85296018,https://github.com/Jahdara/kayoderepo,Jahdara,2017-03-17T09:46:31Z
85292187,https://github.com/Grosesdorf/parser-test.local,Grosesdorf,2017-03-17T09:08:24Z
85296998,https://github.com/imTigger/laravel-crud,imTigger,2017-03-17T09:57:01Z
85295538,https://github.com/a-madhuakar7/github-workflow-project,a-madhuakar7,2017-03-17T09:41:52Z
85296081,https://github.com/Ayodele1928/new_repository,Ayodele1928,2017-03-17T09:47:08Z
85296263,https://github.com/satori-php/application,satori-php,2017-03-17T09:48:50Z
85296438,https://github.com/akv/Detention-Calculator,akv,2017-03-17T09:50:48Z
85292017,https://github.com/picios/dottedarray,picios,2017-03-17T09:06:30Z
85295368,https://github.com/nallathaikala/test,nallathaikala,2017-03-17T09:40:09Z
85293942,https://github.com/BartholomewSchool/hello-world-2017-JamieBeland,BartholomewSchool,2017-03-17T09:25:56Z
85294948,https://github.com/cre-ne-jp/SrwWikiSummaryTemplateEditor,cre-ne-jp,2017-03-17T09:35:51Z
85296611,https://github.com/gracetommy/new_work,gracetommy,2017-03-17T09:52:31Z