121177099,https://github.com/varrcan/telegram.send,varrcan,2018-02-11T23:15:11Z
121177979,https://github.com/marffm/GraphQL-Opencart,marffm,2018-02-11T23:28:04Z
121179826,https://github.com/officialwedevgames/splash-rathena,officialwedevgames,2018-02-11T23:57:03Z
121179043,https://github.com/ShereenMamdouh/A-Basic-abstract-website,ShereenMamdouh,2018-02-11T23:45:52Z
121177793,https://github.com/diaodiallo/Pub-articles,diaodiallo,2018-02-11T23:25:05Z
121177850,https://github.com/uneven39/st-test,uneven39,2018-02-11T23:26:00Z
121176462,https://github.com/supriyapai/Online-Tutoring-Scheduling-Application,supriyapai,2018-02-11T23:06:36Z
121176060,https://github.com/levelten/wp-intelligence-example-addon,levelten,2018-02-11T23:00:53Z
121177278,https://github.com/gingermamba32/gotsmacked,gingermamba32,2018-02-11T23:17:31Z
121177796,https://github.com/MysteryCode/de.mysterycode.shop.wcf.server.packagesniffer,MysteryCode,2018-02-11T23:25:06Z
121177002,https://github.com/kamal2286291/laravel_introduction,kamal2286291,2018-02-11T23:13:53Z
121179254,https://github.com/Rivasf1010/php,Rivasf1010,2018-02-11T23:49:03Z
121178014,https://github.com/MartinN3/xml-composer,MartinN3,2018-02-11T23:28:47Z
121179207,https://github.com/vincseize/avicene,vincseize,2018-02-11T23:48:21Z
121176711,https://github.com/Sclifie/engine,Sclifie,2018-02-11T23:09:51Z
121177133,https://github.com/ArunSahadeo/DVLA-Checker,ArunSahadeo,2018-02-11T23:15:35Z
121177797,https://github.com/jwerd/potusinspired,jwerd,2018-02-11T23:25:06Z
121176291,https://github.com/Miguelguty/parquyn,Miguelguty,2018-02-11T23:04:14Z
121179474,https://github.com/soffandluffy/P1ukom,soffandluffy,2018-02-11T23:51:59Z
121179744,https://github.com/dogfishcat/blank,dogfishcat,2018-02-11T23:55:46Z
121176811,https://github.com/aleksey344/3aindex,aleksey344,2018-02-11T23:11:12Z
121176874,https://github.com/aleksey344/ccrate,aleksey344,2018-02-11T23:12:08Z
121177032,https://github.com/sixthousandmachines/dj,sixthousandmachines,2018-02-11T23:14:15Z
121177196,https://github.com/oarangel/p2,oarangel,2018-02-11T23:16:25Z
121176558,https://github.com/luisfpc91/carreras,luisfpc91,2018-02-11T23:07:52Z
121178727,https://github.com/Cymoe/begin-wp,Cymoe,2018-02-11T23:40:50Z
121179653,https://github.com/vincseize/codeigniter,vincseize,2018-02-11T23:54:29Z
121176129,https://github.com/EvolveTechDev/Web,EvolveTechDev,2018-02-11T23:01:47Z
121179557,https://github.com/bradreed/vue-chat,bradreed,2018-02-11T23:53:15Z
121177480,https://github.com/flayfl/laravel-xslt,flayfl,2018-02-11T23:20:26Z
121177613,https://github.com/ImagineDesignDevelop/PHP_OOP_DB_Connection,ImagineDesignDevelop,2018-02-11T23:22:31Z
121176855,https://github.com/shadoll/sLetter,shadoll,2018-02-11T23:11:55Z
121176750,https://github.com/neofelle/cwch,neofelle,2018-02-11T23:10:24Z
121178094,https://github.com/VictorAlagwu/connectus,VictorAlagwu,2018-02-11T23:30:02Z