114156097,https://github.com/GoogleCloudPlatform/grpc-gcp-go,GoogleCloudPlatform,2017-12-13T18:39:14Z
114155887,https://github.com/qubist/holobot,qubist,2017-12-13T18:36:58Z
114154321,https://github.com/titufabi/cloudtorrent,titufabi,2017-12-13T18:19:48Z
114157519,https://github.com/Danzabar/gorge,Danzabar,2017-12-13T18:55:08Z
114154441,https://github.com/allanw/pricing,allanw,2017-12-13T18:21:22Z
114155120,https://github.com/bayrinat/median,bayrinat,2017-12-13T18:28:31Z
114155540,https://github.com/1and1/bosh-oneandone-cpi,1and1,2017-12-13T18:32:57Z
114152557,https://github.com/irahel/Key-Value-Server-RPC,irahel,2017-12-13T18:00:16Z
114152902,https://github.com/irahel/TCP-RPC-Client-Server-CRUD-with-crypto-Rsa,irahel,2017-12-13T18:03:43Z
114155334,https://github.com/mattmoor/hello-apiserver,mattmoor,2017-12-13T18:30:56Z
114154729,https://github.com/Trolbridge/Golang_training,Trolbridge,2017-12-13T18:24:33Z
114155687,https://github.com/atugade/zita,atugade,2017-12-13T18:34:39Z