208202191,https://github.com/brainstormforce/pre-publish-checklist,brainstormforce,2019-09-13T05:36:23Z
208201203,https://github.com/jhulbriner/P,jhulbriner,2019-09-13T05:27:11Z
208198865,https://github.com/kwaknit/findnoy-api-prototype,kwaknit,2019-09-13T05:04:11Z
208199376,https://github.com/nvlinh1309/matchingSite,nvlinh1309,2019-09-13T05:09:28Z
208204530,https://github.com/saisidhartha/azurephp,saisidhartha,2019-09-13T05:57:44Z
208203541,https://github.com/fervidum/f9jobs,fervidum,2019-09-13T05:48:16Z
208200649,https://github.com/Tiepjimmy/xiso,Tiepjimmy,2019-09-13T05:21:52Z
208200761,https://github.com/Lavaret/pswebservice,Lavaret,2019-09-13T05:22:56Z
208204291,https://github.com/vasudevareddyreddem/e_health,vasudevareddyreddem,2019-09-13T05:55:08Z
208203116,https://github.com/Rupeshcodes/myeksas_database,Rupeshcodes,2019-09-13T05:45:07Z
208202479,https://github.com/romanogarcia/calculate-commission,romanogarcia,2019-09-13T05:39:05Z
208202495,https://github.com/laraecomadminer/lara_ecom,laraecomadminer,2019-09-13T05:39:12Z
208203296,https://github.com/worttreffer/epoint,worttreffer,2019-09-13T05:46:27Z
208201998,https://github.com/prakashbhagat/online-test,prakashbhagat,2019-09-13T05:34:41Z
208204156,https://github.com/m6t9/translation-plugin,m6t9,2019-09-13T05:53:49Z
208204057,https://github.com/andrie1240/andrie,andrie1240,2019-09-13T05:53:01Z
208200747,https://github.com/sebastianuswongso/test-reward,sebastianuswongso,2019-09-13T05:22:50Z
208199150,https://github.com/yatharth2209/Three-Level-Authentication-System,yatharth2209,2019-09-13T05:07:04Z
208204425,https://github.com/PavanAnanthula/Itc-309-STU,PavanAnanthula,2019-09-13T05:56:35Z
208204284,https://github.com/Alexfm101/laravelProyect,Alexfm101,2019-09-13T05:55:03Z
208203470,https://github.com/akumar6841/ip-project,akumar6841,2019-09-13T05:47:37Z
208204357,https://github.com/bengal11/bengal11.github.io,bengal11,2019-09-13T05:55:52Z
208203878,https://github.com/pdima88/icms2elasticsearch,pdima88,2019-09-13T05:51:20Z
208200848,https://github.com/RIDOS/34,RIDOS,2019-09-13T05:23:48Z
208203523,https://github.com/bbz-biel-informatik/php,bbz-biel-informatik,2019-09-13T05:48:06Z
208200330,https://github.com/hash52/gcp,hash52,2019-09-13T05:18:38Z
208202699,https://github.com/pietermadyo/GABUDNUS,pietermadyo,2019-09-13T05:41:15Z
208204485,https://github.com/jhulbriner/Roles,jhulbriner,2019-09-13T05:57:13Z
208201950,https://github.com/102419310/HD-task,102419310,2019-09-13T05:34:11Z
208201291,https://github.com/project-back-end/admin-sb,project-back-end,2019-09-13T05:28:07Z
208202822,https://github.com/lichihua/test,lichihua,2019-09-13T05:42:24Z
208200391,https://github.com/MohanadAlShamey/app,MohanadAlShamey,2019-09-13T05:19:25Z
208198691,https://github.com/sabujsarker/my_blog,sabujsarker,2019-09-13T05:02:32Z
208202933,https://github.com/modelfak/shop,modelfak,2019-09-13T05:43:38Z
208201569,https://github.com/sanmai/hoa-compiler,sanmai,2019-09-13T05:30:38Z