192217584,https://github.com/sixoverground/node-for-rails-lovers,sixoverground,2019-06-16T17:17:53Z
192218836,https://github.com/yinLiangDream/mp-colorui-weapp,yinLiangDream,2019-06-16T17:32:32Z
192217368,https://github.com/gdoenlen/dx-gui,gdoenlen,2019-06-16T17:15:05Z
192218640,https://github.com/scorum/scorum-connect,scorum,2019-06-16T17:30:13Z
192218331,https://github.com/anirudhrata/Minesweeper-Frida,anirudhrata,2019-06-16T17:26:36Z
192217828,https://github.com/s0/gatsby-remark-tree-sitter,s0,2019-06-16T17:20:38Z
192220786,https://github.com/moiseshilario/delivery-app-back,moiseshilario,2019-06-16T17:54:22Z
192220255,https://github.com/adobe/helix-status,adobe,2019-06-16T17:47:58Z
192218506,https://github.com/guilhXavier/bot-dos-amigos,guilhXavier,2019-06-16T17:28:36Z
192216256,https://github.com/royal2710/node-socket-io-server,royal2710,2019-06-16T17:02:00Z
192218606,https://github.com/davidedantonio/nodejs-course,davidedantonio,2019-06-16T17:29:46Z
192216732,https://github.com/hefanyu1996/ssm-backstageManage,hefanyu1996,2019-06-16T17:07:58Z
192218798,https://github.com/roni3103/trading-card-app,roni3103,2019-06-16T17:32:09Z
192218301,https://github.com/oze4/ugonnawin-slash-commands,oze4,2019-06-16T17:26:15Z
192221253,https://github.com/nsdonato/FinalEstacionMeteorologica,nsdonato,2019-06-16T17:59:42Z
192220344,https://github.com/marcosmartinez7/infuy-sc-workshop,marcosmartinez7,2019-06-16T17:49:06Z
192216095,https://github.com/joedaniels/React-Weather,joedaniels,2019-06-16T17:00:10Z
192218335,https://github.com/episphere/ai,episphere,2019-06-16T17:26:40Z
192217207,https://github.com/SL0TR/data-representation-table,SL0TR,2019-06-16T17:13:05Z
192218368,https://github.com/Qiugu-He/Note-APP,Qiugu-He,2019-06-16T17:27:10Z
192221201,https://github.com/cristalnaya/react-pomodoro-clock,cristalnaya,2019-06-16T17:58:59Z
192220956,https://github.com/PMalinowski00/zadanie_17.3,PMalinowski00,2019-06-16T17:56:17Z
192220978,https://github.com/sadnessOjisan/gatsby-remark-images-without-bg,sadnessOjisan,2019-06-16T17:56:31Z
192221010,https://github.com/gavinalfons/Recipe-search-ReactJS,gavinalfons,2019-06-16T17:56:55Z
192220686,https://github.com/Irinnahar/react-redux-basic,Irinnahar,2019-06-16T17:53:02Z
192220707,https://github.com/giulianoLacerda/estudo-biblico-app,giulianoLacerda,2019-06-16T17:53:15Z
192220747,https://github.com/somramnani/Fullstack-Boilerplate,somramnani,2019-06-16T17:53:51Z
192219578,https://github.com/FirstDrectar/pornofilm_fanpage,FirstDrectar,2019-06-16T17:40:18Z
192219584,https://github.com/cedric05/MemoryGame01,cedric05,2019-06-16T17:40:22Z
192218955,https://github.com/MarcinusX/temp_repo,MarcinusX,2019-06-16T17:33:55Z
192216569,https://github.com/Nlopierre/kevn,Nlopierre,2019-06-16T17:06:01Z
192216594,https://github.com/ssinghaldev/10_days_JS,ssinghaldev,2019-06-16T17:06:23Z
192217033,https://github.com/safiyat/hyper-conf,safiyat,2019-06-16T17:11:21Z
192217093,https://github.com/JiaEn182445u/ooadp_jiaen,JiaEn182445u,2019-06-16T17:11:58Z
192217173,https://github.com/ayang726/friend-finder,ayang726,2019-06-16T17:12:49Z
192216422,https://github.com/susy-js/sophys.js,susy-js,2019-06-16T17:04:09Z
192218389,https://github.com/berheg/sample,berheg,2019-06-16T17:27:19Z
192218644,https://github.com/omrilotan/finjan,omrilotan,2019-06-16T17:30:15Z
192218577,https://github.com/JuanIrache/traversy-react-exercises,JuanIrache,2019-06-16T17:29:24Z
192217157,https://github.com/Geo1088/chrome-notifications-test-case,Geo1088,2019-06-16T17:12:39Z
192220913,https://github.com/stephenpoole/poe-trade-whispers-extension,stephenpoole,2019-06-16T17:55:46Z
192220998,https://github.com/ji-sooo2/Parasite,ji-sooo2,2019-06-16T17:56:46Z
192221143,https://github.com/daraln/Canvas-Rain,daraln,2019-06-16T17:58:26Z
192218909,https://github.com/VisheshSingh/ui-library,VisheshSingh,2019-06-16T17:33:22Z
192218429,https://github.com/AdamG123000/liri-node-app,AdamG123000,2019-06-16T17:27:47Z
192220593,https://github.com/datauser456/front,datauser456,2019-06-16T17:51:52Z
192220674,https://github.com/webdesigning311/mod-5,webdesigning311,2019-06-16T17:52:50Z
192217251,https://github.com/MarouaneBouaricha/AddTask,MarouaneBouaricha,2019-06-16T17:13:36Z
192217342,https://github.com/PrchalTomas/trello-card-attachment-downloader,PrchalTomas,2019-06-16T17:14:49Z
192217372,https://github.com/houssem2005/bad,houssem2005,2019-06-16T17:15:06Z
192217050,https://github.com/Frozenaha/IM,Frozenaha,2019-06-16T17:11:34Z
192217516,https://github.com/bearhsiang/faceFood,bearhsiang,2019-06-16T17:17:05Z
192217572,https://github.com/leoaraujocosta/adopt-me,leoaraujocosta,2019-06-16T17:17:41Z
192220240,https://github.com/khuram66/EBazarUI,khuram66,2019-06-16T17:47:51Z
192220341,https://github.com/q134678123/bangbang_node,q134678123,2019-06-16T17:49:04Z
192216539,https://github.com/lilwayne470/financial-tree,lilwayne470,2019-06-16T17:05:33Z
192220640,https://github.com/pedoch/todo-list,pedoch,2019-06-16T17:52:25Z
192219883,https://github.com/rbmanez/TTA-JavaScript-Projects,rbmanez,2019-06-16T17:43:58Z
192218878,https://github.com/petebdeblois/Tutorials,petebdeblois,2019-06-16T17:33:00Z
192220824,https://github.com/a1ek5borodai/trainee-tests,a1ek5borodai,2019-06-16T17:54:50Z
192220926,https://github.com/ahmedbasheer01/Maps_EarthQuakes,ahmedbasheer01,2019-06-16T17:55:54Z
192220952,https://github.com/joeyfoo/basic-lightbox,joeyfoo,2019-06-16T17:56:16Z
192219818,https://github.com/pooryak/HtmlTest,pooryak,2019-06-16T17:43:16Z
192220099,https://github.com/pooryak/reacttest,pooryak,2019-06-16T17:46:23Z
192217785,https://github.com/ravi221/reack-hooks-sidedrawer-16062019,ravi221,2019-06-16T17:20:04Z
192218521,https://github.com/oarsyonov/BookSearch,oarsyonov,2019-06-16T17:28:44Z
192218846,https://github.com/shenae/shenaesimmons.com,shenae,2019-06-16T17:32:38Z
192217240,https://github.com/paveleroshkinweb/PIG_JS,paveleroshkinweb,2019-06-16T17:13:24Z
192217017,https://github.com/samanmohamadi/arvanchallange,samanmohamadi,2019-06-16T17:11:11Z
192217523,https://github.com/ebans/nodejs,ebans,2019-06-16T17:17:09Z
192217545,https://github.com/Fernandoborgesjr/instaclone_backend,Fernandoborgesjr,2019-06-16T17:17:26Z
192217666,https://github.com/catmandu/DebtTracker,catmandu,2019-06-16T17:18:49Z
192217711,https://github.com/TatuPutto/form-generator,TatuPutto,2019-06-16T17:19:18Z
192218045,https://github.com/borsha06/counter,borsha06,2019-06-16T17:23:11Z
192216138,https://github.com/anandshastri1990/javascript-higer-order-functions,anandshastri1990,2019-06-16T17:00:37Z
192221171,https://github.com/lastminute84/beach-resorts,lastminute84,2019-06-16T17:58:40Z
192216427,https://github.com/marcondol/xenditassesment,marcondol,2019-06-16T17:04:12Z
192220226,https://github.com/Ivory95/react_laravel_todo_0617,Ivory95,2019-06-16T17:47:44Z
192218463,https://github.com/priyankaa02/cis-react-test,priyankaa02,2019-06-16T17:28:12Z
192217238,https://github.com/noobek911/agar,noobek911,2019-06-16T17:13:23Z
192216972,https://github.com/SitanHuang/BS-Cheats,SitanHuang,2019-06-16T17:10:41Z
192217703,https://github.com/michaelabee/LIRI-bot,michaelabee,2019-06-16T17:19:11Z
192218230,https://github.com/marchelo1/kviz,marchelo1,2019-06-16T17:25:24Z
192218352,https://github.com/borsha06/counter-redux,borsha06,2019-06-16T17:26:54Z
192220085,https://github.com/jakub-kopec/14.7,jakub-kopec,2019-06-16T17:46:14Z
192220767,https://github.com/Gagan2910/HartonTransport,Gagan2910,2019-06-16T17:54:05Z
192219749,https://github.com/leglabre/robofriends2,leglabre,2019-06-16T17:42:33Z
192218882,https://github.com/Andrew428/simple-social,Andrew428,2019-06-16T17:33:03Z
192217606,https://github.com/Luci04/node-chat-app,Luci04,2019-06-16T17:18:06Z
192216866,https://github.com/CosmoXxX/ELoW,CosmoXxX,2019-06-16T17:09:23Z
192218071,https://github.com/Fernandoborgesjr/instaclone_frontend,Fernandoborgesjr,2019-06-16T17:23:28Z
192218925,https://github.com/demoraeshugo/Pig-Game,demoraeshugo,2019-06-16T17:33:31Z
192218958,https://github.com/Edusorrentino10/Jogo-da-Velha,Edusorrentino10,2019-06-16T17:33:57Z
192220590,https://github.com/Chanran/notebook,Chanran,2019-06-16T17:51:48Z
192219560,https://github.com/Emma319/ArcadeGame,Emma319,2019-06-16T17:40:08Z
192219703,https://github.com/sggkjihua/SpringBoot-blog,sggkjihua,2019-06-16T17:41:52Z
192219198,https://github.com/RSmetanyuk/home-monitor-client,RSmetanyuk,2019-06-16T17:36:33Z
192216414,https://github.com/nithesh0791/native-code-pwa,nithesh0791,2019-06-16T17:03:59Z
192217895,https://github.com/justin-u/linkder,justin-u,2019-06-16T17:21:21Z
192217363,https://github.com/Victor-Fiamoncini/dev-connector-react,Victor-Fiamoncini,2019-06-16T17:14:59Z
192217363,https://github.com/Victor-Fiamoncini/dev-connector-react,Victor-Fiamoncini,2019-06-16T17:14:59Z
192220951,https://github.com/katharinecooney/javascript30-project8-htmlCanvas,katharinecooney,2019-06-16T17:56:16Z
192220533,https://github.com/NovemberFall/DiceGame_javaScriptProject,NovemberFall,2019-06-16T17:51:09Z
192219530,https://github.com/yoej262/aws-todo,yoej262,2019-06-16T17:39:53Z
192219380,https://github.com/sarthakgithub/webpack,sarthakgithub,2019-06-16T17:38:28Z
192218372,https://github.com/AkramMagdy/WebApp_reservation,AkramMagdy,2019-06-16T17:27:11Z
192216236,https://github.com/EricBoittier/EricBoittier.github.io,EricBoittier,2019-06-16T17:01:41Z
192216688,https://github.com/aglotoff/future,aglotoff,2019-06-16T17:07:32Z
192216802,https://github.com/MazenGamer2005/MPF,MazenGamer2005,2019-06-16T17:08:45Z
192216498,https://github.com/hoanganhduong3010/ahuhubuon,hoanganhduong3010,2019-06-16T17:05:02Z
192217888,https://github.com/ayush2304/First_Step-Node.js-develop,ayush2304,2019-06-16T17:21:17Z
192216887,https://github.com/AmitFeldman/MovieTheatreProject,AmitFeldman,2019-06-16T17:09:37Z
192218664,https://github.com/j4ckp0w15g4y/jack-portfolio,j4ckp0w15g4y,2019-06-16T17:30:27Z
192216944,https://github.com/wooferzfg/tww-rando-stats,wooferzfg,2019-06-16T17:10:24Z
192217005,https://github.com/Sean12697/Untappd-Scrapper,Sean12697,2019-06-16T17:11:01Z
192216366,https://github.com/b9e/corner-store,b9e,2019-06-16T17:03:19Z
192217165,https://github.com/CesarRivasP/expenses,CesarRivasP,2019-06-16T17:12:43Z
192217201,https://github.com/joebochill/git-switch,joebochill,2019-06-16T17:13:00Z
192217428,https://github.com/Dhivya-Vijayaragavan/shop,Dhivya-Vijayaragavan,2019-06-16T17:15:48Z
192216836,https://github.com/valecrisq/bookmarks,valecrisq,2019-06-16T17:09:07Z
192220182,https://github.com/olanrewaju-adesanya/lanray.github.io,olanrewaju-adesanya,2019-06-16T17:47:18Z
192220495,https://github.com/netajik/tic-tac-toe,netajik,2019-06-16T17:50:45Z
192220505,https://github.com/claraayala/TriviaGame,claraayala,2019-06-16T17:50:53Z
192220726,https://github.com/psr1919plus21/stif2.0,psr1919plus21,2019-06-16T17:53:33Z
192216537,https://github.com/Lavafeed/lava,Lavafeed,2019-06-16T17:05:31Z
192217467,https://github.com/airburst/d3-timeline,airburst,2019-06-16T17:16:30Z
192217468,https://github.com/rebeccaswebsite/uncrypted-frontend,rebeccaswebsite,2019-06-16T17:16:30Z
192217767,https://github.com/LeShawnEdouard/The-View,LeShawnEdouard,2019-06-16T17:19:49Z
192218595,https://github.com/borsha06/Form,borsha06,2019-06-16T17:29:40Z
192218713,https://github.com/dema501/magento2-pagebuilderfaq,dema501,2019-06-16T17:31:11Z
192219158,https://github.com/RSmetanyuk/home-monitor-server,RSmetanyuk,2019-06-16T17:36:04Z
192218252,https://github.com/nickarocho/directory-app,nickarocho,2019-06-16T17:25:36Z
192218338,https://github.com/idkjs/reasonml-intercom-test,idkjs,2019-06-16T17:26:41Z
192218393,https://github.com/Raveor/warsztaty,Raveor,2019-06-16T17:27:27Z
192219737,https://github.com/salmanalwan/csd,salmanalwan,2019-06-16T17:42:29Z
192218867,https://github.com/Xemylb/giraffe-test-react,Xemylb,2019-06-16T17:32:52Z
192216857,https://github.com/jkern-dev/rfdb,jkern-dev,2019-06-16T17:09:17Z
192220995,https://github.com/MonicaBarutia/Disertatie,MonicaBarutia,2019-06-16T17:56:44Z
192221000,https://github.com/Maverick5000/laravelfront,Maverick5000,2019-06-16T17:56:48Z
192221065,https://github.com/cdotdidit/astroweightcalculator,cdotdidit,2019-06-16T17:57:30Z
192218031,https://github.com/lloydtheolds/Forca-,lloydtheolds,2019-06-16T17:23:02Z
192218087,https://github.com/MaLgorzataL/ReactComponentLifecycle,MaLgorzataL,2019-06-16T17:23:46Z
192216402,https://github.com/houssem2005/faresnoob,houssem2005,2019-06-16T17:03:49Z
192220773,https://github.com/pokipoki2010/New_Safrat,pokipoki2010,2019-06-16T17:54:14Z
192219340,https://github.com/ma12-co/alten-takehome-app,ma12-co,2019-06-16T17:38:03Z
192216876,https://github.com/lanprijatelj/cleanshelf,lanprijatelj,2019-06-16T17:09:28Z
192218701,https://github.com/gmitin/forkify_app,gmitin,2019-06-16T17:31:02Z
192218130,https://github.com/LuisLota/diceGame,LuisLota,2019-06-16T17:24:25Z
192218229,https://github.com/bruhnild/igaps,bruhnild,2019-06-16T17:25:24Z
192218323,https://github.com/asltyn/backend-project-lvl3,asltyn,2019-06-16T17:26:31Z
192216871,https://github.com/Skullyfox/React_Chat_Server,Skullyfox,2019-06-16T17:09:24Z
192217524,https://github.com/Malik-93/ReactJs-with-Socket.Io,Malik-93,2019-06-16T17:17:10Z
192217644,https://github.com/kinghani0/bros11,kinghani0,2019-06-16T17:18:34Z
192220875,https://github.com/realcodywburns/alantisninja,realcodywburns,2019-06-16T17:55:22Z
192219947,https://github.com/basanta101/form-validator,basanta101,2019-06-16T17:44:44Z
192219472,https://github.com/Sil3ntRo/gatsby-restaurant,Sil3ntRo,2019-06-16T17:39:18Z
192219738,https://github.com/DananDio/LoginValidation,DananDio,2019-06-16T17:42:29Z
192216158,https://github.com/awhit012/BookList,awhit012,2019-06-16T17:00:49Z
192217141,https://github.com/tommydoan/Socielnetwork,tommydoan,2019-06-16T17:12:26Z
192219460,https://github.com/Anwesh43/mocha-user-demo-js,Anwesh43,2019-06-16T17:39:13Z
192220671,https://github.com/ssorpg/Game-of-Thrones-Arena,ssorpg,2019-06-16T17:52:48Z
192220724,https://github.com/ismenaperdomo/Prueba-Oshine,ismenaperdomo,2019-06-16T17:53:32Z
192219607,https://github.com/Deepprakashgoyal/cms,Deepprakashgoyal,2019-06-16T17:40:38Z
192216470,https://github.com/aayushsharma9/trador,aayushsharma9,2019-06-16T17:04:37Z
192218631,https://github.com/emmanuelagubata/Astro-Weight-Calculator,emmanuelagubata,2019-06-16T17:30:05Z
192219407,https://github.com/nikolay-star/priboi,nikolay-star,2019-06-16T17:38:44Z
192217348,https://github.com/veremey/k_club,veremey,2019-06-16T17:14:52Z
192217718,https://github.com/hoanganhduong3010/101chuchodom,hoanganhduong3010,2019-06-16T17:19:23Z
192220860,https://github.com/d-bagazhkov/react-tic-tac-toe,d-bagazhkov,2019-06-16T17:55:14Z
192216192,https://github.com/MarouaneBouaricha/EasyHTTP,MarouaneBouaricha,2019-06-16T17:01:14Z
192216627,https://github.com/r-manopa/node.js-gmail-line_notify,r-manopa,2019-06-16T17:06:46Z
192216643,https://github.com/taeinchoi9166/react-electron,taeinchoi9166,2019-06-16T17:06:57Z
192220794,https://github.com/videocolagem/videocolagem.github.io,videocolagem,2019-06-16T17:54:32Z
192219594,https://github.com/Viktorija-Gulb/JSONtoHTML,Viktorija-Gulb,2019-06-16T17:40:32Z
192219066,https://github.com/pkloth/winelist,pkloth,2019-06-16T17:35:12Z
192218243,https://github.com/FrankZhang2046/portfolio-site,FrankZhang2046,2019-06-16T17:25:31Z
192216128,https://github.com/MaksymBohdan/react-practice,MaksymBohdan,2019-06-16T17:00:31Z
192220678,https://github.com/Montrail/SolidityProject,Montrail,2019-06-16T17:52:55Z
192219515,https://github.com/Raveor/warszaty-front,Raveor,2019-06-16T17:39:43Z
192219730,https://github.com/davidpxn/Portfolio,davidpxn,2019-06-16T17:42:20Z
192221015,https://github.com/brunohfabre/antd-custom-input,brunohfabre,2019-06-16T17:56:57Z
192221080,https://github.com/Fdavidtr/Dialogflow-WikiBot,Fdavidtr,2019-06-16T17:57:41Z
192220059,https://github.com/Abdulfetahjemal/Shemeta.github.io,Abdulfetahjemal,2019-06-16T17:45:58Z
192216849,https://github.com/lq782655835/crawler,lq782655835,2019-06-16T17:09:12Z
192217094,https://github.com/ji-sooo2/Parasite-Intro,ji-sooo2,2019-06-16T17:11:58Z
192217835,https://github.com/mariohenriquelopes3/LightBox,mariohenriquelopes3,2019-06-16T17:20:42Z
192217925,https://github.com/phan-vu/js-cars,phan-vu,2019-06-16T17:21:46Z
192216677,https://github.com/cnsaavedra/foodranking,cnsaavedra,2019-06-16T17:07:23Z
192216693,https://github.com/Gnoah/test-mocha,Gnoah,2019-06-16T17:07:34Z
192216822,https://github.com/FatehAK/React-Examples,FatehAK,2019-06-16T17:08:59Z
192216499,https://github.com/aparnau/React_SSR_LazyLoading,aparnau,2019-06-16T17:05:03Z
192219149,https://github.com/aonguyen123/todo-app,aonguyen123,2019-06-16T17:35:57Z
192218170,https://github.com/VladyslavAfonin/React-App,VladyslavAfonin,2019-06-16T17:24:51Z
192218317,https://github.com/Sagarsim/e-store,Sagarsim,2019-06-16T17:26:25Z
192218348,https://github.com/gmitin/budget_app,gmitin,2019-06-16T17:26:51Z
192216187,https://github.com/Chelvy/TriviaGame,Chelvy,2019-06-16T17:01:07Z
192216303,https://github.com/p-chotaliya/Email_sender_with_nodemailer,p-chotaliya,2019-06-16T17:02:34Z
192216516,https://github.com/ArtemSafin-WebDev/modern-boilerplate,ArtemSafin-WebDev,2019-06-16T17:05:15Z
192216830,https://github.com/suliak/plexify,suliak,2019-06-16T17:09:02Z
192219775,https://github.com/MatthewViens/Dad-Jokes,MatthewViens,2019-06-16T17:42:47Z
192217588,https://github.com/mohd-sahil/02intermediate,mohd-sahil,2019-06-16T17:17:57Z
192218092,https://github.com/gmitin/Pig_game,gmitin,2019-06-16T17:23:51Z
192217140,https://github.com/Durban-Designer/Proxy-Logger,Durban-Designer,2019-06-16T17:12:26Z
192216142,https://github.com/JaMonty/JaMonty.github.io,JaMonty,2019-06-16T17:00:39Z
192220396,https://github.com/yhbyun/background-video-player,yhbyun,2019-06-16T17:49:41Z
192218600,https://github.com/GGSimas/instagram-api,GGSimas,2019-06-16T17:29:43Z
192219192,https://github.com/ujjwalks/treasure-hunt-backend,ujjwalks,2019-06-16T17:36:29Z
192219360,https://github.com/dbhushan9/Expense-Tracker,dbhushan9,2019-06-16T17:38:14Z
192219722,https://github.com/abgvin/sistem-pakar-gigi-mulut,abgvin,2019-06-16T17:42:10Z
192220447,https://github.com/quavalent/iptc-export,quavalent,2019-06-16T17:50:13Z
192217219,https://github.com/njericooper/another-Gatsby-try,njericooper,2019-06-16T17:13:11Z
192217249,https://github.com/cesine/webpack-localized-chunks,cesine,2019-06-16T17:13:33Z
192216157,https://github.com/jacksonpi/blog,jacksonpi,2019-06-16T17:00:48Z
192216570,https://github.com/erikyuntantyo/node-bookstore,erikyuntantyo,2019-06-16T17:06:02Z
192220439,https://github.com/ChrisDeFreitas/minify,ChrisDeFreitas,2019-06-16T17:50:10Z
192218112,https://github.com/lariodiniz/minhaMesaRPG,lariodiniz,2019-06-16T17:24:10Z
192220409,https://github.com/ziin/omnistack7-mobile,ziin,2019-06-16T17:49:46Z
192216425,https://github.com/jwalton9/volta,jwalton9,2019-06-16T17:04:10Z
192217465,https://github.com/eduar2/NodeProject,eduar2,2019-06-16T17:16:29Z
192216133,https://github.com/rendy2808/xcidic_project,rendy2808,2019-06-16T17:00:35Z
192217186,https://github.com/champphp/systemDigitalcurrency,champphp,2019-06-16T17:12:52Z
192217254,https://github.com/RosaAna/rosados,RosaAna,2019-06-16T17:13:37Z
192216953,https://github.com/steven2711/quote_sauce-twitter_bot,steven2711,2019-06-16T17:10:34Z
192217618,https://github.com/KasiaMirowska/PetStoreDrill,KasiaMirowska,2019-06-16T17:18:13Z
192216662,https://github.com/Anthler/BigCoin-ICO,Anthler,2019-06-16T17:07:12Z
192218469,https://github.com/navyfox/cv-maker,navyfox,2019-06-16T17:28:17Z
192218176,https://github.com/mariafedyk/Tic-Tac-Toe,mariafedyk,2019-06-16T17:24:56Z
192218195,https://github.com/July333/memory-game,July333,2019-06-16T17:25:09Z
192221033,https://github.com/Sillybert/silverchrist-myapp,Sillybert,2019-06-16T17:57:09Z
192219850,https://github.com/tireur-discorde/boteteste,tireur-discorde,2019-06-16T17:43:36Z
192219854,https://github.com/p-glynn/scrabble-bot,p-glynn,2019-06-16T17:43:40Z
192218816,https://github.com/PGarvin/versatile-chart-builder,PGarvin,2019-06-16T17:32:23Z
192218865,https://github.com/ManSleen/redux-example,ManSleen,2019-06-16T17:32:52Z
192216596,https://github.com/lovawins/theclassicTODO,lovawins,2019-06-16T17:06:25Z
192216248,https://github.com/haridave/blogapp,haridave,2019-06-16T17:01:53Z
192218085,https://github.com/ardaguclu/ardaguclu.github.io,ardaguclu,2019-06-16T17:23:43Z
192217356,https://github.com/danvim/adonisjs-todos,danvim,2019-06-16T17:14:57Z
192220387,https://github.com/alirezamirsepassi/technitium,alirezamirsepassi,2019-06-16T17:49:37Z
192217302,https://github.com/susy-js/polc-js,susy-js,2019-06-16T17:14:16Z
192216315,https://github.com/sunny775/sonnie-shoppingCart,sunny775,2019-06-16T17:02:44Z
192216658,https://github.com/thrach/chatify,thrach,2019-06-16T17:07:09Z
192217999,https://github.com/amsv/jsLev2_les,amsv,2019-06-16T17:22:44Z
192216486,https://github.com/MarouaneBouaricha/EasyHTTP_Improved,MarouaneBouaricha,2019-06-16T17:04:56Z
192216491,https://github.com/WE4PAlthea/WorkoutTimer,WE4PAlthea,2019-06-16T17:04:59Z
192218571,https://github.com/houssem2005/mp,houssem2005,2019-06-16T17:29:18Z
192220929,https://github.com/bb4298/ASP_Api_Demo,bb4298,2019-06-16T17:55:59Z
192221097,https://github.com/hildereis/magni,hildereis,2019-06-16T17:57:52Z
192219848,https://github.com/bcutler94/nestio,bcutler94,2019-06-16T17:43:36Z
192219872,https://github.com/ernestlai/movielist,ernestlai,2019-06-16T17:43:51Z
192219997,https://github.com/Marce1ina/contacts,Marce1ina,2019-06-16T17:45:10Z
192220010,https://github.com/Panasenko/monitoring,Panasenko,2019-06-16T17:45:18Z
192220113,https://github.com/findeciclofindecurso/rosados,findeciclofindecurso,2019-06-16T17:46:30Z
192220485,https://github.com/Dizolivemint/angry-bird-coding-train,Dizolivemint,2019-06-16T17:50:42Z
192220506,https://github.com/edwards33/reactjs_transition_group_as_ul,edwards33,2019-06-16T17:50:54Z
192219777,https://github.com/tyhonchik/lazybooks,tyhonchik,2019-06-16T17:42:47Z
192219118,https://github.com/hoanganhduong3010/jhjdbasdj,hoanganhduong3010,2019-06-16T17:35:41Z
192219227,https://github.com/anandp033/coding-ground,anandp033,2019-06-16T17:36:53Z
192219363,https://github.com/shimulch/shimul.dev,shimulch,2019-06-16T17:38:17Z
192217365,https://github.com/ji-sooo2/Parasite-Intro..,ji-sooo2,2019-06-16T17:15:00Z
192217030,https://github.com/muralimulakapalli1240/chips,muralimulakapalli1240,2019-06-16T17:11:19Z
192217568,https://github.com/elsa-brown/chatapp,elsa-brown,2019-06-16T17:17:37Z
192217736,https://github.com/lloydtheolds/Jogo-da-Velha,lloydtheolds,2019-06-16T17:19:34Z
192217746,https://github.com/crowdbotics-apps/icraft-4749,crowdbotics-apps,2019-06-16T17:19:38Z
192218090,https://github.com/jArecki444/LearningReactNativeV4,jArecki444,2019-06-16T17:23:49Z
192216714,https://github.com/wafaeouharra/PFE,wafaeouharra,2019-06-16T17:07:46Z
192216801,https://github.com/MarouaneBouaricha/Number-Guesser,MarouaneBouaricha,2019-06-16T17:08:45Z
192216484,https://github.com/lveilleux-renegat/altolini,lveilleux-renegat,2019-06-16T17:04:49Z
192217445,https://github.com/Wvivas123/Burger,Wvivas123,2019-06-16T17:16:08Z
192220425,https://github.com/AhsanT4riq/NewsApp,AhsanT4riq,2019-06-16T17:49:57Z
192216335,https://github.com/islanilton/upload-front,islanilton,2019-06-16T17:02:58Z
192216339,https://github.com/Gediminas-Luksas/yarn_api-web,Gediminas-Luksas,2019-06-16T17:03:00Z
192220931,https://github.com/MaldoNanoche/maldo-bot,MaldoNanoche,2019-06-16T17:56:02Z
192220093,https://github.com/salmanalwan/vxdom-bot-latest1,salmanalwan,2019-06-16T17:46:19Z
192220622,https://github.com/datauser456/mock,datauser456,2019-06-16T17:52:14Z
192220800,https://github.com/robertdcamp/robertdcamp.github.io,robertdcamp,2019-06-16T17:54:35Z
192218773,https://github.com/andreclaudino/driyca,andreclaudino,2019-06-16T17:31:53Z
192219104,https://github.com/noobek911/noobek911.github.io,noobek911,2019-06-16T17:35:36Z
192219170,https://github.com/Gricardov/Generador-Excel,Gricardov,2019-06-16T17:36:16Z
192216760,https://github.com/westfalensgod/lava,westfalensgod,2019-06-16T17:08:17Z
192218911,https://github.com/kay5124/PU2018A_cook,kay5124,2019-06-16T17:33:22Z
192217167,https://github.com/amitverma551/react-olx,amitverma551,2019-06-16T17:12:44Z
192217011,https://github.com/Skullyfox/React_Chat_Client,Skullyfox,2019-06-16T17:11:05Z
192218550,https://github.com/Fernandoborgesjr/instaclone_mobile,Fernandoborgesjr,2019-06-16T17:29:04Z
192219267,https://github.com/franky19/E-commerce,franky19,2019-06-16T17:37:16Z
192218235,https://github.com/Emma319/MemoryGame,Emma319,2019-06-16T17:25:29Z
192219475,https://github.com/ebinsanty/Web-App,ebinsanty,2019-06-16T17:39:20Z
192219659,https://github.com/couohchan/respaldo,couohchan,2019-06-16T17:41:15Z
192218651,https://github.com/gioelecrispo/gioelecrispo.github.io,gioelecrispo,2019-06-16T17:30:18Z