122741247,https://github.com/shallwaycn/shaderninja,shallwaycn,2018-02-24T13:07:16Z
122744312,https://github.com/HuJiaoHJ/appium-wd-example,HuJiaoHJ,2018-02-24T13:48:42Z
122741508,https://github.com/chichi1091/django_webpack_vue,chichi1091,2018-02-24T13:11:02Z
122740910,https://github.com/adriano-di-giovanni/yinjs,adriano-di-giovanni,2018-02-24T13:02:12Z
122743464,https://github.com/imagentleman/css-grid-overlay,imagentleman,2018-02-24T13:37:03Z
122743165,https://github.com/mrKimura/gulp-workflow,mrKimura,2018-02-24T13:32:59Z
122741445,https://github.com/hxx094438/cms-server,hxx094438,2018-02-24T13:10:10Z
122743409,https://github.com/PetroKok/SSR-React-Router-Dom,PetroKok,2018-02-24T13:36:17Z
122741933,https://github.com/shobhitsingh29/ticTacToeReactRedux,shobhitsingh29,2018-02-24T13:16:41Z
122742829,https://github.com/DEXTERNATAN/controle-estoque-react,DEXTERNATAN,2018-02-24T13:28:42Z
122741136,https://github.com/PatrickStru/browser-game,PatrickStru,2018-02-24T13:05:42Z
122743881,https://github.com/mikhio/timer,mikhio,2018-02-24T13:42:47Z
122741800,https://github.com/amokranebelloui/gomina,amokranebelloui,2018-02-24T13:14:54Z
122743490,https://github.com/Licccy/moments,Licccy,2018-02-24T13:37:25Z
122741304,https://github.com/Chaitya62/TrieJS,Chaitya62,2018-02-24T13:08:05Z
122743579,https://github.com/nattesharan/Youtube-api-App-React-Native-,nattesharan,2018-02-24T13:38:38Z
122744861,https://github.com/sawepeter/VueApp,sawepeter,2018-02-24T13:55:46Z
122741314,https://github.com/includebraga/website,includebraga,2018-02-24T13:08:14Z
122741091,https://github.com/Footurama/ftrm,Footurama,2018-02-24T13:05:04Z
122742142,https://github.com/RogerTsang/Pristine,RogerTsang,2018-02-24T13:19:29Z
122742472,https://github.com/astrohsy/pasta,astrohsy,2018-02-24T13:23:46Z
122742603,https://github.com/Kwasylak/ES6-Stopwatch,Kwasylak,2018-02-24T13:25:41Z
122742917,https://github.com/AXN-Informatique/jquery-input-date,AXN-Informatique,2018-02-24T13:29:54Z
122743675,https://github.com/zhentian-wan/es2018-demo,zhentian-wan,2018-02-24T13:39:55Z
122743855,https://github.com/Slushnas/gather-phase-4,Slushnas,2018-02-24T13:42:30Z
122745175,https://github.com/Demiurg77/material-ui-old,Demiurg77,2018-02-24T13:59:46Z
122743403,https://github.com/tisRnjp/vue-minesweeper,tisRnjp,2018-02-24T13:36:12Z
122743479,https://github.com/a1300/aschexplorer,a1300,2018-02-24T13:37:12Z
122742661,https://github.com/0sorrawit456789/BBG,0sorrawit456789,2018-02-24T13:26:23Z
122742685,https://github.com/whpuTortoise/quake,whpuTortoise,2018-02-24T13:26:40Z
122740854,https://github.com/hunor1/giftgiver,hunor1,2018-02-24T13:01:30Z
122744140,https://github.com/FujiHaruka/eratostenes-animation,FujiHaruka,2018-02-24T13:46:22Z
122742608,https://github.com/AmirHMousavi/4ME305ASSIGN2,AmirHMousavi,2018-02-24T13:25:48Z
122744318,https://github.com/Erlemorgaine/Erlemorgaine.github.io,Erlemorgaine,2018-02-24T13:48:50Z
122741183,https://github.com/lubegasimon/js-tutorials,lubegasimon,2018-02-24T13:06:31Z
122741335,https://github.com/cdax/bootstrap-react-redux,cdax,2018-02-24T13:08:41Z
122740988,https://github.com/ImayaBharathi/Farmers-Bot-,ImayaBharathi,2018-02-24T13:03:23Z
122741642,https://github.com/DevCamilo/Pong-Game,DevCamilo,2018-02-24T13:12:44Z
122741831,https://github.com/HROH/jars-gulp,HROH,2018-02-24T13:15:23Z
122745083,https://github.com/PawelBorkowski/12.5_zadanie,PawelBorkowski,2018-02-24T13:58:29Z
122745166,https://github.com/Kyominii/9GagOnDiscord,Kyominii,2018-02-24T13:59:32Z
122744525,https://github.com/springs-dev/springs-ico,springs-dev,2018-02-24T13:51:39Z
122744104,https://github.com/kenchan/tweet,kenchan,2018-02-24T13:45:58Z
122744136,https://github.com/clarkefry04/final-project,clarkefry04,2018-02-24T13:46:20Z
122743663,https://github.com/lukesdevelopment/lukesdevelopment.github.io,lukesdevelopment,2018-02-24T13:39:47Z
122745045,https://github.com/HaoXiuLong/wangyue.github.io,HaoXiuLong,2018-02-24T13:58:05Z
122742522,https://github.com/JakeAttard/CraigList-Clone,JakeAttard,2018-02-24T13:24:33Z
122742633,https://github.com/damianb93/gdcs-front-end-web-dev-nanodegree,damianb93,2018-02-24T13:26:03Z
122741483,https://github.com/matku89/scrum-poker,matku89,2018-02-24T13:10:44Z
122743239,https://github.com/kazutok/fft,kazutok,2018-02-24T13:34:00Z
122742305,https://github.com/cred-chirag/agileIonic,cred-chirag,2018-02-24T13:21:34Z
122741192,https://github.com/dotunlonge/Image-Gallery-Redux-Thunk,dotunlonge,2018-02-24T13:06:38Z
122744368,https://github.com/cpereiramt/photowall,cpereiramt,2018-02-24T13:49:34Z
122742856,https://github.com/ashu3889/cardpoc,ashu3889,2018-02-24T13:29:11Z
122741858,https://github.com/karthikdechiraju/command-prompt-tool,karthikdechiraju,2018-02-24T13:15:46Z
122740757,https://github.com/VirtualRavenn/Officer-Tenpenny,VirtualRavenn,2018-02-24T13:00:00Z
122744300,https://github.com/AkshayIyer12/gifChat,AkshayIyer12,2018-02-24T13:48:28Z
122742437,https://github.com/anu-lms/client-giantworldwide,anu-lms,2018-02-24T13:23:12Z
122744625,https://github.com/rsnevessouza/reactnd-project-reading,rsnevessouza,2018-02-24T13:52:58Z
122742270,https://github.com/wangi4myself/my-app,wangi4myself,2018-02-24T13:21:07Z
122741389,https://github.com/MeloGuo/CanvasShotGame,MeloGuo,2018-02-24T13:09:23Z
122743669,https://github.com/SergeyMP/SergeyMP.github.io,SergeyMP,2018-02-24T13:39:53Z
122743004,https://github.com/ekzeybek/movie-api,ekzeybek,2018-02-24T13:31:01Z
122742466,https://github.com/alaindebecker/newmips,alaindebecker,2018-02-24T13:23:42Z
122742594,https://github.com/karlpokus/node-tcp-ops,karlpokus,2018-02-24T13:25:33Z
122742778,https://github.com/bdarksider/space-invaders,bdarksider,2018-02-24T13:27:59Z
122743396,https://github.com/Floating-Dream-Studio/Myth,Floating-Dream-Studio,2018-02-24T13:36:06Z
122745112,https://github.com/andras14/hello,andras14,2018-02-24T13:58:44Z
122743039,https://github.com/Jamesc974/drainhacking,Jamesc974,2018-02-24T13:31:21Z
122743496,https://github.com/ATidiane/3I017,ATidiane,2018-02-24T13:37:28Z
122741257,https://github.com/redwang728/rorr,redwang728,2018-02-24T13:07:31Z
122743740,https://github.com/HelgiHe/eldsneyti,HelgiHe,2018-02-24T13:40:43Z
122742072,https://github.com/nmpegetis/bmrb-ui,nmpegetis,2018-02-24T13:18:37Z
122742151,https://github.com/jfranklin1607/customer-database,jfranklin1607,2018-02-24T13:19:37Z
122744678,https://github.com/leomtz/personalpage,leomtz,2018-02-24T13:53:35Z
122743720,https://github.com/henryVentura14/SokectIo,henryVentura14,2018-02-24T13:40:31Z
122743529,https://github.com/Vitsuji/social-weekend-inform-me,Vitsuji,2018-02-24T13:37:54Z
122743541,https://github.com/taknalut/bamazon,taknalut,2018-02-24T13:38:03Z
122743589,https://github.com/hoyhymho/WAD-Opdracht,hoyhymho,2018-02-24T13:38:44Z
122741213,https://github.com/gudovaolya/cw-8,gudovaolya,2018-02-24T13:06:51Z
122741302,https://github.com/SmitdCatchy/projekt-eszkozok-admin,SmitdCatchy,2018-02-24T13:08:04Z
122741350,https://github.com/hominh/socket-test,hominh,2018-02-24T13:08:55Z
122743234,https://github.com/chgasparoto/spacex-graphql-server,chgasparoto,2018-02-24T13:33:54Z
122741119,https://github.com/bushy812/Brainstorm,bushy812,2018-02-24T13:05:27Z
122742450,https://github.com/zhouqing86/salary-calculator,zhouqing86,2018-02-24T13:23:24Z
122741768,https://github.com/lolodu17/Woomy_bot,lolodu17,2018-02-24T13:14:25Z
122742794,https://github.com/zwernberg/landfall,zwernberg,2018-02-24T13:28:08Z
122742947,https://github.com/maksimyakush/sorter,maksimyakush,2018-02-24T13:30:21Z
122741417,https://github.com/ChihabTemsamani/Nieuwbouwservers,ChihabTemsamani,2018-02-24T13:09:49Z
122743787,https://github.com/jamiecoe/calm-chat,jamiecoe,2018-02-24T13:41:30Z
122744853,https://github.com/PundoJnr/Vue_Beginner,PundoJnr,2018-02-24T13:55:39Z
122744968,https://github.com/ColinFendrick/Timer,ColinFendrick,2018-02-24T13:57:15Z
122744590,https://github.com/hamburgcodingschool/L2C_CRASH,hamburgcodingschool,2018-02-24T13:52:26Z
122745164,https://github.com/sun-dee-p/angularCoursera,sun-dee-p,2018-02-24T13:59:29Z
122745187,https://github.com/brianleke/calendar-spike,brianleke,2018-02-24T13:59:55Z
122745188,https://github.com/ategus/computerPlay,ategus,2018-02-24T13:59:55Z
122744410,https://github.com/prakashsaripaka/todo-app-react-redux,prakashsaripaka,2018-02-24T13:50:04Z
122743523,https://github.com/mnap00/mod-08.6-conditional,mnap00,2018-02-24T13:37:44Z
122743609,https://github.com/tylermaran/bamazon,tylermaran,2018-02-24T13:39:02Z
122744956,https://github.com/kipdeeds/node_testing,kipdeeds,2018-02-24T13:57:03Z
122742222,https://github.com/lukesdevelopment/tourmap,lukesdevelopment,2018-02-24T13:20:23Z
122744475,https://github.com/yangyangFE/wechatTodos,yangyangFE,2018-02-24T13:51:00Z
122740876,https://github.com/kory33/elm-nankatsukuro,kory33,2018-02-24T13:01:50Z
122740983,https://github.com/LuisLithgow/neo-noir,LuisLithgow,2018-02-24T13:03:19Z
122744401,https://github.com/moniikag/skiResorts,moniikag,2018-02-24T13:50:01Z
122741610,https://github.com/Pherang/javascriptCalc,Pherang,2018-02-24T13:12:12Z
122742796,https://github.com/Aigarsss/Codecamp-TwitchTV,Aigarsss,2018-02-24T13:28:09Z
122743102,https://github.com/indraAnisa/node-todo-test,indraAnisa,2018-02-24T13:32:08Z
122743301,https://github.com/AndreuMad/node_complete,AndreuMad,2018-02-24T13:34:55Z
122743888,https://github.com/michaeldeggers/react-portfolio,michaeldeggers,2018-02-24T13:42:56Z
122744542,https://github.com/karminkarmen/nasa_api_challenge,karminkarmen,2018-02-24T13:51:51Z
122744981,https://github.com/CruelEngine/meme-creator,CruelEngine,2018-02-24T13:57:22Z
122745009,https://github.com/guyi02/ApiRes-Node,guyi02,2018-02-24T13:57:43Z
122742001,https://github.com/southern-seo/SouthernSEO.github.io,southern-seo,2018-02-24T13:17:41Z
122745109,https://github.com/Geoff-Goodwin-Dev/Hangman-Game,Geoff-Goodwin-Dev,2018-02-24T13:58:42Z
122743207,https://github.com/ybonest/react-note,ybonest,2018-02-24T13:33:27Z
122744406,https://github.com/TetsujiFurukawa/learning_myFirstAngular4,TetsujiFurukawa,2018-02-24T13:50:03Z
122744581,https://github.com/cryptoheros/cryptoheros,cryptoheros,2018-02-24T13:52:23Z
122742789,https://github.com/ClaudioFN/Exe201801,ClaudioFN,2018-02-24T13:28:05Z
122742838,https://github.com/justpns/deck-app,justpns,2018-02-24T13:28:59Z
122741542,https://github.com/crazycoder775/Simple-shoppingBag-react-redux,crazycoder775,2018-02-24T13:11:26Z
122742559,https://github.com/imcuttle/remark-markdown,imcuttle,2018-02-24T13:25:02Z
122741130,https://github.com/DRFR0ST/url-shrinker,DRFR0ST,2018-02-24T13:05:40Z
122740771,https://github.com/Sindr0me/js_lesson1,Sindr0me,2018-02-24T13:00:10Z
122740778,https://github.com/mrzivox/EcoBot,mrzivox,2018-02-24T13:00:12Z
122740976,https://github.com/Nish01/MenuBar,Nish01,2018-02-24T13:03:12Z
122741821,https://github.com/zazuko/express-datadog,zazuko,2018-02-24T13:15:16Z
122741440,https://github.com/gian1200/sample-cloud-native-toolchain-tutorial-20180224130749048,gian1200,2018-02-24T13:10:06Z
122744430,https://github.com/jrms999/SOLITAIRE,jrms999,2018-02-24T13:50:18Z
122744482,https://github.com/joshuaalm/processing-lessons,joshuaalm,2018-02-24T13:51:04Z
122742931,https://github.com/youyang87111/code,youyang87111,2018-02-24T13:30:05Z
122742290,https://github.com/FrozenFlame/SoftEng_TasteBuddy,FrozenFlame,2018-02-24T13:21:23Z
122743502,https://github.com/lamduong271/PIG-GAME,lamduong271,2018-02-24T13:37:30Z
122744616,https://github.com/herenuf/-HTML5-html-,herenuf,2018-02-24T13:52:52Z
122744626,https://github.com/TrubinEN/crypto-app,TrubinEN,2018-02-24T13:52:59Z
122744855,https://github.com/basicsaki/instagram_sample,basicsaki,2018-02-24T13:55:41Z
122744859,https://github.com/zonsaja/zonsharecountbox,zonsaja,2018-02-24T13:55:45Z
122745033,https://github.com/amanuelmehreteab7/msh,amanuelmehreteab7,2018-02-24T13:57:58Z
122745049,https://github.com/EPluribusAlex/adv-js-hw,EPluribusAlex,2018-02-24T13:58:09Z
122741878,https://github.com/xiaojiejiekuaipao/Express-Mysql-blog,xiaojiejiekuaipao,2018-02-24T13:16:00Z
122742080,https://github.com/nasbone/discover_youtube,nasbone,2018-02-24T13:18:46Z
122741601,https://github.com/kqnXkB/kqnXkB.github.io,kqnXkB,2018-02-24T13:12:04Z
122742470,https://github.com/l0oktaan/mycode,l0oktaan,2018-02-24T13:23:44Z
122742620,https://github.com/hcuffy/fleetsterUni,hcuffy,2018-02-24T13:25:54Z
122744537,https://github.com/daimcxz/JDhui,daimcxz,2018-02-24T13:51:48Z
122743732,https://github.com/mickozak/Game-Mole,mickozak,2018-02-24T13:40:37Z
122745050,https://github.com/Teyreach/ExpressJS-google-auth-app,Teyreach,2018-02-24T13:58:09Z
122741528,https://github.com/jbausap/P2_Quiz,jbausap,2018-02-24T13:11:14Z
122743173,https://github.com/matthewdking/tic-tac-toe,matthewdking,2018-02-24T13:33:04Z
122743011,https://github.com/xylude/claudia-express-babel-test,xylude,2018-02-24T13:31:06Z
122742530,https://github.com/swarup176/JSF,swarup176,2018-02-24T13:24:38Z
122742009,https://github.com/RiuSRoy/Restaurant-Nodejs,RiuSRoy,2018-02-24T13:17:52Z
122742121,https://github.com/Antoniobocanegra/Platzom,Antoniobocanegra,2018-02-24T13:19:17Z
122742155,https://github.com/Omek1337/discordbot,Omek1337,2018-02-24T13:19:41Z
122744764,https://github.com/s0b3ar/book-react,s0b3ar,2018-02-24T13:54:43Z
122743744,https://github.com/code-in-time/reactjs-notes-list,code-in-time,2018-02-24T13:40:46Z
122744822,https://github.com/MAHBUB1995/Adress-book,MAHBUB1995,2018-02-24T13:55:20Z
122743310,https://github.com/ricardoracki/mhf,ricardoracki,2018-02-24T13:35:04Z
122742432,https://github.com/Roma-Che/ozero.github.io,Roma-Che,2018-02-24T13:23:08Z
122743082,https://github.com/cocode240011/Web-practice,cocode240011,2018-02-24T13:31:56Z
122743819,https://github.com/carotene4035/fabric-ponchie,carotene4035,2018-02-24T13:42:01Z
122742887,https://github.com/nFnK/mastertime,nFnK,2018-02-24T13:29:32Z
122742601,https://github.com/KosenkoDmitriy/react-tweet-static,KosenkoDmitriy,2018-02-24T13:25:39Z
122741120,https://github.com/sbkn/sls-plugin-webapp,sbkn,2018-02-24T13:05:32Z
122742327,https://github.com/abhijeetgurle/yelpcamp,abhijeetgurle,2018-02-24T13:21:49Z
122742649,https://github.com/KevinMind/django-react-admin,KevinMind,2018-02-24T13:26:16Z
122742662,https://github.com/salahuddin-thetasolutions/WebApplication5,salahuddin-thetasolutions,2018-02-24T13:26:25Z
122742966,https://github.com/cjoshmartin/bit-money,cjoshmartin,2018-02-24T13:30:32Z
122743958,https://github.com/hemu/lol-journal-api,hemu,2018-02-24T13:43:52Z
122744609,https://github.com/adam-26/react-router-dispatcher-chunk,adam-26,2018-02-24T13:52:39Z
122743549,https://github.com/arta666/node-course-2-web-server,arta666,2018-02-24T13:38:09Z
122744738,https://github.com/BenediktHoelker/react-sui-timetracking-functions,BenediktHoelker,2018-02-24T13:54:27Z
122744908,https://github.com/secoip/modulogit,secoip,2018-02-24T13:56:23Z
122745143,https://github.com/melvin2016/flickerApp,melvin2016,2018-02-24T13:59:14Z
122742402,https://github.com/atish-abhang/node-convert-ipv4,atish-abhang,2018-02-24T13:22:44Z
122741609,https://github.com/HROH/jars-karma,HROH,2018-02-24T13:12:08Z
122740828,https://github.com/DarmawanEfendi/express_4,DarmawanEfendi,2018-02-24T13:01:02Z
122743946,https://github.com/mattdavida/react-redux-testing,mattdavida,2018-02-24T13:43:39Z
122743714,https://github.com/Cpin0312/Fake-PuzzlenDragon,Cpin0312,2018-02-24T13:40:27Z
122743835,https://github.com/Zuber13/Wikipedia-App,Zuber13,2018-02-24T13:42:14Z
122744793,https://github.com/BlockChainClub/qybcore-lib,BlockChainClub,2018-02-24T13:55:01Z
122744988,https://github.com/baruchel/openworld,baruchel,2018-02-24T13:57:28Z
122742657,https://github.com/bondarenkovad/abz-test,bondarenkovad,2018-02-24T13:26:21Z
122741518,https://github.com/armandleleveur/E-Sport-Modo,armandleleveur,2018-02-24T13:11:08Z
122741985,https://github.com/AnwarWajhi/Session_8_Assignment_2,AnwarWajhi,2018-02-24T13:17:28Z