46835406,https://github.com/besser/goshortener,besser,2015-11-25T03:37:35Z
46833900,https://github.com/dan-frohlich/r2,dan-frohlich,2015-11-25T03:02:47Z
46835562,https://github.com/dudang/golt,dudang,2015-11-25T03:40:54Z