194357304,https://github.com/sgreben/slack-wipe,sgreben,2019-06-29T02:52:17Z
194355253,https://github.com/philips/autocertsan,philips,2019-06-29T02:23:29Z
194356760,https://github.com/adampresley/food-truck-scraper,adampresley,2019-06-29T02:44:42Z
194357391,https://github.com/deweybat/Dog,deweybat,2019-06-29T02:53:33Z
194355246,https://github.com/ywchiao/muted,ywchiao,2019-06-29T02:23:24Z
194354552,https://github.com/Rodrifer/gophercises-training,Rodrifer,2019-06-29T02:13:58Z
194355275,https://github.com/yasukatsu/WebSocketChatApp,yasukatsu,2019-06-29T02:23:48Z
194355084,https://github.com/klaxxon/goverseer,klaxxon,2019-06-29T02:21:04Z
194356529,https://github.com/wikufest/wikux-api,wikufest,2019-06-29T02:41:19Z
194355559,https://github.com/Hopskisnowski/kubernetes,Hopskisnowski,2019-06-29T02:27:41Z
194357679,https://github.com/ArMzAdOg2/goCamp,ArMzAdOg2,2019-06-29T02:57:22Z
194355274,https://github.com/eriknstevenson/fh4server,eriknstevenson,2019-06-29T02:23:48Z
194353502,https://github.com/lucoceano/job-dependency,lucoceano,2019-06-29T02:00:05Z