24284223,https://github.com/afeld/emoji-css,afeld,2014-09-21T06:43:25Z
24283866,https://github.com/FutureStateMobile/sticky-header,FutureStateMobile,2014-09-21T06:20:00Z
24283695,https://github.com/hapijs/mimos,hapijs,2014-09-21T06:10:00Z
24284339,https://github.com/nxy105/Onion,nxy105,2014-09-21T06:49:41Z
24283995,https://github.com/mistari/KimchiCreativeWorks,mistari,2014-09-21T06:28:33Z
24284463,https://github.com/advancedcontrol/composer-starter-kit,advancedcontrol,2014-09-21T06:58:14Z
24284063,https://github.com/Adam-Toth/supply_dashboard,Adam-Toth,2014-09-21T06:32:55Z
24283903,https://github.com/rajesh1158/amazon-like-multi-dropdown-responsive-menu,rajesh1158,2014-09-21T06:23:27Z
24284008,https://github.com/siman-man/rails4test,siman-man,2014-09-21T06:29:22Z
24283890,https://github.com/karthit/phone_gap,karthit,2014-09-21T06:22:21Z
24284399,https://github.com/liudao6/liudao6.github.io,liudao6,2014-09-21T06:53:57Z
24283681,https://github.com/naveenprao/hello-world,naveenprao,2014-09-21T06:08:55Z
24283702,https://github.com/hugoangeles0810/RubyDev-Code,hugoangeles0810,2014-09-21T06:10:10Z
24284236,https://github.com/JacksonScript/meetings,JacksonScript,2014-09-21T06:44:03Z
24283849,https://github.com/ryrudnev/npusher,ryrudnev,2014-09-21T06:18:50Z
24284198,https://github.com/vkbalakrishnan/hansolo,vkbalakrishnan,2014-09-21T06:41:54Z
24283672,https://github.com/christian-raedel/nightlife,christian-raedel,2014-09-21T06:08:03Z
24283696,https://github.com/thunkli/flowers,thunkli,2014-09-21T06:10:01Z
24283934,https://github.com/michaelx11/chess-server,michaelx11,2014-09-21T06:25:22Z
24283950,https://github.com/ivantsov/anime_storage,ivantsov,2014-09-21T06:26:28Z
24283736,https://github.com/realtime-system/avoscloud-socket.io,realtime-system,2014-09-21T06:13:01Z
24284056,https://github.com/simonbuechi/opendata,simonbuechi,2014-09-21T06:32:26Z
24284078,https://github.com/GEOINT/ordinalConverter,GEOINT,2014-09-21T06:34:10Z
24284270,https://github.com/muruganl/xbc2,muruganl,2014-09-21T06:45:58Z
24283752,https://github.com/sm-cameron/gPro,sm-cameron,2014-09-21T06:13:36Z