231810979,https://github.com/Faisal-Manzer/postcss-viewport-height-correction,Faisal-Manzer,2020-01-04T18:38:13Z
231813099,https://github.com/ahmetbcakici/DynamicPersonalWebsite,ahmetbcakici,2020-01-04T18:56:12Z
231808584,https://github.com/eptaccio/melissa-bot,eptaccio,2020-01-04T18:19:20Z
231809977,https://github.com/parksben/think-bayes,parksben,2020-01-04T18:29:52Z
231807495,https://github.com/Fcmam5/express-response-presenter,Fcmam5,2020-01-04T18:10:56Z
231813332,https://github.com/legitcode267/react-random-shiba,legitcode267,2020-01-04T18:58:09Z
231807850,https://github.com/gitrahulgit/RealTime-voting-system-,gitrahulgit,2020-01-04T18:13:43Z
231806461,https://github.com/Aakashdeveloper/Aws-lambda,Aakashdeveloper,2020-01-04T18:03:03Z
231808665,https://github.com/johnajacob/nextjs-tailwindcss-storybook,johnajacob,2020-01-04T18:19:53Z
231812836,https://github.com/dhchamber/PigSkinners,dhchamber,2020-01-04T18:53:52Z
231809363,https://github.com/eric-lindau/flip-frontend,eric-lindau,2020-01-04T18:25:23Z
231807267,https://github.com/MAlhussaini/Arcade_Game,MAlhussaini,2020-01-04T18:09:13Z
231809576,https://github.com/mahanor123/emoji-search-react-filter,mahanor123,2020-01-04T18:26:54Z
231812893,https://github.com/RodgerCodes/BTC-tracker-electron-js-tracker,RodgerCodes,2020-01-04T18:54:21Z
231811205,https://github.com/SitamJana/codeceptjs-chai,SitamJana,2020-01-04T18:39:58Z
231808112,https://github.com/alfed7/gridlines,alfed7,2020-01-04T18:15:43Z
231813026,https://github.com/danielcritchfield95/controller,danielcritchfield95,2020-01-04T18:55:30Z
231807277,https://github.com/neildahiya/lets-talk,neildahiya,2020-01-04T18:09:18Z
231809519,https://github.com/ben-hapip/clonebay,ben-hapip,2020-01-04T18:26:31Z
231807695,https://github.com/MissGrumpycat/dataviz,MissGrumpycat,2020-01-04T18:12:34Z
231810284,https://github.com/cefadrom/automate-scanner-v2,cefadrom,2020-01-04T18:32:12Z
231811406,https://github.com/theegalaranjith/todo-app,theegalaranjith,2020-01-04T18:41:39Z
231806585,https://github.com/iggredible/dev-fetch-articles,iggredible,2020-01-04T18:04:01Z
231811160,https://github.com/LQ16/Random-Domain-Generator2,LQ16,2020-01-04T18:39:37Z
231807096,https://github.com/iamtekson/visit-nepal-2020,iamtekson,2020-01-04T18:07:52Z
231808579,https://github.com/paulinastefanska/snakeGame,paulinastefanska,2020-01-04T18:19:19Z
231812345,https://github.com/RAJATsd/sethubAPI,RAJATsd,2020-01-04T18:49:52Z
231813080,https://github.com/BrianLoveGa/vue-events,BrianLoveGa,2020-01-04T18:56:03Z
231813339,https://github.com/cbasinger/SocialFeed,cbasinger,2020-01-04T18:58:12Z
231812405,https://github.com/Deepsick/Event-driven-development-with-koa,Deepsick,2020-01-04T18:50:20Z
231812341,https://github.com/dev-sandeep/carbonx,dev-sandeep,2020-01-04T18:49:51Z
231807324,https://github.com/jmuema/Mombasa-Resort,jmuema,2020-01-04T18:09:36Z
231806170,https://github.com/RashaeR/Pig-Game,RashaeR,2020-01-04T18:00:57Z
231811012,https://github.com/lizarragadev/kotlin-nights-website,lizarragadev,2020-01-04T18:38:25Z
231812794,https://github.com/timburr1/panam,timburr1,2020-01-04T18:53:39Z
231811569,https://github.com/TheRiseCollection/Weather,TheRiseCollection,2020-01-04T18:43:05Z
231809096,https://github.com/LonwaboMvovo/tic-tac-toe,LonwaboMvovo,2020-01-04T18:23:26Z
231811669,https://github.com/talfers/orderly,talfers,2020-01-04T18:43:52Z
231810248,https://github.com/GuiSelair/Finance-App,GuiSelair,2020-01-04T18:31:55Z
231813553,https://github.com/XeniasDimitris/X-MERN,XeniasDimitris,2020-01-04T18:59:51Z
231811908,https://github.com/Makerblaker/Christmas-Lights,Makerblaker,2020-01-04T18:45:54Z
231806115,https://github.com/c15pati/Chemisia-Windows-Version,c15pati,2020-01-04T18:00:30Z
231810173,https://github.com/akhegade/React,akhegade,2020-01-04T18:31:14Z
231807312,https://github.com/Fenix-Forward-IT/management-frontend,Fenix-Forward-IT,2020-01-04T18:09:32Z
231809092,https://github.com/VeenaHarsha/ToDoApp,VeenaHarsha,2020-01-04T18:23:24Z
231813256,https://github.com/ericsakmar/resume-2020,ericsakmar,2020-01-04T18:57:31Z
231812737,https://github.com/yardeny/Y.Y-SudokU,yardeny,2020-01-04T18:53:10Z
231813311,https://github.com/iamanandacharya/uber_workspace,iamanandacharya,2020-01-04T18:57:59Z
231806892,https://github.com/soniaM7/cypress_learning,soniaM7,2020-01-04T18:06:20Z
231806378,https://github.com/shellbellquinn/notes,shellbellquinn,2020-01-04T18:02:26Z
231807552,https://github.com/donaldpittard/rts-react-redux-code-sample,donaldpittard,2020-01-04T18:11:22Z
231809102,https://github.com/joaovitorzv/UolHost,joaovitorzv,2020-01-04T18:23:27Z
231806260,https://github.com/DaniloMarques1/Reminder,DaniloMarques1,2020-01-04T18:01:33Z
231807472,https://github.com/gtg7784/dhQkchar-server,gtg7784,2020-01-04T18:10:43Z
231807184,https://github.com/sai-kranthi-au4/VThink,sai-kranthi-au4,2020-01-04T18:08:32Z
231809298,https://github.com/guosamuel/canairy_website,guosamuel,2020-01-04T18:24:50Z
231809410,https://github.com/JoshKardos/MBInterview,JoshKardos,2020-01-04T18:25:44Z
231811973,https://github.com/chikeud/BLive-Assessment,chikeud,2020-01-04T18:46:26Z
231806441,https://github.com/drodsou/obj-filter,drodsou,2020-01-04T18:02:56Z
231810966,https://github.com/simonagel/JavaScript-Objects-Properties-and-Methods,simonagel,2020-01-04T18:38:06Z
231810583,https://github.com/okoroemeka/react-native-app,okoroemeka,2020-01-04T18:34:33Z
231813165,https://github.com/yank02318/pick-project,yank02318,2020-01-04T18:56:46Z
231810125,https://github.com/jdakemp/my-blog,jdakemp,2020-01-04T18:30:51Z
231811953,https://github.com/arrioja/shared-miultimoadios,arrioja,2020-01-04T18:46:14Z
231807207,https://github.com/bradleyknutson/hotRestaurant,bradleyknutson,2020-01-04T18:08:45Z
231807062,https://github.com/luangonzalez/multi-docker,luangonzalez,2020-01-04T18:07:36Z
231810804,https://github.com/CNSP-OS/MD5-API,CNSP-OS,2020-01-04T18:36:26Z
231806823,https://github.com/Ivo-Evans/Cowboy-Jim,Ivo-Evans,2020-01-04T18:05:54Z
231807003,https://github.com/Botinokdima/find_a_pair,Botinokdima,2020-01-04T18:07:07Z
231813198,https://github.com/Wennlys/aircnc,Wennlys,2020-01-04T18:57:03Z
231807710,https://github.com/zagoskin/oo2-extension,zagoskin,2020-01-04T18:12:41Z
231809964,https://github.com/grymyk/scandtree.reformer,grymyk,2020-01-04T18:29:48Z
231808795,https://github.com/seanrichter/Final-Project,seanrichter,2020-01-04T18:20:56Z
231807448,https://github.com/TGOREHAM1/cfdn-repo,TGOREHAM1,2020-01-04T18:10:28Z
231807950,https://github.com/cosmicjellyfish/plant-passport-printer,cosmicjellyfish,2020-01-04T18:14:26Z
231806660,https://github.com/ZephyraCold/typing-game,ZephyraCold,2020-01-04T18:04:36Z
231809290,https://github.com/YousefElbadry/task-manager-api,YousefElbadry,2020-01-04T18:24:48Z
231806986,https://github.com/rodrigo-militao/loginpage,rodrigo-militao,2020-01-04T18:06:59Z
231813106,https://github.com/wackon/EjecicioReact,wackon,2020-01-04T18:56:14Z
231813085,https://github.com/puszeq/posejdon-databse,puszeq,2020-01-04T18:56:03Z
231812383,https://github.com/MahdiDroid/WarehouseManagment,MahdiDroid,2020-01-04T18:50:08Z
231813302,https://github.com/RexHolmstrom/RPS,RexHolmstrom,2020-01-04T18:57:55Z
231807665,https://github.com/chrisrw/Simon-Game,chrisrw,2020-01-04T18:12:17Z
231810134,https://github.com/abdullahahmeda/weathero,abdullahahmeda,2020-01-04T18:30:56Z
231806295,https://github.com/theieva/pokedex-api,theieva,2020-01-04T18:01:51Z
231806925,https://github.com/Paul-D-Dev/js-tdd-intro,Paul-D-Dev,2020-01-04T18:06:30Z
231812372,https://github.com/rafaelpapastamatiou/desafio04-rocketseat,rafaelpapastamatiou,2020-01-04T18:50:05Z
231811941,https://github.com/superboy64/reportes_villatours_v,superboy64,2020-01-04T18:46:09Z
231811396,https://github.com/shabie/test_driven_development,shabie,2020-01-04T18:41:34Z
231811416,https://github.com/alghi08064/Niomic-04-Tugas_27_JS,alghi08064,2020-01-04T18:41:46Z
231811304,https://github.com/AustinMRobinson/blog-netlifycms,AustinMRobinson,2020-01-04T18:40:50Z
231806248,https://github.com/SaggioVecchino/Color-taste-predictor,SaggioVecchino,2020-01-04T18:01:29Z
231813528,https://github.com/macone/Koderzy,macone,2020-01-04T18:59:41Z
231811264,https://github.com/Dailton-Bastos/gobarber,Dailton-Bastos,2020-01-04T18:40:31Z
231812921,https://github.com/Matt-fmllc/1AndDone,Matt-fmllc,2020-01-04T18:54:32Z
231809501,https://github.com/krulex98/db_forum,krulex98,2020-01-04T18:26:24Z
231811423,https://github.com/reneelpetit/StumpAroundWeb,reneelpetit,2020-01-04T18:41:50Z
231808541,https://github.com/ccsosa24/Just-The-Facts,ccsosa24,2020-01-04T18:19:00Z
231812087,https://github.com/ILI9/geolocation,ILI9,2020-01-04T18:47:22Z
231807256,https://github.com/epinhasovich/Cahtbot,epinhasovich,2020-01-04T18:09:09Z
231812861,https://github.com/arunstiwari/react-pwa-101,arunstiwari,2020-01-04T18:54:03Z
231809113,https://github.com/zhujiel/reactProject,zhujiel,2020-01-04T18:23:32Z
231812669,https://github.com/Nemhis/simplet,Nemhis,2020-01-04T18:52:39Z
231811355,https://github.com/jesusfurio/notes_app,jesusfurio,2020-01-04T18:41:13Z
231810481,https://github.com/Nemhis/dotdotdot,Nemhis,2020-01-04T18:33:38Z
231812513,https://github.com/afeather123-galvanize-projects/redux-unit-checkpoint,afeather123-galvanize-projects,2020-01-04T18:51:25Z
231810274,https://github.com/KiTKasatka/todoapp,KiTKasatka,2020-01-04T18:32:07Z
231807078,https://github.com/BendaoudSihem/Realtime-Simple-Chat-App,BendaoudSihem,2020-01-04T18:07:43Z
231806828,https://github.com/endam1234/express-api,endam1234,2020-01-04T18:05:56Z
231808856,https://github.com/antoniolj07/clima-map-node,antoniolj07,2020-01-04T18:21:31Z
231808201,https://github.com/abed-masrawa/js-state-machine,abed-masrawa,2020-01-04T18:16:22Z
231811056,https://github.com/tibyandy/arcaea-scoring,tibyandy,2020-01-04T18:38:49Z
231811380,https://github.com/tommcn/lego-heroku-control,tommcn,2020-01-04T18:41:27Z
231808165,https://github.com/hannahfolk/burgers,hannahfolk,2020-01-04T18:16:04Z
231806641,https://github.com/RaianAndrades/rngobarber,RaianAndrades,2020-01-04T18:04:28Z
231812464,https://github.com/adamjamesturner93/simple-calc,adamjamesturner93,2020-01-04T18:50:53Z
231807492,https://github.com/raullopezhernando/ContadorVisitas,raullopezhernando,2020-01-04T18:10:54Z
231807911,https://github.com/aakbarkhan/iceberg-gatsby,aakbarkhan,2020-01-04T18:14:10Z
231809259,https://github.com/brandonfajardo/randomcharmod,brandonfajardo,2020-01-04T18:24:33Z
231810428,https://github.com/rhnmht30/node-stream-examples,rhnmht30,2020-01-04T18:33:10Z
231811619,https://github.com/andreiAirinei/github-finder-basic,andreiAirinei,2020-01-04T18:43:31Z
231807897,https://github.com/biFebriansyah/SimpleCalculator,biFebriansyah,2020-01-04T18:14:03Z
231809808,https://github.com/prashanthpavi/serverless-stack-api,prashanthpavi,2020-01-04T18:28:37Z
231810712,https://github.com/AndreiD/playstore-permify,AndreiD,2020-01-04T18:35:32Z
231808985,https://github.com/Adamm285/bamazon,Adamm285,2020-01-04T18:22:29Z
231811427,https://github.com/jtgraham5th/ToolBox-Tutors,jtgraham5th,2020-01-04T18:41:51Z
231807454,https://github.com/ranaa96/ColorGuessing-Game,ranaa96,2020-01-04T18:10:34Z
231811463,https://github.com/Corinne-Coding/Guess-the-Hex,Corinne-Coding,2020-01-04T18:42:08Z
231807795,https://github.com/h-jennings/caffeinator,h-jennings,2020-01-04T18:13:18Z
231807286,https://github.com/chenalbe/CodeQuiz,chenalbe,2020-01-04T18:09:20Z
231811095,https://github.com/lisanet/homebridge-prowl-notification,lisanet,2020-01-04T18:39:03Z
231806244,https://github.com/btolan-karudev/dockerKatz,btolan-karudev,2020-01-04T18:01:27Z
231810607,https://github.com/victor-wolfe/node-express,victor-wolfe,2020-01-04T18:34:42Z
231811705,https://github.com/LeoCantThinkOfAName/omdb-searcher,LeoCantThinkOfAName,2020-01-04T18:44:09Z
231812041,https://github.com/fernando-pascoal/miniteste,fernando-pascoal,2020-01-04T18:47:05Z
231812880,https://github.com/rodolfoalvesbocci/curso-javascript,rodolfoalvesbocci,2020-01-04T18:54:12Z
231807773,https://github.com/pakiZBRG/mobile-app,pakiZBRG,2020-01-04T18:13:11Z
231807284,https://github.com/duanribeiro/SWE_Contest,duanribeiro,2020-01-04T18:09:20Z
231809498,https://github.com/dgbailey/useStateTinker,dgbailey,2020-01-04T18:26:24Z
231807460,https://github.com/hafizadil123/testingNode,hafizadil123,2020-01-04T18:10:37Z
231811459,https://github.com/ahunnii/store-store,ahunnii,2020-01-04T18:42:06Z
231808782,https://github.com/lrotschy/airline-routes,lrotschy,2020-01-04T18:20:46Z
231811856,https://github.com/Tina-Lightning/clicky-game,Tina-Lightning,2020-01-04T18:45:31Z
231813211,https://github.com/Hassan-Naeem-code/CODE,Hassan-Naeem-code,2020-01-04T18:57:06Z
231813361,https://github.com/tomsansome/phoenix-bot,tomsansome,2020-01-04T18:58:24Z
231811281,https://github.com/JingerDN/Flower_shop,JingerDN,2020-01-04T18:40:38Z
231811611,https://github.com/jrddupont/GDQ-Schedule-Scroller,jrddupont,2020-01-04T18:43:24Z
231806775,https://github.com/motomotoyoshi/gatsby-tutorial-part-three,motomotoyoshi,2020-01-04T18:05:30Z
231811470,https://github.com/lluna87/gym-app-web,lluna87,2020-01-04T18:42:10Z
231809283,https://github.com/anayat26/NopCommerce-cuccumber,anayat26,2020-01-04T18:24:44Z
231812472,https://github.com/mohamedeissa448/nodejs-App-with-passport-authentication,mohamedeissa448,2020-01-04T18:50:59Z
231809133,https://github.com/hoanggiang521999/GlitchProject,hoanggiang521999,2020-01-04T18:23:40Z
231809717,https://github.com/pietrozp13/voltbras-teste,pietrozp13,2020-01-04T18:28:00Z
231810854,https://github.com/AlejandraMoralesB/HackatonSodimac-G4,AlejandraMoralesB,2020-01-04T18:36:54Z
231812369,https://github.com/argas7/e-commerce,argas7,2020-01-04T18:50:03Z
231811529,https://github.com/rsenn/libweb,rsenn,2020-01-04T18:42:43Z
231807226,https://github.com/cms-sandun/shipinspector-api,cms-sandun,2020-01-04T18:08:56Z
231808884,https://github.com/bluebreeze0812/ReduxExample,bluebreeze0812,2020-01-04T18:21:45Z
231809477,https://github.com/GiovaniGil/jwt-auth-server,GiovaniGil,2020-01-04T18:26:16Z
231813131,https://github.com/jrddupont/HorribleSubs-Downloader,jrddupont,2020-01-04T18:56:28Z
231813524,https://github.com/zLexxa/d,zLexxa,2020-01-04T18:59:40Z
231812889,https://github.com/KozubSS/edi,KozubSS,2020-01-04T18:54:19Z
231806573,https://github.com/ben7th/my-todo,ben7th,2020-01-04T18:03:58Z
231807449,https://github.com/tlc2880/todosMERN,tlc2880,2020-01-04T18:10:29Z
231810586,https://github.com/vincentkman/react-native-dice-game,vincentkman,2020-01-04T18:34:34Z
231806381,https://github.com/hello-ajayrawat/ekai,hello-ajayrawat,2020-01-04T18:02:26Z
231810431,https://github.com/robotmatt/TriviaGame,robotmatt,2020-01-04T18:33:11Z
231812304,https://github.com/MYarosh/Lab_3,MYarosh,2020-01-04T18:49:27Z
231809051,https://github.com/abdulweb/Farm-order,abdulweb,2020-01-04T18:23:01Z
231812215,https://github.com/jessmaple/code-quiz,jessmaple,2020-01-04T18:48:33Z
231806348,https://github.com/ojudith/my_blog,ojudith,2020-01-04T18:02:13Z
231811864,https://github.com/alex-parra/project-euler-100,alex-parra,2020-01-04T18:45:35Z
231811783,https://github.com/pogikeith/firstserver,pogikeith,2020-01-04T18:44:45Z
231811562,https://github.com/nlmathis/mental-math,nlmathis,2020-01-04T18:42:59Z
231807811,https://github.com/lluna87/udemy-react-course,lluna87,2020-01-04T18:13:24Z
231812653,https://github.com/sengathit/heroku-postgresql,sengathit,2020-01-04T18:52:34Z
231806579,https://github.com/DanielMeireles/EconoApp,DanielMeireles,2020-01-04T18:03:59Z
231812997,https://github.com/aaronkirkman/user.js,aaronkirkman,2020-01-04T18:55:12Z
231808991,https://github.com/santoshpanna/Visualizing-Sorting-Algorithms,santoshpanna,2020-01-04T18:22:34Z
231806499,https://github.com/ZakNino14/budget-app,ZakNino14,2020-01-04T18:03:27Z
231806658,https://github.com/LukeSchlangen/economicelector.com,LukeSchlangen,2020-01-04T18:04:36Z
231809248,https://github.com/pam3ec555/pizza-api,pam3ec555,2020-01-04T18:24:29Z
231811150,https://github.com/abhranil08/Fund,abhranil08,2020-01-04T18:39:30Z
231812067,https://github.com/TheeOriginalDev/TheeOriginalDev.github.io,TheeOriginalDev,2020-01-04T18:47:16Z
231810643,https://github.com/wellingtondw/modulo04-react,wellingtondw,2020-01-04T18:35:02Z
231810747,https://github.com/Alipapandinho/portfolio1,Alipapandinho,2020-01-04T18:35:55Z
231811445,https://github.com/shradha001/nodejs-component-structure,shradha001,2020-01-04T18:41:59Z
231807705,https://github.com/ezg97/moviedex,ezg97,2020-01-04T18:12:37Z
231812789,https://github.com/ArbenKqiku/portfolio-code,ArbenKqiku,2020-01-04T18:53:35Z
231810335,https://github.com/KakoF/Todo_API,KakoF,2020-01-04T18:32:33Z
231811912,https://github.com/neegor/webrtc-demo,neegor,2020-01-04T18:45:55Z
231813137,https://github.com/Joanna-Chadzynska/graphql-app,Joanna-Chadzynska,2020-01-04T18:56:31Z
231811356,https://github.com/Alexandr-Paleev/node-mongo-app,Alexandr-Paleev,2020-01-04T18:41:13Z
231811531,https://github.com/Creastv/webpack-starter,Creastv,2020-01-04T18:42:45Z
231806970,https://github.com/coxxxa/js,coxxxa,2020-01-04T18:06:50Z
231807919,https://github.com/coderaj/graphql-js-demo,coderaj,2020-01-04T18:14:14Z
231808546,https://github.com/rekomerio/easy-pizza-ui-react,rekomerio,2020-01-04T18:19:02Z
231812374,https://github.com/theccalderon/the-athletic-texh-to-speech,theccalderon,2020-01-04T18:50:05Z
231806961,https://github.com/udiOri/adam-online-2,udiOri,2020-01-04T18:06:47Z
231807989,https://github.com/luiscostalafc/desafio6_bootcamp,luiscostalafc,2020-01-04T18:14:44Z
231813306,https://github.com/ovdink/webpack-build,ovdink,2020-01-04T18:57:57Z
231808179,https://github.com/Treevs/trask,Treevs,2020-01-04T18:16:12Z
231811144,https://github.com/diegozfreitas/tindev,diegozfreitas,2020-01-04T18:39:27Z
231806822,https://github.com/TheOneNite/mcav-org,TheOneNite,2020-01-04T18:05:53Z
231811484,https://github.com/andersonlairton/multiuser,andersonlairton,2020-01-04T18:42:17Z
231809293,https://github.com/portothree/vanilla-redux,portothree,2020-01-04T18:24:48Z
231812627,https://github.com/jordynsaltzman/template-engine,jordynsaltzman,2020-01-04T18:52:25Z
231806247,https://github.com/Dante-Vonarmia/Movies-List,Dante-Vonarmia,2020-01-04T18:01:29Z
231812716,https://github.com/gravig/PAW,gravig,2020-01-04T18:53:01Z
231809795,https://github.com/videopuppet/an2-js-client,videopuppet,2020-01-04T18:28:33Z
231809459,https://github.com/Rahulnsharma45/budgetApp,Rahulnsharma45,2020-01-04T18:26:09Z
231806293,https://github.com/belen-albeza/wanikani-datasheet,belen-albeza,2020-01-04T18:01:50Z
231806110,https://github.com/armiiller/now-preact-example,armiiller,2020-01-04T18:00:26Z
231807033,https://github.com/ShadeeCat/redux-example,ShadeeCat,2020-01-04T18:07:22Z
231808199,https://github.com/marvinconejo/blogazure,marvinconejo,2020-01-04T18:16:20Z
231808727,https://github.com/natashacrosby/PLOT.LY_HW,natashacrosby,2020-01-04T18:20:20Z
231807631,https://github.com/ksr930/Flag-Quiz,ksr930,2020-01-04T18:11:56Z
231808739,https://github.com/RadmirXAn/modal,RadmirXAn,2020-01-04T18:20:24Z
231808900,https://github.com/TimotheDavid/jocka,TimotheDavid,2020-01-04T18:21:52Z
231807047,https://github.com/cojocariuirina/varianta,cojocariuirina,2020-01-04T18:07:27Z
231808859,https://github.com/carloshpdoc/currency-converter,carloshpdoc,2020-01-04T18:21:33Z
231809026,https://github.com/pbandarus/React-streams,pbandarus,2020-01-04T18:22:50Z
231811959,https://github.com/Ethanb00/Onboarding-Calculator,Ethanb00,2020-01-04T18:46:17Z
231812239,https://github.com/keshri1/My-portfolio,keshri1,2020-01-04T18:48:49Z
231806864,https://github.com/jamesgrubb/cv,jamesgrubb,2020-01-04T18:06:10Z
231808737,https://github.com/rscrinzi/rscrinzi.github.io,rscrinzi,2020-01-04T18:20:24Z
231812565,https://github.com/ArunJose/project-euler-solutions,ArunJose,2020-01-04T18:51:59Z
231807147,https://github.com/mncelebi/intro,mncelebi,2020-01-04T18:08:16Z
231806130,https://github.com/Bryano841/Javascript-Challenge,Bryano841,2020-01-04T18:00:38Z
231806854,https://github.com/timstatz/bots,timstatz,2020-01-04T18:06:07Z
231806143,https://github.com/meliooff/tutorielbot,meliooff,2020-01-04T18:00:42Z
231810170,https://github.com/afeather123-galvanize-projects/ejs-assignment,afeather123-galvanize-projects,2020-01-04T18:31:11Z
231808387,https://github.com/Samplehoff/musicapp,Samplehoff,2020-01-04T18:17:46Z
231810045,https://github.com/ZabeRauf/ZabenPortfolio,ZabeRauf,2020-01-04T18:30:15Z
231807853,https://github.com/frontfabi/gobarber,frontfabi,2020-01-04T18:13:45Z
231812830,https://github.com/abdelrhmanAtef/git-course,abdelrhmanAtef,2020-01-04T18:53:50Z
231808654,https://github.com/davemanroth/consyder-decision-aid,davemanroth,2020-01-04T18:19:48Z
231807965,https://github.com/badenis19/state-management,badenis19,2020-01-04T18:14:33Z
231812329,https://github.com/lcy960729/movie_app_2019,lcy960729,2020-01-04T18:49:46Z
231812550,https://github.com/silvaadriel/knowledge-base-api,silvaadriel,2020-01-04T18:51:51Z
231812298,https://github.com/javisp91/portfolio-gatsby,javisp91,2020-01-04T18:49:22Z
231813210,https://github.com/soutoigor/api.ramdafuck,soutoigor,2020-01-04T18:57:05Z
231811651,https://github.com/aschreiner2018/rocketseat-nodejs,aschreiner2018,2020-01-04T18:43:44Z
231810033,https://github.com/bearmug/stockholm-red-stub,bearmug,2020-01-04T18:30:11Z
231811818,https://github.com/RedHornetStudio/modern-javascript-course,RedHornetStudio,2020-01-04T18:45:08Z
231806832,https://github.com/lupemls/code-quiz,lupemls,2020-01-04T18:05:57Z
231811658,https://github.com/firattale/Project-Euler,firattale,2020-01-04T18:43:49Z
231812950,https://github.com/maurafortino/react-game,maurafortino,2020-01-04T18:54:47Z
231810662,https://github.com/singhrajgithub/shoppingcart,singhrajgithub,2020-01-04T18:35:12Z
231809034,https://github.com/marvinconejo/blog,marvinconejo,2020-01-04T18:22:54Z
231808515,https://github.com/Bhosale773/qrtest,Bhosale773,2020-01-04T18:18:48Z
231808230,https://github.com/BartDabro/reactWeb-client,BartDabro,2020-01-04T18:16:34Z
231807143,https://github.com/hvantien/study0501,hvantien,2020-01-04T18:08:15Z
231813486,https://github.com/frazrcorp/DOME-startpage-fork,frazrcorp,2020-01-04T18:59:18Z
231812777,https://github.com/mrcisneros/mern_shopping_list,mrcisneros,2020-01-04T18:53:28Z
231810730,https://github.com/sunilkhuwal/lwcLearning,sunilkhuwal,2020-01-04T18:35:45Z
231810060,https://github.com/asifisthiaq24/nodejs_server_withmongo,asifisthiaq24,2020-01-04T18:30:21Z
231811431,https://github.com/Sinead913/search,Sinead913,2020-01-04T18:41:52Z
231807390,https://github.com/urbanisierung/urbanisierung,urbanisierung,2020-01-04T18:10:05Z
231807317,https://github.com/viniciusrplima/cobrinha,viniciusrplima,2020-01-04T18:09:34Z
231808078,https://github.com/edigonzales-dumpster/my-first-grails-app,edigonzales-dumpster,2020-01-04T18:15:31Z
231810935,https://github.com/danielkim85/hive,danielkim85,2020-01-04T18:37:41Z
231806671,https://github.com/sih4/reactP5js,sih4,2020-01-04T18:04:42Z
231812802,https://github.com/Deffp/Game,Deffp,2020-01-04T18:53:40Z
231807268,https://github.com/bogdantigheci/code-challenge-meme-generator,bogdantigheci,2020-01-04T18:09:13Z
231811752,https://github.com/gabrielbarth/react-native-calculator,gabrielbarth,2020-01-04T18:44:29Z
231809011,https://github.com/jompero/bloglist-improved,jompero,2020-01-04T18:22:42Z
231807201,https://github.com/TheGhost20176/tk-main,TheGhost20176,2020-01-04T18:08:42Z
231807086,https://github.com/VasilyKirillov/gamoflif,VasilyKirillov,2020-01-04T18:07:47Z
231808733,https://github.com/jordanwa1947/will-andy-pick-me,jordanwa1947,2020-01-04T18:20:23Z
231809204,https://github.com/emmanueltoro/adminpro-udemy,emmanueltoro,2020-01-04T18:24:10Z
231807945,https://github.com/Alexandr-Paleev/nodeServer,Alexandr-Paleev,2020-01-04T18:14:24Z
231812399,https://github.com/surajsahoo329bbsr/node-mongo-api,surajsahoo329bbsr,2020-01-04T18:50:17Z
231806372,https://github.com/zhaleTaheri/ReactJs,zhaleTaheri,2020-01-04T18:02:24Z
231812697,https://github.com/ayan4m1/simulator-io,ayan4m1,2020-01-04T18:52:53Z
231807573,https://github.com/ex7r3me/sails-middleware-prefix,ex7r3me,2020-01-04T18:11:35Z
231811452,https://github.com/aljoker2001/RPG,aljoker2001,2020-01-04T18:42:01Z
231812259,https://github.com/BonesTheGhost/handlebars_hw,BonesTheGhost,2020-01-04T18:49:05Z
231810235,https://github.com/johnatanlopes/Curso-React-Udemy,johnatanlopes,2020-01-04T18:31:49Z
231813366,https://github.com/jordanlepera/react-app-simple-boilerplate,jordanlepera,2020-01-04T18:58:25Z
231806704,https://github.com/foldxy/primus-book,foldxy,2020-01-04T18:04:52Z
231809892,https://github.com/hamptoam/my-react-portfolio,hamptoam,2020-01-04T18:29:19Z
231806880,https://github.com/mstaicu/mindfulness,mstaicu,2020-01-04T18:06:16Z