2661889,https://github.com/coveraje/coveraje,coveraje,2011-10-27T23:04:50Z
2661886,https://github.com/PixelsCommander/GetterSetterJS,PixelsCommander,2011-10-27T23:04:26Z
2662123,https://github.com/duellj/ombuslide,duellj,2011-10-27T23:59:39Z
2661931,https://github.com/kcricha2/Morean,kcricha2,2011-10-27T23:15:06Z
2661987,https://github.com/fsoDannis/ASD,fsoDannis,2011-10-27T23:28:11Z
2661982,https://github.com/ramoney75/customer_systems_dashboard,ramoney75,2011-10-27T23:27:38Z