50220579,https://github.com/mcfly-io/generator-mcfly-ng2,mcfly-io,2016-01-23T02:57:30Z
50219952,https://github.com/kinglisky/webRTCDemo,kinglisky,2016-01-23T02:39:04Z
50218926,https://github.com/FirstPersonSF/chrome-calendar-groups,FirstPersonSF,2016-01-23T02:05:33Z
50219328,https://github.com/softwhere/ChangeWebMap-Widget,softwhere,2016-01-23T02:19:26Z
50220425,https://github.com/tomchentw/npm-auto-install-webpack-plugin,tomchentw,2016-01-23T02:52:20Z
50220006,https://github.com/gophergala2016/spacegophers,gophergala2016,2016-01-23T02:40:16Z
50219460,https://github.com/xelendt/swagmusic.js,xelendt,2016-01-23T02:23:15Z
50220049,https://github.com/kshvmdn/facebot,kshvmdn,2016-01-23T02:41:31Z
50220516,https://github.com/nigelgilbert/stock-talk,nigelgilbert,2016-01-23T02:55:19Z
50219909,https://github.com/kenmazaika/generator-transcendence,kenmazaika,2016-01-23T02:37:22Z
50219442,https://github.com/lttf/stayinghealthynaturopathy,lttf,2016-01-23T02:22:47Z
50218845,https://github.com/davidosomething/gulp-remark-lint-dko,davidosomething,2016-01-23T02:03:26Z
50218987,https://github.com/blueiou/mymovie,blueiou,2016-01-23T02:07:29Z
50219050,https://github.com/zacgeis/nand,zacgeis,2016-01-23T02:09:34Z
50219650,https://github.com/1019350030wfj/FirstRN,1019350030wfj,2016-01-23T02:29:24Z
50219413,https://github.com/mgramigna/politweet,mgramigna,2016-01-23T02:21:52Z
50218948,https://github.com/JamesLogan-III/Parking-Lot-Map,JamesLogan-III,2016-01-23T02:06:15Z
50218875,https://github.com/guptar8jan/fishforgeek,guptar8jan,2016-01-23T02:04:02Z
50218933,https://github.com/craig91/JS,craig91,2016-01-23T02:05:45Z
50219282,https://github.com/Download/redux-async-api,Download,2016-01-23T02:17:55Z
50220393,https://github.com/JustinTJones/epicnote,JustinTJones,2016-01-23T02:51:03Z
50219550,https://github.com/kingscott/acre,kingscott,2016-01-23T02:26:06Z
50218822,https://github.com/LanceXuan/Lsproject,LanceXuan,2016-01-23T02:02:31Z
50219108,https://github.com/almapp/uc-email-mobile,almapp,2016-01-23T02:11:45Z
50219817,https://github.com/nivdul/TukItEasy,nivdul,2016-01-23T02:34:20Z
50218941,https://github.com/Legoben/Monitor-Thing-Delux,Legoben,2016-01-23T02:06:02Z
50219043,https://github.com/astral-sa/forum-js-unofficial,astral-sa,2016-01-23T02:09:21Z
50220362,https://github.com/yapcheahshen/dump_allusion,yapcheahshen,2016-01-23T02:50:08Z
50219446,https://github.com/cloudflare-apps/Wootric,cloudflare-apps,2016-01-23T02:22:56Z
50219511,https://github.com/joshq00/i-get-a-lot-of-work-done,joshq00,2016-01-23T02:24:28Z
50218781,https://github.com/nickmarkham/FEWD_Week5,nickmarkham,2016-01-23T02:01:11Z
50219334,https://github.com/omarfaruqe/QuadraticEquationSolver,omarfaruqe,2016-01-23T02:19:44Z
50218788,https://github.com/jianglibo/broccoli-filter-asciitree,jianglibo,2016-01-23T02:01:32Z
50219197,https://github.com/djmac26/FEWD_Week5,djmac26,2016-01-23T02:15:08Z
50220552,https://github.com/hiwelo/cours-js,hiwelo,2016-01-23T02:56:22Z
50220343,https://github.com/gitten/phoenix_chat,gitten,2016-01-23T02:49:17Z
50219740,https://github.com/connorjsmith/MyoPowerPoint,connorjsmith,2016-01-23T02:31:40Z
50220388,https://github.com/ryanhugh/pennapps-maps,ryanhugh,2016-01-23T02:50:48Z
50218989,https://github.com/bjdixon/github-api-in-the-browser,bjdixon,2016-01-23T02:07:34Z
50219525,https://github.com/fidellopezgomez/mealbook-server,fidellopezgomez,2016-01-23T02:25:20Z
50219810,https://github.com/randiwest/Neighbourhood-Map-Project,randiwest,2016-01-23T02:34:10Z
50219920,https://github.com/StuartMVG/ecomSite,StuartMVG,2016-01-23T02:37:57Z
50220324,https://github.com/rickyrajani/PennChats,rickyrajani,2016-01-23T02:48:38Z
50219665,https://github.com/hanqiao69/heapsOfFun,hanqiao69,2016-01-23T02:29:39Z
50218805,https://github.com/rockysecrets/FEWD_Week5,rockysecrets,2016-01-23T02:01:55Z
50220421,https://github.com/Gkjsdll/Markdown-Converter,Gkjsdll,2016-01-23T02:51:57Z
50219486,https://github.com/juubaker/latest,juubaker,2016-01-23T02:23:50Z
50219231,https://github.com/aaroncnhk/design,aaroncnhk,2016-01-23T02:16:13Z
50219126,https://github.com/bowmanmc/app.skillsync.io,bowmanmc,2016-01-23T02:12:40Z
50219778,https://github.com/KTachyon/revista-pap-api,KTachyon,2016-01-23T02:32:57Z
50219466,https://github.com/Joncom/impact-animated-background-map-example,Joncom,2016-01-23T02:23:22Z
50220290,https://github.com/mpatkisson/slugger,mpatkisson,2016-01-23T02:47:39Z
50219594,https://github.com/dkrprasetya/jp-word-crawl,dkrprasetya,2016-01-23T02:27:32Z
50219638,https://github.com/paulducsantos/hangman,paulducsantos,2016-01-23T02:29:05Z
50219974,https://github.com/goofmint/FavoriteFeedReader,goofmint,2016-01-23T02:39:39Z
50218907,https://github.com/rmahajan2420/CFTemplate,rmahajan2420,2016-01-23T02:05:03Z
50220452,https://github.com/samcrisp/scrubcam,samcrisp,2016-01-23T02:53:02Z
50219448,https://github.com/dogancelik/irccloud-collapser,dogancelik,2016-01-23T02:23:00Z
50219368,https://github.com/soondaskeleton/sample_app,soondaskeleton,2016-01-23T02:20:43Z
50220492,https://github.com/johnsonice/test-repo,johnsonice,2016-01-23T02:54:45Z
50219166,https://github.com/kombuster/taico,kombuster,2016-01-23T02:14:03Z
50219221,https://github.com/hsunami21/COMP392-Assignment1,hsunami21,2016-01-23T02:15:51Z
50220148,https://github.com/rzamarripa/cursoUdeO,rzamarripa,2016-01-23T02:44:34Z
50219490,https://github.com/speedpursuer/project,speedpursuer,2016-01-23T02:23:59Z
50218951,https://github.com/entityd3/rock-paper-scissors,entityd3,2016-01-23T02:06:21Z
50218836,https://github.com/iyharini/FEWD_Week5,iyharini,2016-01-23T02:02:56Z
50220555,https://github.com/fazeaction/webgl-001,fazeaction,2016-01-23T02:56:30Z