214877485,https://github.com/Hakkin/twitchpipe,Hakkin,2019-10-13T19:06:01Z
214877001,https://github.com/9sako6/imgcmp,9sako6,2019-10-13T19:02:41Z
214882471,https://github.com/luizbranco/dragoon,luizbranco,2019-10-13T19:41:31Z
214882347,https://github.com/mgmart/gpxutils,mgmart,2019-10-13T19:40:39Z
214881464,https://github.com/bradacina/lacentrale,bradacina,2019-10-13T19:34:24Z
214883365,https://github.com/thelikes/hacks,thelikes,2019-10-13T19:47:13Z
214883047,https://github.com/pablerass/env-vault,pablerass,2019-10-13T19:45:18Z
214884852,https://github.com/edualb/go-exercises,edualb,2019-10-13T19:57:21Z
214877190,https://github.com/atla/dungeonsrv,atla,2019-10-13T19:04:02Z
214881980,https://github.com/mallapradeep/todoapi,mallapradeep,2019-10-13T19:38:11Z
214879726,https://github.com/againDDM/data_structures,againDDM,2019-10-13T19:21:59Z
214877352,https://github.com/VictorGabriel56/cleanup,VictorGabriel56,2019-10-13T19:05:12Z
214882884,https://github.com/paulm-jones/hass-gcp,paulm-jones,2019-10-13T19:44:14Z
214880855,https://github.com/de-vi/code-challenges,de-vi,2019-10-13T19:30:00Z