6550356,https://github.com/ModelN/sDashboard,ModelN,2012-11-05T19:34:02Z
6550511,https://github.com/box/stalker,box,2012-11-05T19:43:01Z
6550371,https://github.com/hsgr/status-hsgr,hsgr,2012-11-05T19:35:19Z
6549859,https://github.com/godaddy/gdapi-ui,godaddy,2012-11-05T19:01:23Z
6549884,https://github.com/MetaSyntactical/jquery-ui-notification-center,MetaSyntactical,2012-11-05T19:03:40Z
6550617,https://github.com/zambrey/SalaRead,zambrey,2012-11-05T19:49:51Z
6550077,https://github.com/sihorton/appjs-demoApps,sihorton,2012-11-05T19:15:20Z
6550564,https://github.com/timhall/freebody.js,timhall,2012-11-05T19:46:28Z
6550096,https://github.com/jorgenbraseth/squash,jorgenbraseth,2012-11-05T19:16:49Z
6550630,https://github.com/Ephys/pagelock,Ephys,2012-11-05T19:50:43Z
6550091,https://github.com/jussi-kalliokoski/sc-challenge,jussi-kalliokoski,2012-11-05T19:16:16Z
6550186,https://github.com/jmarizgit/hackernews5,jmarizgit,2012-11-05T19:22:36Z
6550583,https://github.com/awd/mocha-spike,awd,2012-11-05T19:47:57Z
6550069,https://github.com/jstaffans/foreignaid,jstaffans,2012-11-05T19:15:03Z
6550766,https://github.com/soltys/ftt,soltys,2012-11-05T19:59:37Z
6550559,https://github.com/nickhould/facebook,nickhould,2012-11-05T19:46:15Z
6550361,https://github.com/jethroswanzy/jethroswanzy.github.com,jethroswanzy,2012-11-05T19:34:32Z
6549869,https://github.com/iostres/octopress,iostres,2012-11-05T19:02:11Z
6549910,https://github.com/rapsli/max,rapsli,2012-11-05T19:05:43Z
6550199,https://github.com/crisstanza/carz,crisstanza,2012-11-05T19:23:40Z
6549912,https://github.com/jorgelucho/ucsg2,jorgelucho,2012-11-05T19:05:50Z
6550012,https://github.com/wolfhesse/pure-day-9661,wolfhesse,2012-11-05T19:11:45Z
6549864,https://github.com/morganherlocker/chat-socket,morganherlocker,2012-11-05T19:01:49Z
6550043,https://github.com/janosdios/org.liveSense.sample.defaultportal,janosdios,2012-11-05T19:13:46Z
6550589,https://github.com/joeljunstrom/hemmavid,joeljunstrom,2012-11-05T19:48:15Z
6549907,https://github.com/shahshaan/psd_app,shahshaan,2012-11-05T19:05:28Z
6549978,https://github.com/kandrat/Issue,kandrat,2012-11-05T19:09:36Z
6550485,https://github.com/jomerkel/instacuba,jomerkel,2012-11-05T19:41:06Z
6550636,https://github.com/rickogden/craftbeeruk,rickogden,2012-11-05T19:51:27Z