35136942,https://github.com/osrg/goplane,osrg,2015-05-06T03:14:48Z
35136865,https://github.com/adampresley/cordovareloader,adampresley,2015-05-06T03:12:39Z
35137788,https://github.com/bigcommerce/noopraven-go,bigcommerce,2015-05-06T03:35:10Z
35137180,https://github.com/hnw/golang-monitor,hnw,2015-05-06T03:20:09Z
35137705,https://github.com/ssoroka/service,ssoroka,2015-05-06T03:33:04Z
35136356,https://github.com/sidneychen/logmonitor,sidneychen,2015-05-06T03:00:41Z
35138131,https://github.com/kenpu/hwy401-camera-network,kenpu,2015-05-06T03:45:40Z
35137187,https://github.com/vmarmol/tools,vmarmol,2015-05-06T03:20:18Z