37690062,https://github.com/soumith/eyescream,soumith,2015-06-18T22:59:13Z
37687661,https://github.com/justin-lau/ember-intl-tel-input,justin-lau,2015-06-18T22:02:19Z
37688086,https://github.com/hone/heroku-cli-static,hone,2015-06-18T22:11:35Z
37689149,https://github.com/rafaelquintanilha/meteor-json-to-csv,rafaelquintanilha,2015-06-18T22:34:29Z
37689155,https://github.com/mariosgn/jarvis-backend-node,mariosgn,2015-06-18T22:34:34Z
37690047,https://github.com/hexagon6/wave,hexagon6,2015-06-18T22:58:47Z
37688513,https://github.com/kylebradbury/d3visualizations,kylebradbury,2015-06-18T22:18:36Z
37689846,https://github.com/HalfDomer/slack-spotify,HalfDomer,2015-06-18T22:53:14Z
37688168,https://github.com/sap-archive/lumira-extension-da-google-and-youtube-analytics,sap-archive,2015-06-18T22:13:06Z
37687922,https://github.com/juusechec/HTML5DragAndDropEditor,juusechec,2015-06-18T22:08:26Z
37689320,https://github.com/markisus/aces.io,markisus,2015-06-18T22:39:22Z
37689162,https://github.com/dricazenck/email-client,dricazenck,2015-06-18T22:34:46Z
37689201,https://github.com/codenewa/customizable-dashboard-test,codenewa,2015-06-18T22:36:09Z
37689357,https://github.com/m0ose/es6go,m0ose,2015-06-18T22:40:17Z
37689587,https://github.com/rjauquet/herehere,rjauquet,2015-06-18T22:46:37Z
37689277,https://github.com/Ideely/carbonchat,Ideely,2015-06-18T22:38:18Z
37687639,https://github.com/LeShrimp/blipblup,LeShrimp,2015-06-18T22:01:39Z
37689431,https://github.com/doowb/recent,doowb,2015-06-18T22:42:53Z
37688293,https://github.com/v0l/ssg15,v0l,2015-06-18T22:15:34Z
37689639,https://github.com/imuchnik/flapjack-functional-tests,imuchnik,2015-06-18T22:48:15Z
37688233,https://github.com/squirrelito/ember-quick-grids,squirrelito,2015-06-18T22:14:35Z
37687934,https://github.com/JacopoDaeli/opensshpubkey-to-x509-converter,JacopoDaeli,2015-06-18T22:08:41Z
37689556,https://github.com/jenst44/Content-Module,jenst44,2015-06-18T22:45:52Z
37689468,https://github.com/wp-plugins/pre-publish-reminders,wp-plugins,2015-06-18T22:43:56Z
37689124,https://github.com/dhilgaertner/deadcodetools,dhilgaertner,2015-06-18T22:33:46Z
37689168,https://github.com/niltoncaldasjr/crmNuvio,niltoncaldasjr,2015-06-18T22:35:03Z
37689927,https://github.com/cweichen/snippysnap,cweichen,2015-06-18T22:55:39Z
37689706,https://github.com/jenniferjanet/jenniferjanet.github.io,jenniferjanet,2015-06-18T22:49:32Z
37689820,https://github.com/Evilnut/June4th,Evilnut,2015-06-18T22:52:30Z
37689477,https://github.com/kilbergr/whereI-veBeen,kilbergr,2015-06-18T22:44:04Z
37689609,https://github.com/gabrielflorit/d3-transition-divs,gabrielflorit,2015-06-18T22:47:15Z
37689388,https://github.com/Tulioh/NodeSkeletonProject,Tulioh,2015-06-18T22:41:10Z
37688453,https://github.com/ghazalh/igeminterface,ghazalh,2015-06-18T22:18:03Z
37688544,https://github.com/AvilaC/mi_quiz,AvilaC,2015-06-18T22:19:27Z
37689002,https://github.com/husenxce/DemoJS,husenxce,2015-06-18T22:30:18Z
37689989,https://github.com/abbynormative/Florida-Man-Chrome,abbynormative,2015-06-18T22:57:07Z
37688521,https://github.com/numian/cinnamon-power-applet,numian,2015-06-18T22:18:51Z
37688093,https://github.com/jpmirandas/StudyingJavaScript,jpmirandas,2015-06-18T22:11:40Z
37689445,https://github.com/ppcheng/machinepack-nexmo,ppcheng,2015-06-18T22:43:11Z
37689711,https://github.com/ash-williams/VRE,ash-williams,2015-06-18T22:49:39Z
37687726,https://github.com/renanvaz/automation-server-client,renanvaz,2015-06-18T22:03:59Z
37689163,https://github.com/JavierPuig/quiz-M8,JavierPuig,2015-06-18T22:34:46Z
37689623,https://github.com/aboutdotme/contextualizer,aboutdotme,2015-06-18T22:47:57Z
37687961,https://github.com/EmilNik/TelerikAcademy,EmilNik,2015-06-18T22:09:26Z
37688071,https://github.com/pmccaffrey6/hadera_cms_database,pmccaffrey6,2015-06-18T22:11:17Z
37687583,https://github.com/elviocb/recursion-tree,elviocb,2015-06-18T22:00:30Z
37688219,https://github.com/alf027/tictactoe,alf027,2015-06-18T22:14:23Z
37689074,https://github.com/ThisIsMissEm/damnzilla,ThisIsMissEm,2015-06-18T22:32:11Z
37689395,https://github.com/nakatsuchi/weather-server,nakatsuchi,2015-06-18T22:41:28Z
37689891,https://github.com/exhibitjs/exhibit,exhibitjs,2015-06-18T22:54:25Z
37688870,https://github.com/kratchinsky/test,kratchinsky,2015-06-18T22:26:34Z
37689801,https://github.com/paulohenriquevn/drop-down-menu,paulohenriquevn,2015-06-18T22:51:54Z
37688252,https://github.com/sschadwick/SimpleHTTPServer,sschadwick,2015-06-18T22:14:48Z
37689073,https://github.com/keizerberos/simirc,keizerberos,2015-06-18T22:32:07Z
37688586,https://github.com/digidem/simple-odk-admin,digidem,2015-06-18T22:20:20Z
37688031,https://github.com/fluqui/random,fluqui,2015-06-18T22:10:29Z
37690059,https://github.com/kdocki-thinkful/collectorMgr,kdocki-thinkful,2015-06-18T22:59:02Z
37689730,https://github.com/rkrbaddam/shippedcmxdemorepo,rkrbaddam,2015-06-18T22:50:11Z
37688021,https://github.com/PatrickShelby/connectFour,PatrickShelby,2015-06-18T22:10:19Z
37689849,https://github.com/haza7/haza7.github.io,haza7,2015-06-18T22:53:19Z
37689940,https://github.com/FankieStepp/yii_proj2,FankieStepp,2015-06-18T22:56:02Z
37689958,https://github.com/RichardGregoryHamilton/Roman-Numerals,RichardGregoryHamilton,2015-06-18T22:56:26Z
37690054,https://github.com/ramen-dev/analytics.js-integration-ramen-orig,ramen-dev,2015-06-18T22:58:53Z
37687581,https://github.com/ajon542/RadixSort,ajon542,2015-06-18T22:00:30Z
37689012,https://github.com/sasson10/MemoGame,sasson10,2015-06-18T22:30:32Z
37689157,https://github.com/maortoubian/perwords,maortoubian,2015-06-18T22:34:42Z
37689205,https://github.com/shui91/shui91.github.io,shui91,2015-06-18T22:36:17Z
37688976,https://github.com/CrypticSwarm/sweetjsslides,CrypticSwarm,2015-06-18T22:29:35Z
37689092,https://github.com/ibrahimeshera/ibrahimeshera.github.io,ibrahimeshera,2015-06-18T22:32:45Z
37687928,https://github.com/praetore/MapClicker,praetore,2015-06-18T22:08:36Z
37688848,https://github.com/michaelpuzon/moback-js-sdk,michaelpuzon,2015-06-18T22:26:08Z
37689224,https://github.com/Ginkko/portfolio,Ginkko,2015-06-18T22:36:56Z
37689316,https://github.com/feerpessoa/filipefofinho,feerpessoa,2015-06-18T22:39:13Z
37688711,https://github.com/JakeThurman/pedalboard,JakeThurman,2015-06-18T22:22:56Z
37689010,https://github.com/lemoer/gluon-set-geo,lemoer,2015-06-18T22:30:30Z
37688213,https://github.com/bnolan/northwest-app,bnolan,2015-06-18T22:14:12Z
37689895,https://github.com/yujihayashi/areaadministrativa,yujihayashi,2015-06-18T22:54:29Z
37689931,https://github.com/higginsrob/selector,higginsrob,2015-06-18T22:55:42Z