27598684,https://github.com/maoberlehner/perfundo,maoberlehner,2014-12-05T15:59:24Z
27598070,https://github.com/paldepind/dffptch,paldepind,2014-12-05T15:44:30Z
27598583,https://github.com/owncloud/gallery,owncloud,2014-12-05T15:57:20Z
27598624,https://github.com/USEPA/Public_Web_AppBuilder,USEPA,2014-12-05T15:58:21Z
27596518,https://github.com/loyals-online/silverstripe-tinymce4,loyals-online,2014-12-05T15:08:36Z
27598003,https://github.com/EventMobi/angular-easy-test,EventMobi,2014-12-05T15:43:02Z
27597615,https://github.com/EDpuzzle/ckeditor-simple-image-plugin,EDpuzzle,2014-12-05T15:33:38Z
27596721,https://github.com/telerik/presentations,telerik,2014-12-05T15:13:01Z
27598487,https://github.com/renatoramiro/IoT-meteor,renatoramiro,2014-12-05T15:54:22Z
27598062,https://github.com/BrendanAnnable/MechWarrior,BrendanAnnable,2014-12-05T15:44:16Z
27598146,https://github.com/el-sonny/contratobook,el-sonny,2014-12-05T15:46:27Z
27597572,https://github.com/wankdanker/node-trimpath-template,wankdanker,2014-12-05T15:32:48Z
27597873,https://github.com/ghal/website-scrapping-using-Nodejs,ghal,2014-12-05T15:39:44Z
27596318,https://github.com/jbodah/core_sandbox,jbodah,2014-12-05T15:04:23Z
27596142,https://github.com/danielefrisanco/angularjs,danielefrisanco,2014-12-05T15:00:12Z
27597277,https://github.com/ladisays/weatherForecast,ladisays,2014-12-05T15:25:42Z
27598507,https://github.com/janmilosh/dashboard_carousel,janmilosh,2014-12-05T15:54:50Z
27598557,https://github.com/jamesWilkinson/portfolio,jamesWilkinson,2014-12-05T15:56:31Z
27596749,https://github.com/EliasZ/isebola.in,EliasZ,2014-12-05T15:13:50Z
27598645,https://github.com/Aurinn/Ucoz,Aurinn,2014-12-05T15:58:42Z
27598322,https://github.com/Delapouite/bin,Delapouite,2014-12-05T15:50:33Z
27598297,https://github.com/VanessaMaigne/Export,VanessaMaigne,2014-12-05T15:49:56Z
27597518,https://github.com/windgodvc/windgodvc.github.com,windgodvc,2014-12-05T15:31:21Z
27597593,https://github.com/anticoders/impact-module-newsletter,anticoders,2014-12-05T15:33:13Z
27597966,https://github.com/hackandfix/shultz-table,hackandfix,2014-12-05T15:42:07Z
27597983,https://github.com/Schibsted-Tech-Polska/gardr-plugin-ext-fastload,Schibsted-Tech-Polska,2014-12-05T15:42:28Z
27598005,https://github.com/ctranoris/forgestore-webui,ctranoris,2014-12-05T15:43:03Z
27598688,https://github.com/iMarkup/grunt-add-magento-19,iMarkup,2014-12-05T15:59:27Z
27597762,https://github.com/pablosistemas/netfpga,pablosistemas,2014-12-05T15:37:00Z
27598110,https://github.com/tstephen/wp-invoices,tstephen,2014-12-05T15:45:23Z
27598284,https://github.com/jfmoy/webapp-packager,jfmoy,2014-12-05T15:49:43Z
27597394,https://github.com/anticoders/impact-theme-basic,anticoders,2014-12-05T15:28:21Z
27596364,https://github.com/seandoes/todo,seandoes,2014-12-05T15:05:23Z
27598639,https://github.com/mattgraham/shack-huboard,mattgraham,2014-12-05T15:58:35Z
27597854,https://github.com/disenomb/testing,disenomb,2014-12-05T15:39:17Z
27597498,https://github.com/chrbradley/repetention,chrbradley,2014-12-05T15:30:48Z
27598579,https://github.com/abramlimpin/calem,abramlimpin,2014-12-05T15:57:15Z
27598616,https://github.com/emma-p/esquisse,emma-p,2014-12-05T15:58:03Z
27598610,https://github.com/Kyr/wf_test,Kyr,2014-12-05T15:58:01Z
27598412,https://github.com/ccau1/MazeGame,ccau1,2014-12-05T15:52:39Z
27597946,https://github.com/VTomovic90/Javascript,VTomovic90,2014-12-05T15:41:37Z
27598166,https://github.com/zettajs/zetta-pinoccio-api-driver,zettajs,2014-12-05T15:46:49Z
27598215,https://github.com/VitalyOstanin/enb-static-versions,VitalyOstanin,2014-12-05T15:48:05Z
27597015,https://github.com/guillaumeschweitzer/rpi_app,guillaumeschweitzer,2014-12-05T15:19:59Z
27598344,https://github.com/glennhoward/route212,glennhoward,2014-12-05T15:51:02Z
27597987,https://github.com/whelks-chance/TwitterCommunities,whelks-chance,2014-12-05T15:42:35Z
27596229,https://github.com/alexandremagne/facebook_esme,alexandremagne,2014-12-05T15:02:09Z
27597306,https://github.com/YuriyBatalov/Test,YuriyBatalov,2014-12-05T15:26:09Z
27597441,https://github.com/danielbeeke/raamwerk,danielbeeke,2014-12-05T15:29:37Z
27598647,https://github.com/bbliska/mas.500_hw5_cordoba,bbliska,2014-12-05T15:58:43Z
27596270,https://github.com/hash5/responsive_client,hash5,2014-12-05T15:03:09Z
27597735,https://github.com/anticoders/impact-seed,anticoders,2014-12-05T15:36:23Z
27596703,https://github.com/Dkirkbright/Week9Chart,Dkirkbright,2014-12-05T15:12:38Z
27597499,https://github.com/Antwerp-Operating-System/js_polymer_oauth,Antwerp-Operating-System,2014-12-05T15:30:50Z
27596986,https://github.com/ActiveAuth/ActiveAuth-Pronto,ActiveAuth,2014-12-05T15:19:10Z
27598489,https://github.com/neeboo/bitobo,neeboo,2014-12-05T15:54:24Z
27597174,https://github.com/asfman/alimama,asfman,2014-12-05T15:23:47Z
27598108,https://github.com/avanslaars/avanslaars.github.io,avanslaars,2014-12-05T15:45:17Z
27596797,https://github.com/Lich2013/myjs,Lich2013,2014-12-05T15:14:45Z
27596511,https://github.com/phnz/test-atom-shell,phnz,2014-12-05T15:08:25Z
27597378,https://github.com/kichappa/MathDaD,kichappa,2014-12-05T15:28:05Z
27598529,https://github.com/geoffreydhuyvetters/randomsoundgenerator,geoffreydhuyvetters,2014-12-05T15:55:32Z
27597621,https://github.com/sa1g2/BOT-GAME,sa1g2,2014-12-05T15:33:42Z
27596390,https://github.com/jokeofweek/comp400,jokeofweek,2014-12-05T15:05:53Z
27598552,https://github.com/horodnicdragos/book-sharing,horodnicdragos,2014-12-05T15:56:23Z
27598615,https://github.com/simokhalil/travis,simokhalil,2014-12-05T15:58:03Z
27598355,https://github.com/ludumpad/ludumpad-chrome-extension,ludumpad,2014-12-05T15:51:18Z
27597460,https://github.com/leurysanchez/easy-wallet,leurysanchez,2014-12-05T15:30:04Z
27597892,https://github.com/fuentesloic/init-expressJS,fuentesloic,2014-12-05T15:40:16Z
27596174,https://github.com/isbkch/jQueryLiveTranslator,isbkch,2014-12-05T15:00:51Z
27598154,https://github.com/iancl/senseJS,iancl,2014-12-05T15:46:35Z
27597536,https://github.com/dpetkevich/bckchnl,dpetkevich,2014-12-05T15:31:48Z
27597950,https://github.com/nopbyte/idm-pages,nopbyte,2014-12-05T15:41:47Z
27598178,https://github.com/mbertor/EPD7ULTIMO,mbertor,2014-12-05T15:46:58Z
27597687,https://github.com/ansilva1991/f,ansilva1991,2014-12-05T15:35:34Z
27596422,https://github.com/bdavidxyz/BackboneJS-simple-examples,bdavidxyz,2014-12-05T15:06:34Z
27596743,https://github.com/futurice/meme-booth,futurice,2014-12-05T15:13:39Z
27598466,https://github.com/91bananas/sockrak,91bananas,2014-12-05T15:53:51Z
27597120,https://github.com/vipulsharmahp/tzedakapp-demo2,vipulsharmahp,2014-12-05T15:22:34Z
27597681,https://github.com/AshDevFr/MMS,AshDevFr,2014-12-05T15:35:23Z
27598304,https://github.com/phnz/chromecast2,phnz,2014-12-05T15:50:08Z
27597864,https://github.com/zsjyxys/zsjyxys.github.io,zsjyxys,2014-12-05T15:39:31Z
27596539,https://github.com/Zcyon/Math-Function-Graph,Zcyon,2014-12-05T15:09:05Z
27597280,https://github.com/alshaw94/ChartExample,alshaw94,2014-12-05T15:25:45Z
27597327,https://github.com/mitbal/karaokebattle,mitbal,2014-12-05T15:26:47Z