20931199,https://github.com/CrawlerJS/CrawlerJS,CrawlerJS,2014-06-17T16:32:20Z
20930485,https://github.com/timoxley/npm-tutor,timoxley,2014-06-17T16:08:51Z
20930875,https://github.com/mikeal/requirein,mikeal,2014-06-17T16:21:35Z
20931882,https://github.com/PaulSec/WhatHashIsIt,PaulSec,2014-06-17T16:54:10Z
20931093,https://github.com/arzynik/squirrelly,arzynik,2014-06-17T16:28:48Z
20930554,https://github.com/flaprogrammer/mm3,flaprogrammer,2014-06-17T16:11:13Z
20931453,https://github.com/khzaw/missuniversemyanmar,khzaw,2014-06-17T16:40:41Z
20930972,https://github.com/pawsong/it-reminds.me,pawsong,2014-06-17T16:24:12Z
20931056,https://github.com/marcroses/AppFotoDenuncia,marcroses,2014-06-17T16:27:25Z
20930687,https://github.com/pottspotts/clickwars,pottspotts,2014-06-17T16:15:44Z
20930472,https://github.com/Opiant/opientTest,Opiant,2014-06-17T16:08:32Z
20931541,https://github.com/sanemat/node-tokyo-amesh-image-merger,sanemat,2014-06-17T16:43:31Z
20930265,https://github.com/raduvultur/handsontable-timepicker,raduvultur,2014-06-17T16:02:02Z
20931566,https://github.com/AcurstinSoft/Fuente,AcurstinSoft,2014-06-17T16:44:17Z
20932052,https://github.com/WillBMease/MIDI,WillBMease,2014-06-17T16:59:14Z
20931213,https://github.com/kyledetella/trender,kyledetella,2014-06-17T16:32:43Z
20931033,https://github.com/Inbarasan16/SimplePopup,Inbarasan16,2014-06-17T16:26:35Z
20931812,https://github.com/rajatshah92/glass_workspace,rajatshah92,2014-06-17T16:51:30Z
20930804,https://github.com/hectorip/EloquentJavaScriptExercises,hectorip,2014-06-17T16:19:33Z
20931402,https://github.com/leigh-johnson/filter-template,leigh-johnson,2014-06-17T16:39:02Z
20931572,https://github.com/rikkiprince/mastermind-june-2014-dojo,rikkiprince,2014-06-17T16:44:24Z
20931309,https://github.com/tl-nguyen/TelerikAcademy,tl-nguyen,2014-06-17T16:35:26Z
20931487,https://github.com/Manchul/travis_sample,Manchul,2014-06-17T16:41:34Z
20930756,https://github.com/babaskate/browserify_test,babaskate,2014-06-17T16:17:51Z
20932014,https://github.com/katlynwhitt/EtsyHW,katlynwhitt,2014-06-17T16:58:11Z
20930549,https://github.com/Artem-Ostankov/test,Artem-Ostankov,2014-06-17T16:11:00Z
20930758,https://github.com/kgrnbrg/E3Node,kgrnbrg,2014-06-17T16:17:54Z
20931406,https://github.com/marlonpp/retrospective,marlonpp,2014-06-17T16:39:12Z
20931547,https://github.com/stephenlb/pubnub-alljoyn,stephenlb,2014-06-17T16:43:39Z
20930878,https://github.com/grebnafets/linear_algebra,grebnafets,2014-06-17T16:21:41Z
20930986,https://github.com/jrnski/Development,jrnski,2014-06-17T16:24:41Z
20931700,https://github.com/locomotes/etsy,locomotes,2014-06-17T16:48:21Z
20930219,https://github.com/tfogo/video-annotator,tfogo,2014-06-17T16:00:24Z
20930834,https://github.com/jrundquist/flock,jrundquist,2014-06-17T16:20:28Z
20930838,https://github.com/simplyniceweb/hotel_reservation,simplyniceweb,2014-06-17T16:20:34Z
20930291,https://github.com/ksmxxxxxx/front-tools-template,ksmxxxxxx,2014-06-17T16:02:44Z
20930540,https://github.com/SunPeter/phantomjs,SunPeter,2014-06-17T16:10:40Z
20931563,https://github.com/node-modules/phantomtest,node-modules,2014-06-17T16:44:15Z
20930424,https://github.com/actarian/video,actarian,2014-06-17T16:07:03Z
20931990,https://github.com/jegsar/phone-gap-splash-screen-test,jegsar,2014-06-17T16:57:26Z
20930294,https://github.com/bobpaterno/mothgame,bobpaterno,2014-06-17T16:02:53Z
20930863,https://github.com/asusstyle/jQuery.style.form.elements,asusstyle,2014-06-17T16:21:15Z
20930989,https://github.com/rmigueldias/econsultancy,rmigueldias,2014-06-17T16:24:44Z
20931855,https://github.com/trungfinity/ken-dust,trungfinity,2014-06-17T16:53:10Z
20931914,https://github.com/wgao4000/shopping,wgao4000,2014-06-17T16:54:58Z
20930198,https://github.com/moonrocket/authentication,moonrocket,2014-06-17T16:00:08Z
20930264,https://github.com/sadana-ritvik/testApp,sadana-ritvik,2014-06-17T16:01:59Z
20931946,https://github.com/onetruebob/n-queens,onetruebob,2014-06-17T16:56:12Z
20932067,https://github.com/onetruebob/data-structures,onetruebob,2014-06-17T16:59:46Z
20931218,https://github.com/lupitaramosd/Moviles,lupitaramosd,2014-06-17T16:32:51Z
20930691,https://github.com/aren55555/aren55555.github.io,aren55555,2014-06-17T16:15:56Z
20930555,https://github.com/Mobilpadde/deltaTimeTest,Mobilpadde,2014-06-17T16:11:14Z
20931282,https://github.com/JoshuaWordSmith/classApp,JoshuaWordSmith,2014-06-17T16:34:32Z
20930356,https://github.com/flintovich/game-bugs,flintovich,2014-06-17T16:05:11Z
20930901,https://github.com/CodeCloudMe/sencha-basics,CodeCloudMe,2014-06-17T16:22:22Z
20931186,https://github.com/bertbalcaen/addenda_visualization,bertbalcaen,2014-06-17T16:31:57Z
20930562,https://github.com/robertcedwards/simply-sized-demo,robertcedwards,2014-06-17T16:11:32Z
20930422,https://github.com/marsa746079/marsa746079.github.io,marsa746079,2014-06-17T16:07:00Z
20930883,https://github.com/sahuguet/govlab-exp,sahuguet,2014-06-17T16:21:47Z
20930962,https://github.com/menaser89/Segeon,menaser89,2014-06-17T16:23:52Z
20930974,https://github.com/renciebautista/saleslead,renciebautista,2014-06-17T16:24:18Z
20931095,https://github.com/CodeCloudMe/base4,CodeCloudMe,2014-06-17T16:28:51Z
20930717,https://github.com/andikan/counter-page,andikan,2014-06-17T16:16:43Z
20930840,https://github.com/andrew-t/brackets.js,andrew-t,2014-06-17T16:20:36Z
20930856,https://github.com/asusstyle/jquery.flickr.img.showcase,asusstyle,2014-06-17T16:21:05Z