126231593,https://github.com/alirezarezvani/sunrise.php,alirezarezvani,2018-03-21T19:41:22Z
126232569,https://github.com/jaureguivictoria/Laravel-Skeleton,jaureguivictoria,2018-03-21T19:50:46Z
126230070,https://github.com/dubrod/flatorder,dubrod,2018-03-21T19:26:37Z
126231509,https://github.com/Keizashi/Project-4_Store-test-task,Keizashi,2018-03-21T19:40:35Z
126227245,https://github.com/evxzibit/aoc2017,evxzibit,2018-03-21T19:01:16Z
126227293,https://github.com/Firtzberg/Maravel,Firtzberg,2018-03-21T19:01:41Z
126230672,https://github.com/ivansirov/Ruby-Garage,ivansirov,2018-03-21T19:32:23Z
126233526,https://github.com/Ankit546/custom-wordpress-theme,Ankit546,2018-03-21T19:59:46Z
126233138,https://github.com/piugomes/portifolio,piugomes,2018-03-21T19:55:59Z
126231203,https://github.com/mhdnadeemali/tested_project,mhdnadeemali,2018-03-21T19:37:30Z
126232320,https://github.com/johereis3027/php,johereis3027,2018-03-21T19:48:20Z
126232954,https://github.com/DaleteSamara/portifolio,DaleteSamara,2018-03-21T19:54:21Z
126232999,https://github.com/NattyRaquel/portifolio,NattyRaquel,2018-03-21T19:54:41Z
126230045,https://github.com/BenjiSantos/caida,BenjiSantos,2018-03-21T19:26:21Z
126232424,https://github.com/demirtasilekr57/telegrambot,demirtasilekr57,2018-03-21T19:49:19Z
126233135,https://github.com/Brasili/Portifolio,Brasili,2018-03-21T19:55:56Z
126233155,https://github.com/omerkursadturkmen/php_odevi_21032018,omerkursadturkmen,2018-03-21T19:56:08Z
126228736,https://github.com/iMohammadd/ghasedak,iMohammadd,2018-03-21T19:14:37Z
126228930,https://github.com/iFaroukGN/supfile_frontend,iFaroukGN,2018-03-21T19:16:15Z
126231809,https://github.com/Janberbayev/TEST,Janberbayev,2018-03-21T19:43:18Z
126228610,https://github.com/newxiaoming/bofang,newxiaoming,2018-03-21T19:13:32Z
126229698,https://github.com/litstnt/mobile_app,litstnt,2018-03-21T19:23:12Z
126231497,https://github.com/bhagi25/repo,bhagi25,2018-03-21T19:40:30Z
126233140,https://github.com/VictorHugo04/Portifolio,VictorHugo04,2018-03-21T19:56:00Z
126228892,https://github.com/alxvgt/me.imateapot.ovh,alxvgt,2018-03-21T19:15:54Z
126233234,https://github.com/biancapastos/portfolio,biancapastos,2018-03-21T19:56:56Z
126232110,https://github.com/Flantropy/MVC-sample,Flantropy,2018-03-21T19:46:17Z
126227986,https://github.com/Buseceker/sunucuTabanliProgramlamaOdevi,Buseceker,2018-03-21T19:08:09Z
126229341,https://github.com/01yazilim/pdo,01yazilim,2018-03-21T19:20:03Z
126227516,https://github.com/jnjeguaman/Junji,jnjeguaman,2018-03-21T19:03:38Z
126233323,https://github.com/LoganTFox/PinSpinner,LoganTFox,2018-03-21T19:57:43Z
126230065,https://github.com/derflallys/moodle-mod_dllc,derflallys,2018-03-21T19:26:33Z
126229828,https://github.com/dovahkinnn/dsfddddddddddddd,dovahkinnn,2018-03-21T19:24:15Z
126229842,https://github.com/diegovernan/ordenacao_resultados,diegovernan,2018-03-21T19:24:24Z
126227382,https://github.com/Dayannis/cinema2,Dayannis,2018-03-21T19:02:26Z
126228743,https://github.com/anishvarsha/Library-Books-Management,anishvarsha,2018-03-21T19:14:41Z
126232568,https://github.com/antonio-gutierrez/workshop-git,antonio-gutierrez,2018-03-21T19:50:46Z
126228203,https://github.com/opencnab/opencnab,opencnab,2018-03-21T19:09:57Z
126232112,https://github.com/cdmccauley/php-demos,cdmccauley,2018-03-21T19:46:18Z
126233046,https://github.com/isabelaalmeida/Portifolio,isabelaalmeida,2018-03-21T19:55:05Z
126232653,https://github.com/sambursanjana/Bijouterie_Billing,sambursanjana,2018-03-21T19:51:33Z
126230466,https://github.com/filipemf1/project,filipemf1,2018-03-21T19:30:14Z
126232953,https://github.com/gihmartinez/portifolio,gihmartinez,2018-03-21T19:54:20Z
126231863,https://github.com/fedorovrb/magazin,fedorovrb,2018-03-21T19:43:56Z
126227123,https://github.com/bkmsx/kyc-consen,bkmsx,2018-03-21T19:00:16Z
126232539,https://github.com/deveninja/customMVC,deveninja,2018-03-21T19:50:29Z
126233053,https://github.com/Semana6/Semana6,Semana6,2018-03-21T19:55:07Z
126233479,https://github.com/boba/php_todo,boba,2018-03-21T19:59:22Z
126233259,https://github.com/LiviaFerreira/portifolio,LiviaFerreira,2018-03-21T19:57:08Z
126233273,https://github.com/rzhang96/cs135-project,rzhang96,2018-03-21T19:57:17Z
126231855,https://github.com/etieleman/it635project,etieleman,2018-03-21T19:43:54Z
126233160,https://github.com/mohit-in/FruitFulEvent,mohit-in,2018-03-21T19:56:09Z
126232813,https://github.com/Rodionov84/lesson-15,Rodionov84,2018-03-21T19:53:11Z
126231280,https://github.com/martinbjorgan/wp-test,martinbjorgan,2018-03-21T19:38:19Z
126232005,https://github.com/marciozeh/udemy,marciozeh,2018-03-21T19:45:19Z
126232937,https://github.com/vespaz/portifolio,vespaz,2018-03-21T19:54:11Z
126232728,https://github.com/mrairjan/unit-test-workshop,mrairjan,2018-03-21T19:52:17Z
126231639,https://github.com/diablomedia/zf1-server,diablomedia,2018-03-21T19:41:43Z
126229079,https://github.com/JohnSell620/bart-route-web-app,JohnSell620,2018-03-21T19:17:52Z
126233370,https://github.com/lealhillary6/Portifolio,lealhillary6,2018-03-21T19:58:10Z
126228126,https://github.com/gu/5473_final_project,gu,2018-03-21T19:09:19Z
126227501,https://github.com/KevinMartins367/pagseguro-extension,KevinMartins367,2018-03-21T19:03:31Z
126229453,https://github.com/sinajamoly/contactForm_CRUD_Laravel,sinajamoly,2018-03-21T19:21:03Z
126231803,https://github.com/studio3marketing/drupal-to-wp-migration,studio3marketing,2018-03-21T19:43:12Z
126231552,https://github.com/Tiaanh/openshift-php,Tiaanh,2018-03-21T19:41:03Z
126227583,https://github.com/findyourlove/findyourlove.github.io,findyourlove,2018-03-21T19:04:15Z
126229174,https://github.com/Byrnel/hhhive,Byrnel,2018-03-21T19:18:41Z
126227799,https://github.com/leo-pro/phpmailer,leo-pro,2018-03-21T19:06:29Z
126229950,https://github.com/ashishahujaindia/Cloud-Formation-Code-Generator,ashishahujaindia,2018-03-21T19:25:26Z
126229967,https://github.com/filippopov/devision_task,filippopov,2018-03-21T19:25:38Z
126229873,https://github.com/jgab-net/Chileatiende-2.0,jgab-net,2018-03-21T19:24:38Z
126231934,https://github.com/gabrielborgesdm/scholarProject,gabrielborgesdm,2018-03-21T19:44:36Z
126228903,https://github.com/jacobashtem/balkonypodwieszane,jacobashtem,2018-03-21T19:15:58Z