74873203,https://github.com/thysultan/stylis.js,thysultan,2016-11-27T07:15:27Z
74874368,https://github.com/kfei/vue-s3-dropzone,kfei,2016-11-27T07:47:09Z
74874114,https://github.com/msj121/aframeFrogShaders,msj121,2016-11-27T07:39:47Z
74872774,https://github.com/chethann/rn-popup,chethann,2016-11-27T07:04:00Z
74874306,https://github.com/getweapp/weapp-youdiao,getweapp,2016-11-27T07:45:16Z
74874906,https://github.com/chuyun/QReader,chuyun,2016-11-27T07:58:27Z
74873848,https://github.com/xiaohan2012/meeting-arrangement-chatbot,xiaohan2012,2016-11-27T07:32:59Z
74874077,https://github.com/dfrankland/image-xterm-loader,dfrankland,2016-11-27T07:38:57Z
74874180,https://github.com/QQ153/WeChat,QQ153,2016-11-27T07:41:35Z
74874045,https://github.com/QQ153/YL,QQ153,2016-11-27T07:38:05Z
74872676,https://github.com/mattiaocchiuto/actions-creator-factory,mattiaocchiuto,2016-11-27T07:01:35Z
74873282,https://github.com/bbbbx/wechat,bbbbx,2016-11-27T07:17:09Z
74873913,https://github.com/manasasanka/otcr_darley,manasasanka,2016-11-27T07:34:33Z
74873348,https://github.com/webfrontzhifei/blogFrame,webfrontzhifei,2016-11-27T07:18:53Z
74874854,https://github.com/yetaai/bureaufast,yetaai,2016-11-27T07:57:14Z
74874940,https://github.com/hybridlogics/loopback-angular-todo,hybridlogics,2016-11-27T07:59:28Z
74873244,https://github.com/NakedM/ttest,NakedM,2016-11-27T07:16:19Z
74872898,https://github.com/RealHacker/LifeCalendar,RealHacker,2016-11-27T07:07:17Z
74872853,https://github.com/ssmadhan/ssmadhan.github.io,ssmadhan,2016-11-27T07:06:19Z
74873768,https://github.com/wooiliang/w-sqs,wooiliang,2016-11-27T07:30:51Z
74874314,https://github.com/byronsha/resource-scheduler,byronsha,2016-11-27T07:45:22Z
74872710,https://github.com/hisukayu/hisukayu_project,hisukayu,2016-11-27T07:02:30Z
74874494,https://github.com/carmeloramirez/Restaurantes_Angular2,carmeloramirez,2016-11-27T07:49:58Z
74874569,https://github.com/xiezhaoyang/fe_camp_2016,xiezhaoyang,2016-11-27T07:51:19Z
74873597,https://github.com/juedan/leaflet.getset,juedan,2016-11-27T07:25:52Z
74874196,https://github.com/reevesrs24/occupational_trends,reevesrs24,2016-11-27T07:42:04Z
74874510,https://github.com/FacelessManipulator/face-detect,FacelessManipulator,2016-11-27T07:50:18Z
74874842,https://github.com/chrislandeza/chrislandeza,chrislandeza,2016-11-27T07:56:46Z
74873000,https://github.com/SuperSodaSea/supersodasea.github.io,SuperSodaSea,2016-11-27T07:09:48Z
74874013,https://github.com/shipeifei/requireDemo,shipeifei,2016-11-27T07:37:08Z
74873675,https://github.com/WindBridget/JS_Training,WindBridget,2016-11-27T07:28:11Z
74874126,https://github.com/Napat/iot_peripheral,Napat,2016-11-27T07:40:14Z
74874216,https://github.com/Sattanaso/NodeJS-simple-examples,Sattanaso,2016-11-27T07:42:53Z
74872781,https://github.com/Nfinley/News_App_Scraper_MongoDB,Nfinley,2016-11-27T07:04:19Z
74874935,https://github.com/kobeycs/JS_Demo_Project,kobeycs,2016-11-27T07:59:24Z
74872625,https://github.com/kazu9su/webpack-intro,kazu9su,2016-11-27T07:00:10Z
74872827,https://github.com/andrewladd/newstoday,andrewladd,2016-11-27T07:05:21Z
74874017,https://github.com/Arpit-Patel/Create-Meetups-Mean-App,Arpit-Patel,2016-11-27T07:37:16Z
74874157,https://github.com/wamburu/sokoni,wamburu,2016-11-27T07:40:54Z
74873608,https://github.com/MichaelWehar/SudokuTree,MichaelWehar,2016-11-27T07:26:03Z
74872844,https://github.com/martastachecka/calendar-rrrr-wishes,martastachecka,2016-11-27T07:06:00Z
74872901,https://github.com/mxdi9i7/mcMusic,mxdi9i7,2016-11-27T07:07:20Z
74873769,https://github.com/ryjchen/scroll-site,ryjchen,2016-11-27T07:30:51Z
74874698,https://github.com/asheshvidyut7/hireclub,asheshvidyut7,2016-11-27T07:53:44Z
74873133,https://github.com/masureshho/chasinglight-fb-webhook,masureshho,2016-11-27T07:13:26Z
74872793,https://github.com/uendno/funny-cal-server,uendno,2016-11-27T07:04:36Z
74872678,https://github.com/jessg1010/capital-punishment,jessg1010,2016-11-27T07:01:36Z
74873415,https://github.com/ckhesy/react-simple,ckhesy,2016-11-27T07:20:50Z
74873844,https://github.com/toplitao/graduationDesign,toplitao,2016-11-27T07:32:52Z
74874786,https://github.com/datyayu/redux-action-generator,datyayu,2016-11-27T07:55:36Z
74874206,https://github.com/Winscreen/Shopping-Card,Winscreen,2016-11-27T07:42:29Z
74874344,https://github.com/zuoyexingchen/fe_camp_2016,zuoyexingchen,2016-11-27T07:46:17Z
74873871,https://github.com/Rico75/ricardoswebconsulting-angular-php,Rico75,2016-11-27T07:33:35Z
74874213,https://github.com/dipsa/redux-book-shelf,dipsa,2016-11-27T07:42:50Z
74874100,https://github.com/Opisa/Delaware-Valley-Church-Planting,Opisa,2016-11-27T07:39:27Z
74872726,https://github.com/joshringer/funwithvoice,joshringer,2016-11-27T07:02:48Z
74874498,https://github.com/rizalp1/pradeeprizal.com,rizalp1,2016-11-27T07:50:03Z
74874819,https://github.com/ZymBaBa/angular-permission-master,ZymBaBa,2016-11-27T07:56:22Z
74873323,https://github.com/hellojava2016/timesynchronize,hellojava2016,2016-11-27T07:18:06Z
74873179,https://github.com/mxx2002/origin,mxx2002,2016-11-27T07:14:40Z
74874016,https://github.com/tilevi/PopularMusicOver50Years,tilevi,2016-11-27T07:37:14Z
74874251,https://github.com/manuelmolinier/requestheaderparser,manuelmolinier,2016-11-27T07:44:00Z
74874349,https://github.com/SnowGojira/myearth,SnowGojira,2016-11-27T07:46:25Z
74874168,https://github.com/Fay-Hu/scss-core,Fay-Hu,2016-11-27T07:41:09Z
74874628,https://github.com/beilunyang/xiaohua,beilunyang,2016-11-27T07:52:26Z
74874635,https://github.com/xuperouter/front,xuperouter,2016-11-27T07:52:44Z
74874722,https://github.com/Highbury1913/anguflix,Highbury1913,2016-11-27T07:54:09Z
74874806,https://github.com/prolland006/protractor_google_pagerank_light,prolland006,2016-11-27T07:56:05Z