139378103,https://github.com/wule61/apiserver,wule61,2018-07-02T01:51:16Z
139377500,https://github.com/iamdobi/majordomo-go,iamdobi,2018-07-02T01:44:14Z
139376744,https://github.com/ninokop/mesher,ninokop,2018-07-02T01:35:15Z
139378029,https://github.com/EvanMGates/gncicu,EvanMGates,2018-07-02T01:50:24Z
139375270,https://github.com/wanglei-ok/go-portstate,wanglei-ok,2018-07-02T01:13:56Z
139375572,https://github.com/lllichen/paxos-go,lllichen,2018-07-02T01:18:44Z
139376060,https://github.com/5up3rc/go-nmap,5up3rc,2018-07-02T01:25:41Z
139378656,https://github.com/techknowlogick/go-retricon,techknowlogick,2018-07-02T01:58:03Z
139376800,https://github.com/ext-studio/neon-go,ext-studio,2018-07-02T01:36:08Z
139377635,https://github.com/xioqho/quzylo,xioqho,2018-07-02T01:45:48Z