150574638,https://github.com/ttillberg/acf-color-thief,ttillberg,2018-09-27T11:14:10Z
150577416,https://github.com/MFikri94/codeigniter-morris-chart,MFikri94,2018-09-27T11:39:57Z
150578122,https://github.com/RahulRawat1994/DataMapper-tutorial,RahulRawat1994,2018-09-27T11:46:01Z
150575688,https://github.com/FrancescaBambozzi/vanilla,FrancescaBambozzi,2018-09-27T11:24:21Z
150577278,https://github.com/hbhe/yii2-toggle-column,hbhe,2018-09-27T11:38:47Z
150574523,https://github.com/lukaswhite/directory,lukaswhite,2018-09-27T11:13:06Z
150576079,https://github.com/50inthe314/new-portfolio,50inthe314,2018-09-27T11:27:46Z
150576789,https://github.com/olakehinde/laravel5.5-pmanager,olakehinde,2018-09-27T11:34:26Z
150574004,https://github.com/seothemes/display-related-posts-genesis,seothemes,2018-09-27T11:07:31Z
150575816,https://github.com/dmpliamplias/dinner_for_winner,dmpliamplias,2018-09-27T11:25:12Z
150579164,https://github.com/Hem-raj123/Laravel-Admin-Panel,Hem-raj123,2018-09-27T11:54:44Z
150573997,https://github.com/mackevin1/watkins-admin,mackevin1,2018-09-27T11:07:27Z
150574031,https://github.com/davidthepow/MyGobEsc,davidthepow,2018-09-27T11:07:50Z
150576072,https://github.com/karpad2/oop3_project,karpad2,2018-09-27T11:27:44Z
150577052,https://github.com/RROfficial/ktpkkgenerate,RROfficial,2018-09-27T11:36:47Z
150578741,https://github.com/thedan1984/WordPress-Functions,thedan1984,2018-09-27T11:51:08Z
150577297,https://github.com/genuisz/ECSCodeDeployTest,genuisz,2018-09-27T11:38:56Z
150577847,https://github.com/tinkape/p-pedido,tinkape,2018-09-27T11:43:37Z
150579006,https://github.com/jakub-at-techpike/lekce-2,jakub-at-techpike,2018-09-27T11:53:20Z
150575674,https://github.com/AndriyMand/support,AndriyMand,2018-09-27T11:24:17Z
150574458,https://github.com/jcvxxx/ecommerce,jcvxxx,2018-09-27T11:12:20Z
150576976,https://github.com/ramadan35/aau-ammar,ramadan35,2018-09-27T11:36:03Z
150573445,https://github.com/ampleev0503/yii2-basic,ampleev0503,2018-09-27T11:02:13Z
150576332,https://github.com/farnaz91/CMS,farnaz91,2018-09-27T11:30:12Z
150575959,https://github.com/Tech-Arays/printify,Tech-Arays,2018-09-27T11:26:39Z
150575974,https://github.com/EmptyPM/Domodev-coming-soon,EmptyPM,2018-09-27T11:26:51Z
150577128,https://github.com/onlyzoran/CleanCleaning,onlyzoran,2018-09-27T11:37:28Z
150576630,https://github.com/duqueGZ/mvc-silex-gadisa,duqueGZ,2018-09-27T11:32:58Z
150576067,https://github.com/padkan/php-slim-mvc,padkan,2018-09-27T11:27:42Z
150573395,https://github.com/blessdarah/sripts,blessdarah,2018-09-27T11:01:48Z
150579442,https://github.com/denieallj/laravel-blog,denieallj,2018-09-27T11:57:06Z
150577218,https://github.com/StanceStudio/searchwp,StanceStudio,2018-09-27T11:38:17Z
150577421,https://github.com/kamicollo/wp-poko-plugin,kamicollo,2018-09-27T11:39:59Z
150578311,https://github.com/loiclau/Bambi,loiclau,2018-09-27T11:47:27Z
150573819,https://github.com/yswoo7732/virtualbox-ubuntu,yswoo7732,2018-09-27T11:05:41Z
150576074,https://github.com/anhnt81/student-score,anhnt81,2018-09-27T11:27:45Z
150576407,https://github.com/prashantimpinge/giovanni,prashantimpinge,2018-09-27T11:30:53Z
150579607,https://github.com/Jakerevans/wpbooklist-customfields,Jakerevans,2018-09-27T11:58:34Z
150578790,https://github.com/hmztsc/image_resize,hmztsc,2018-09-27T11:51:30Z
150575285,https://github.com/ranggirahman/DSS-ToyotaCarSelector,ranggirahman,2018-09-27T11:20:25Z
150573779,https://github.com/hz61p1/octagon-backend,hz61p1,2018-09-27T11:05:18Z
150576597,https://github.com/javichumellamo/zendTest,javichumellamo,2018-09-27T11:32:35Z
150574840,https://github.com/FwrMedia/Drupal-8-Test,FwrMedia,2018-09-27T11:16:05Z
150574119,https://github.com/szwss/shop,szwss,2018-09-27T11:08:42Z
150574151,https://github.com/devdevil94/WordPress-travel-agency-website,devdevil94,2018-09-27T11:09:00Z
150577899,https://github.com/Viktor0014/test_page,Viktor0014,2018-09-27T11:44:06Z
150574925,https://github.com/machkhana/get-from-mysql-using-javascript,machkhana,2018-09-27T11:16:56Z
150577317,https://github.com/dbescansac/prueba2,dbescansac,2018-09-27T11:39:05Z
150573456,https://github.com/serger777/runski,serger777,2018-09-27T11:02:17Z
150577943,https://github.com/SriramTalasila/feedback,SriramTalasila,2018-09-27T11:44:35Z
150574441,https://github.com/andrewradj/docandi_backend,andrewradj,2018-09-27T11:12:05Z
150579604,https://github.com/derwinsadiwa/wordpress-react,derwinsadiwa,2018-09-27T11:58:33Z
150579201,https://github.com/mochi5o/f01_32_kadai08,mochi5o,2018-09-27T11:55:07Z
150574169,https://github.com/dasun2110/php-sample-web,dasun2110,2018-09-27T11:09:09Z
150579116,https://github.com/Perfect-erudite/FileOop,Perfect-erudite,2018-09-27T11:54:19Z
150579142,https://github.com/melissaviltet/quete-composer,melissaviltet,2018-09-27T11:54:33Z
150576649,https://github.com/jlferrete/test,jlferrete,2018-09-27T11:33:11Z
150576689,https://github.com/AlexanderGusevWeb/Kamchatka,AlexanderGusevWeb,2018-09-27T11:33:31Z
150575506,https://github.com/codemt/wiswygeditorexampleapp,codemt,2018-09-27T11:22:48Z
150575575,https://github.com/jc451631/cms_plugin,jc451631,2018-09-27T11:23:22Z
150574832,https://github.com/SimplonSt-Gaudens/Revision_Laravel,SimplonSt-Gaudens,2018-09-27T11:16:03Z
150577293,https://github.com/AlexBredihin/add,AlexBredihin,2018-09-27T11:38:55Z
150576753,https://github.com/MiguelPita/Prueba2,MiguelPita,2018-09-27T11:34:05Z
150579158,https://github.com/MGAjinugrh/PHP7-phpmailer-registration,MGAjinugrh,2018-09-27T11:54:41Z
150576205,https://github.com/Ejies/Clinic-Management-System,Ejies,2018-09-27T11:29:09Z
150576831,https://github.com/verofari/WSSoap,verofari,2018-09-27T11:34:47Z
150578083,https://github.com/marcellofiore/PayPal-Api-Subscription,marcellofiore,2018-09-27T11:45:46Z