116887935,https://github.com/andrestc/delaystat,andrestc,2018-01-10T00:40:45Z
116887698,https://github.com/damdo/mirror,damdo,2018-01-10T00:37:22Z
116889005,https://github.com/casandberg/json-amqp,casandberg,2018-01-10T00:55:19Z
116887854,https://github.com/sandman-cs/udp-to-rabbitmq,sandman-cs,2018-01-10T00:39:43Z
116885769,https://github.com/Anrop/Anrop-Squad,Anrop,2018-01-10T00:11:15Z
116886484,https://github.com/oshou/procon,oshou,2018-01-10T00:21:38Z
116886428,https://github.com/lccezinha/twodo,lccezinha,2018-01-10T00:20:43Z
116888295,https://github.com/astericky/GoCasts,astericky,2018-01-10T00:45:33Z