10190225,https://github.com/leeoniya/GIFter.js,leeoniya,2013-05-21T07:30:10Z
10190230,https://github.com/googamanga/AIStuff,googamanga,2013-05-21T07:30:26Z
10190269,https://github.com/magsout/boilerplate,magsout,2013-05-21T07:33:52Z
10189973,https://github.com/laurihy/hellojs-jasmine,laurihy,2013-05-21T07:13:26Z
10190040,https://github.com/cdc-im/jquery.roll,cdc-im,2013-05-21T07:18:16Z
10190377,https://github.com/pkjain/embedyt,pkjain,2013-05-21T07:40:31Z
10190652,https://github.com/grodansparadis/vscp-install-windows,grodansparadis,2013-05-21T07:56:27Z
10190505,https://github.com/fanks/SWFLoader,fanks,2013-05-21T07:48:51Z
10190562,https://github.com/tatamizzz/kendoui.ext,tatamizzz,2013-05-21T07:51:59Z
10190665,https://github.com/abrkn/pg-test,abrkn,2013-05-21T07:57:29Z
10190258,https://github.com/MoKee/android_vendor_htc_villec2,MoKee,2013-05-21T07:32:48Z
10190402,https://github.com/BillionShort/ChangeArial,BillionShort,2013-05-21T07:42:17Z
10190310,https://github.com/liyangwood/CollectEverything,liyangwood,2013-05-21T07:35:43Z
10190024,https://github.com/EropEnnaYram/PORE_ANHSEnrollmentSystem,EropEnnaYram,2013-05-21T07:16:48Z
10190129,https://github.com/pang-abc/work-abc,pang-abc,2013-05-21T07:23:23Z
10190001,https://github.com/miguelbermudez/rijks-express,miguelbermudez,2013-05-21T07:14:53Z
10190327,https://github.com/thinkingsimple/Tetris,thinkingsimple,2013-05-21T07:37:00Z
10190211,https://github.com/Altair68/Projekt,Altair68,2013-05-21T07:29:09Z
10190523,https://github.com/NefedovAO/grunt-wi-json-palette,NefedovAO,2013-05-21T07:49:47Z
10190590,https://github.com/bitcasa-eisnerguy1/bitcasa-eisnerguy1.github.com,bitcasa-eisnerguy1,2013-05-21T07:53:42Z
10190696,https://github.com/okcjs/OKCJS_Impact_Demo,okcjs,2013-05-21T07:59:30Z
10189836,https://github.com/thynson/blogcraft,thynson,2013-05-21T07:02:44Z
10190148,https://github.com/sebikovacs/twitter-app,sebikovacs,2013-05-21T07:24:59Z
10190191,https://github.com/Playr/playr.github.io,Playr,2013-05-21T07:27:43Z
10190121,https://github.com/opensquare/MM-interactive-merge,opensquare,2013-05-21T07:23:01Z
10190616,https://github.com/laurihy/hellojs-d3,laurihy,2013-05-21T07:54:42Z
10190680,https://github.com/agorafrontend/agora_front_trends,agorafrontend,2013-05-21T07:58:12Z
10190654,https://github.com/the-simian/OKCJS_Impact_Example,the-simian,2013-05-21T07:56:30Z
10190582,https://github.com/wxxian001/wsblog,wxxian001,2013-05-21T07:53:10Z
10190473,https://github.com/kobmic/ember-example,kobmic,2013-05-21T07:46:31Z
10190511,https://github.com/gsamokovarov/todo-example,gsamokovarov,2013-05-21T07:49:01Z
10190100,https://github.com/ildoc/fwstats,ildoc,2013-05-21T07:21:58Z