24537356,https://github.com/AsgardCms/Blog,AsgardCms,2014-09-27T16:56:53Z
24536153,https://github.com/packetcode/fbloginlogout,packetcode,2014-09-27T16:02:07Z
24536176,https://github.com/lukapeharda/disable-styles-scripts,lukapeharda,2014-09-27T16:02:54Z
24537220,https://github.com/danrice01/wp-filler,danrice01,2014-09-27T16:51:20Z
24536819,https://github.com/pingpong-labs/testing,pingpong-labs,2014-09-27T16:31:45Z
24536762,https://github.com/happyproff/yii-gallerymanager,happyproff,2014-09-27T16:29:31Z
24537020,https://github.com/bee7er/Word-Press-Forum,bee7er,2014-09-27T16:41:33Z
24537462,https://github.com/felix007/fotorama,felix007,2014-09-27T16:59:57Z
24536207,https://github.com/h-hub/resource-ms,h-hub,2014-09-27T16:03:46Z
24536675,https://github.com/jeissonp/streamwrapperdrupal,jeissonp,2014-09-27T16:25:21Z
24536454,https://github.com/rm-yakovenko/yandex_translator_bundle,rm-yakovenko,2014-09-27T16:15:22Z
24537441,https://github.com/antonioasaro/Antonio-Traffic,antonioasaro,2014-09-27T16:59:25Z
24536306,https://github.com/juanda621/Mobility,juanda621,2014-09-27T16:08:04Z
24536977,https://github.com/shanuka/android_parceble_jackson,shanuka,2014-09-27T16:39:16Z
24536783,https://github.com/j3j5/InstaTakePHP,j3j5,2014-09-27T16:30:26Z
24536607,https://github.com/scattenlaeufer/resodb,scattenlaeufer,2014-09-27T16:22:18Z
24536275,https://github.com/packetcode/fblogin_bootstrap_theme,packetcode,2014-09-27T16:06:47Z