55648358,https://github.com/amattn/webapptemplate,amattn,2016-04-06T23:27:36Z
55648559,https://github.com/btrowbridge/whispering-gophers,btrowbridge,2016-04-06T23:32:20Z
55647883,https://github.com/diegodelfin7/tutorial-dbgo,diegodelfin7,2016-04-06T23:16:17Z
55647207,https://github.com/alyoshka/calc-server,alyoshka,2016-04-06T23:01:27Z
55648568,https://github.com/fiberwire/duel-server,fiberwire,2016-04-06T23:32:34Z