48638771,https://github.com/soh335/sliceflag,soh335,2015-12-27T08:47:20Z
48637700,https://github.com/jdoliner/go-proto,jdoliner,2015-12-27T08:09:59Z
48637736,https://github.com/ericychoi/kots,ericychoi,2015-12-27T08:11:28Z
48637780,https://github.com/tambykojak/articlserver,tambykojak,2015-12-27T08:13:11Z
48639003,https://github.com/magiccao/buffer_pool,magiccao,2015-12-27T08:56:59Z
48638379,https://github.com/maddyonline/problems,maddyonline,2015-12-27T08:34:40Z