1686937,https://github.com/flashlizi/html5lab,flashlizi,2011-05-01T05:29:12Z
1686951,https://github.com/pehrlich/gitfight,pehrlich,2011-05-01T05:38:20Z
1686947,https://github.com/halfhalo/wosi-parody,halfhalo,2011-05-01T05:36:19Z