231777578,https://github.com/c1982/sgsync,c1982,2020-01-04T14:34:47Z
231780836,https://github.com/varconf/varconf-client-go,varconf,2020-01-04T14:57:40Z
231777147,https://github.com/sematext/terraform-provider-sematext,sematext,2020-01-04T14:32:01Z
231774170,https://github.com/Humm42/morsebeep,Humm42,2020-01-04T14:10:39Z
231773707,https://github.com/vita-dounai/secp256k1_in_go,vita-dounai,2020-01-04T14:07:23Z
231780177,https://github.com/coderun-top/coderun,coderun-top,2020-01-04T14:53:03Z
231779891,https://github.com/DoraemonOS/android_build_soong,DoraemonOS,2020-01-04T14:51:00Z
231776382,https://github.com/alterorb/http-api,alterorb,2020-01-04T14:26:40Z
231772924,https://github.com/maraljam44/gobook-snippetbox,maraljam44,2020-01-04T14:01:59Z
231777350,https://github.com/tempcke/exercism-go-solutions,tempcke,2020-01-04T14:33:09Z
231773005,https://github.com/liuning108/golang,liuning108,2020-01-04T14:02:28Z
231780136,https://github.com/madmen2529/Playground-Golang,madmen2529,2020-01-04T14:52:40Z
231774285,https://github.com/cyrilix/robocar-objects-detection,cyrilix,2020-01-04T14:11:33Z
231779220,https://github.com/mduvarci12/goSamples,mduvarci12,2020-01-04T14:46:17Z
231773515,https://github.com/xenbo/http_parser,xenbo,2020-01-04T14:06:03Z
231775374,https://github.com/githublyp0606/Go_learning,githublyp0606,2020-01-04T14:19:38Z
231780313,https://github.com/DoraemonOS/android_build_blueprint,DoraemonOS,2020-01-04T14:54:00Z
231772950,https://github.com/raomx/jobqueue,raomx,2020-01-04T14:02:06Z
231778781,https://github.com/maraljam44/models-folder,maraljam44,2020-01-04T14:43:12Z
231780858,https://github.com/Kinggo/infra,Kinggo,2020-01-04T14:57:47Z
231774331,https://github.com/EduardoAraD/goarea,EduardoAraD,2020-01-04T14:11:53Z