16825178,https://github.com/danielmiessler/vim,danielmiessler,2014-02-14T02:52:58Z
16824935,https://github.com/danielpigott/cloudflare-cli,danielpigott,2014-02-14T02:40:37Z
16824773,https://github.com/marcells/bloggy,marcells,2014-02-14T02:33:56Z
16825069,https://github.com/bigeyex/brackets-wordhint,bigeyex,2014-02-14T02:47:20Z
16824164,https://github.com/jhazen66/clickgame,jhazen66,2014-02-14T02:05:46Z
16824632,https://github.com/xdamman/readability-cli,xdamman,2014-02-14T02:27:04Z
16824326,https://github.com/learningobjectsinc/mathml-to-asciimath,learningobjectsinc,2014-02-14T02:12:46Z
16825343,https://github.com/marksteve/val,marksteve,2014-02-14T02:59:12Z
16824268,https://github.com/chouseknecht/angular-codemirror,chouseknecht,2014-02-14T02:10:22Z
16824800,https://github.com/wafflesfm/syrup,wafflesfm,2014-02-14T02:34:41Z
16824068,https://github.com/morgante/travelwatch,morgante,2014-02-14T02:01:06Z
16824787,https://github.com/gianordoli/telephone,gianordoli,2014-02-14T02:34:12Z
16824478,https://github.com/1024bit/jq-plugins,1024bit,2014-02-14T02:19:14Z
16824978,https://github.com/martinlindhe/core_dev,martinlindhe,2014-02-14T02:42:51Z
16824295,https://github.com/william26/restlight,william26,2014-02-14T02:11:29Z
16825221,https://github.com/tc/hello-sumo,tc,2014-02-14T02:54:24Z
16824583,https://github.com/gregorysroberts/api-personal,gregorysroberts,2014-02-14T02:25:01Z
16824158,https://github.com/abrgr/connected_model,abrgr,2014-02-14T02:05:36Z
16825122,https://github.com/Jayele1/PhoneUse,Jayele1,2014-02-14T02:50:09Z
16824492,https://github.com/closrks/highchart-poc,closrks,2014-02-14T02:19:53Z
16825051,https://github.com/wollardj/mandrillctl,wollardj,2014-02-14T02:46:23Z
16825330,https://github.com/hljagda/task1,hljagda,2014-02-14T02:58:48Z
16824516,https://github.com/maryisbusy/gulp-examples,maryisbusy,2014-02-14T02:21:13Z
16824906,https://github.com/mweiss17/sdsDjango,mweiss17,2014-02-14T02:39:18Z
16824739,https://github.com/jlmwebhosting/funcunit.com,jlmwebhosting,2014-02-14T02:32:10Z
16824514,https://github.com/Johnmichaelyabut/onlineExamAdmin,Johnmichaelyabut,2014-02-14T02:21:02Z
16824086,https://github.com/jimchristie/distributed-nav-items,jimchristie,2014-02-14T02:02:25Z
16825029,https://github.com/qingxiao/xiaoqing,qingxiao,2014-02-14T02:45:24Z
16825123,https://github.com/grainier/tunnel-helicopter,grainier,2014-02-14T02:50:10Z
16824374,https://github.com/NicoJL/servicio,NicoJL,2014-02-14T02:15:04Z
16824702,https://github.com/nixsticks/palebluedot,nixsticks,2014-02-14T02:30:41Z
16824418,https://github.com/rummanwaqar/Gyro-Display,rummanwaqar,2014-02-14T02:16:43Z
16824393,https://github.com/ajwtech/VideoOnDemand,ajwtech,2014-02-14T02:15:51Z
16824176,https://github.com/semyon-gordeev/creatives,semyon-gordeev,2014-02-14T02:06:56Z
16824799,https://github.com/amaoxia/knowledgebase,amaoxia,2014-02-14T02:34:36Z
16825105,https://github.com/kluyg/kluyg.github.io,kluyg,2014-02-14T02:49:25Z
16824199,https://github.com/atgmoom/atgframe,atgmoom,2014-02-14T02:07:36Z
16824049,https://github.com/zachwolf/grunt-pseudo-concat,zachwolf,2014-02-14T02:00:36Z
16825338,https://github.com/stoph/presence,stoph,2014-02-14T02:59:01Z