219083923,https://github.com/coryrose1/livewire-tables,coryrose1,2019-11-02T00:45:13Z
219080217,https://github.com/acelords/generators,acelords,2019-11-02T00:02:05Z
219081800,https://github.com/mehmetarik/wordpress-responsive-film-temasi,mehmetarik,2019-11-02T00:21:26Z
219083090,https://github.com/sabakan789/tech_boost_php,sabakan789,2019-11-02T00:35:07Z
219081013,https://github.com/ArtARTs36/QtPHPCalc,ArtARTs36,2019-11-02T00:11:47Z
219085164,https://github.com/01315794284/escsab,01315794284,2019-11-02T00:59:39Z
219080346,https://github.com/wrzonki/php-funkcje,wrzonki,2019-11-02T00:03:52Z
219081197,https://github.com/wrzonki/php-wyscig-aut,wrzonki,2019-11-02T00:13:50Z
219083121,https://github.com/SylvanoP/Status-Page,SylvanoP,2019-11-02T00:35:32Z
219080645,https://github.com/Nidumila/Anak-Ayam,Nidumila,2019-11-02T00:07:50Z
219081834,https://github.com/Domito-Soluciones/DMT-Management,Domito-Soluciones,2019-11-02T00:21:53Z
219081001,https://github.com/dstearle/php-transaction-app,dstearle,2019-11-02T00:11:40Z
219084334,https://github.com/huyboy9xxx/kindergarten-Modules,huyboy9xxx,2019-11-02T00:49:29Z
219081114,https://github.com/owwew/Ventes-hardware,owwew,2019-11-02T00:12:46Z
219084748,https://github.com/halls7588/Tech_Interview_Project5,halls7588,2019-11-02T00:54:32Z
219083609,https://github.com/CarlosJaramilloDesarrolloSoftware/crud-php-basico-bootstrap-ajax,CarlosJaramilloDesarrolloSoftware,2019-11-02T00:41:31Z
219083763,https://github.com/sergirams/multitenant_laravel,sergirams,2019-11-02T00:43:14Z
219081086,https://github.com/AndrewBedell/corcel,AndrewBedell,2019-11-02T00:12:31Z
219084345,https://github.com/bin19095/laravelBlog,bin19095,2019-11-02T00:49:38Z
219083674,https://github.com/RafaelaMiranda/Rest-API,RafaelaMiranda,2019-11-02T00:42:12Z
219081470,https://github.com/ClaraAravecchia/ONG,ClaraAravecchia,2019-11-02T00:17:26Z
219081704,https://github.com/michaelacook/SimplePaginator,michaelacook,2019-11-02T00:20:18Z
219081889,https://github.com/boscobass/P8Block,boscobass,2019-11-02T00:22:24Z
219082134,https://github.com/BrihanBocanegra/GlobalAzureBootcamp,BrihanBocanegra,2019-11-02T00:24:49Z
219081972,https://github.com/Rafael51/Trabalho-CRUD-laravel-,Rafael51,2019-11-02T00:23:18Z
219081598,https://github.com/ArtARTs36/QtPHPMatrix,ArtARTs36,2019-11-02T00:19:02Z
219080889,https://github.com/wrzonki/php-kalkulacje-czytanie-plikow,wrzonki,2019-11-02T00:10:42Z
219081899,https://github.com/1985se/laravel_vue,1985se,2019-11-02T00:22:32Z
219084436,https://github.com/DefrostedTuna/viiidb-api,DefrostedTuna,2019-11-02T00:50:53Z
219084175,https://github.com/GIGNIGHT/jphp-yandex-ext,GIGNIGHT,2019-11-02T00:47:35Z
219080526,https://github.com/JoaoPedroDiasMonteiro/Help-Desk,JoaoPedroDiasMonteiro,2019-11-02T00:06:14Z
219082330,https://github.com/MohammadNawawi/sisi_province,MohammadNawawi,2019-11-02T00:26:49Z
219084257,https://github.com/joaopreissler/Social-Media,joaopreissler,2019-11-02T00:48:29Z