227542215,https://github.com/akka-fusion/fusion-discoveryx,akka-fusion,2019-12-12T07:04:48Z
227549902,https://github.com/zjcfynn/surge,zjcfynn,2019-12-12T07:49:40Z
227551555,https://github.com/BasilToast/live-editor,BasilToast,2019-12-12T07:58:35Z
227551637,https://github.com/ck627218196/jifen-mall,ck627218196,2019-12-12T07:59:07Z
227547262,https://github.com/lcrespom/nash,lcrespom,2019-12-12T07:34:10Z
227545457,https://github.com/ulwan451/reactjs-chat-app,ulwan451,2019-12-12T07:23:33Z
227549465,https://github.com/RahulRawat1994/rrMetaData,RahulRawat1994,2019-12-12T07:47:03Z
227546161,https://github.com/longnwin/rudiments-ui,longnwin,2019-12-12T07:27:36Z
227548362,https://github.com/exdunn/patch-notes-when,exdunn,2019-12-12T07:40:24Z
227548897,https://github.com/helicopterChen/ads_tool,helicopterChen,2019-12-12T07:43:43Z
227545497,https://github.com/xiongxingxing/senjie_vue,xiongxingxing,2019-12-12T07:23:48Z
227544197,https://github.com/sarvan27/test_node,sarvan27,2019-12-12T07:16:23Z
227547325,https://github.com/rupinder-developer/MySQLees,rupinder-developer,2019-12-12T07:34:37Z
227543342,https://github.com/karthiongitkanini/webAPIAll,karthiongitkanini,2019-12-12T07:11:20Z
227545056,https://github.com/zzyyxxaabbccoo/vodplayer.js,zzyyxxaabbccoo,2019-12-12T07:21:18Z
227543304,https://github.com/agrawalaayushi/netlify-cms-editor-component-pill,agrawalaayushi,2019-12-12T07:11:07Z
227541643,https://github.com/xiaobaobaincheng/xiaobao_web_front,xiaobaobaincheng,2019-12-12T07:01:25Z
227551113,https://github.com/conlinslver/study,conlinslver,2019-12-12T07:56:08Z
227545661,https://github.com/codeparl/Business-Card,codeparl,2019-12-12T07:24:39Z
227548441,https://github.com/JuandaGarcia/JuandaGarcia.com,JuandaGarcia,2019-12-12T07:40:59Z
227546122,https://github.com/hxxwire/maoyan-vue,hxxwire,2019-12-12T07:27:23Z
227544360,https://github.com/maru-default490/mks-Introduce-prototype,maru-default490,2019-12-12T07:17:18Z
227547027,https://github.com/loveulq/tiny,loveulq,2019-12-12T07:32:42Z
227543196,https://github.com/wonxik/Webte_Repository,wonxik,2019-12-12T07:10:25Z
227544357,https://github.com/lukasrh1/Quiz-game,lukasrh1,2019-12-12T07:17:17Z
227551748,https://github.com/Noufalmazrou/E-mustashfa-client,Noufalmazrou,2019-12-12T07:59:43Z
227548500,https://github.com/MohsinEjaz/project-client,MohsinEjaz,2019-12-12T07:41:23Z
227551498,https://github.com/sinhooking/test-chat-server,sinhooking,2019-12-12T07:58:16Z
227543384,https://github.com/dpf1945744457/DF.project,dpf1945744457,2019-12-12T07:11:32Z
227548681,https://github.com/markkanthony/spring-cloud,markkanthony,2019-12-12T07:42:31Z
227548965,https://github.com/Khikrus/js,Khikrus,2019-12-12T07:44:11Z
227543642,https://github.com/CaoYueo/JavaScript-work,CaoYueo,2019-12-12T07:13:07Z
227550497,https://github.com/akakum9/assignment,akakum9,2019-12-12T07:52:43Z
227550943,https://github.com/sarathpathan/yuvtarang2k20,sarathpathan,2019-12-12T07:55:10Z
227542684,https://github.com/Mrraccoonn/pritice,Mrraccoonn,2019-12-12T07:07:31Z
227543001,https://github.com/shubham-alt/new,shubham-alt,2019-12-12T07:09:25Z
227549658,https://github.com/meling/insperahacks,meling,2019-12-12T07:48:15Z
227546228,https://github.com/MagicalPowers/Scraper,MagicalPowers,2019-12-12T07:28:01Z
227544971,https://github.com/bedairhassan/multiple-imports-for-nodejs,bedairhassan,2019-12-12T07:20:47Z
227549276,https://github.com/coockoo/nest-project-manager,coockoo,2019-12-12T07:45:53Z
227543393,https://github.com/aztran/crwn-clothing,aztran,2019-12-12T07:11:35Z
227548496,https://github.com/Uberlegsam/ResearchHub,Uberlegsam,2019-12-12T07:41:22Z
227544396,https://github.com/jie3615/webpack_study,jie3615,2019-12-12T07:17:30Z
227546012,https://github.com/adenisovgit/chatty,adenisovgit,2019-12-12T07:26:41Z
227542404,https://github.com/djordjep/api-platform-test,djordjep,2019-12-12T07:05:57Z
227545223,https://github.com/Pendyalamohitha/BASIC_REACT,Pendyalamohitha,2019-12-12T07:22:16Z
227549388,https://github.com/MichellePomeranc/Expenses-project,MichellePomeranc,2019-12-12T07:46:31Z
227547454,https://github.com/Shinyaigeek/test,Shinyaigeek,2019-12-12T07:35:12Z
227546757,https://github.com/zwz6860/spring_template,zwz6860,2019-12-12T07:31:06Z
227546118,https://github.com/supreeth01/spring-boot-gcp,supreeth01,2019-12-12T07:27:23Z
227545416,https://github.com/chaudl113/bootstrap_fontend,chaudl113,2019-12-12T07:23:19Z
227549485,https://github.com/sumit3021kumar/reactnicecardbox,sumit3021kumar,2019-12-12T07:47:10Z
227550126,https://github.com/mwj901106/MWJ-react-project,mwj901106,2019-12-12T07:50:54Z
227550843,https://github.com/jsmidelov/snake-tetris,jsmidelov,2019-12-12T07:54:36Z
227547464,https://github.com/VineetChaudharyttn/todo,VineetChaudharyttn,2019-12-12T07:35:17Z
227543317,https://github.com/knot-doc/di,knot-doc,2019-12-12T07:11:11Z
227547598,https://github.com/JayGupta13/cart-backend,JayGupta13,2019-12-12T07:36:06Z
227549035,https://github.com/JexLau/samdata-preview,JexLau,2019-12-12T07:44:30Z
227550873,https://github.com/maxim-js/Finance_app,maxim-js,2019-12-12T07:54:46Z
227544525,https://github.com/daochien130696/BaseRN,daochien130696,2019-12-12T07:18:19Z
227542618,https://github.com/callmefish/YAS,callmefish,2019-12-12T07:07:08Z
227544895,https://github.com/ayakkal/AzureFormRecognition,ayakkal,2019-12-12T07:20:26Z
227547071,https://github.com/fajrulaulia/nodejs-ldap,fajrulaulia,2019-12-12T07:33:00Z
227548482,https://github.com/sidhlifiliuu/web2-12.12,sidhlifiliuu,2019-12-12T07:41:19Z
227550333,https://github.com/SeolHa314/Project-Strawberry-Mirei,SeolHa314,2019-12-12T07:51:58Z
227549445,https://github.com/wk645/BbungLocator,wk645,2019-12-12T07:46:51Z
227549463,https://github.com/KHCDragon/KDragon,KHCDragon,2019-12-12T07:47:02Z
227547901,https://github.com/abhishek90singhal/React_Repo,abhishek90singhal,2019-12-12T07:37:42Z
227551427,https://github.com/shmoaslam/SecureLogistic,shmoaslam,2019-12-12T07:57:56Z
227543857,https://github.com/firered322/webglpg,firered322,2019-12-12T07:14:20Z
227544118,https://github.com/csthaha/TypeScript,csthaha,2019-12-12T07:15:53Z
227543538,https://github.com/zaim10/polar-republic,zaim10,2019-12-12T07:12:32Z
227545836,https://github.com/ajeetjaiswar/ajeetweb,ajeetjaiswar,2019-12-12T07:25:34Z
227548537,https://github.com/pkchooo/confusion,pkchooo,2019-12-12T07:41:38Z
227544904,https://github.com/jabberwock515/reactfirst,jabberwock515,2019-12-12T07:20:28Z
227543784,https://github.com/Rohan597/CredenceNodejsAssignment,Rohan597,2019-12-12T07:13:55Z
227546201,https://github.com/kumarnvm/employeelist,kumarnvm,2019-12-12T07:27:51Z
227547391,https://github.com/govindu84/MultiEmailInAngular,govindu84,2019-12-12T07:34:58Z
227547007,https://github.com/RenzoPretto/FlowersCOT,RenzoPretto,2019-12-12T07:32:35Z
227548706,https://github.com/wergosha/func-vs-oop,wergosha,2019-12-12T07:42:40Z
227545254,https://github.com/sharma-achuth/currency-converter,sharma-achuth,2019-12-12T07:22:26Z
227548105,https://github.com/nguyenquangthanh98/PTS_1,nguyenquangthanh98,2019-12-12T07:38:52Z
227549063,https://github.com/gnanasurya2/findhope_app,gnanasurya2,2019-12-12T07:44:36Z
227549995,https://github.com/pwasem/ui5-middleware-http-proxy,pwasem,2019-12-12T07:50:07Z
227543469,https://github.com/jma26/Email-Tracker,jma26,2019-12-12T07:12:00Z
227551343,https://github.com/abdulazizladan/liveboxfront-end,abdulazizladan,2019-12-12T07:57:25Z
227543363,https://github.com/ajancheta/v2,ajancheta,2019-12-12T07:11:27Z
227549887,https://github.com/tocodeil/webinar-live-demos,tocodeil,2019-12-12T07:49:35Z
227542236,https://github.com/ShivaKul/fcc-api-m,ShivaKul,2019-12-12T07:04:55Z
227543587,https://github.com/mizchi-sandbox/webpack-chunk-example,mizchi-sandbox,2019-12-12T07:12:45Z
227546508,https://github.com/StAnna0/Bio,StAnna0,2019-12-12T07:29:35Z
227545409,https://github.com/L-Eli/ValidatorJS,L-Eli,2019-12-12T07:23:17Z
227547627,https://github.com/GULI2/Test,GULI2,2019-12-12T07:36:20Z
227542283,https://github.com/ahkaneti/LearnReact,ahkaneti,2019-12-12T07:05:16Z
227550319,https://github.com/istaeb5/Turkey,istaeb5,2019-12-12T07:51:51Z
227545745,https://github.com/w582745483/ReactSourceCode,w582745483,2019-12-12T07:25:01Z
227550334,https://github.com/ramanan12345/ghherpetual-sparrow,ramanan12345,2019-12-12T07:51:58Z
227550687,https://github.com/tsinflam2/NodeJS,tsinflam2,2019-12-12T07:53:45Z
227550817,https://github.com/PallaviKharche/RepoForReg_UpdateSort,PallaviKharche,2019-12-12T07:54:24Z
227547229,https://github.com/albin12a/Tic_Tac_Toe,albin12a,2019-12-12T07:33:58Z
227550817,https://github.com/PallaviKharche/RepoForReg_UpdateSort,PallaviKharche,2019-12-12T07:54:24Z
227547229,https://github.com/albin12a/Tic_Tac_Toe,albin12a,2019-12-12T07:33:58Z
227551162,https://github.com/Rachelly-h/Electry,Rachelly-h,2019-12-12T07:56:25Z
227544933,https://github.com/nanfeiyan123/cloud_miniProgram,nanfeiyan123,2019-12-12T07:20:35Z
227542178,https://github.com/NeiserD/Biblioteca,NeiserD,2019-12-12T07:04:35Z
227542394,https://github.com/qiuey00/DynamicWebFinal-Client,qiuey00,2019-12-12T07:05:55Z
227548136,https://github.com/Sokos6/components,Sokos6,2019-12-12T07:39:05Z
227549523,https://github.com/u0652804/Env-for-visual-studio-code-nodejs,u0652804,2019-12-12T07:47:23Z
227546723,https://github.com/jurecki/react,jurecki,2019-12-12T07:30:54Z
227545183,https://github.com/hasan-promact/splitter,hasan-promact,2019-12-12T07:22:02Z
227541791,https://github.com/Kang-Inprogress/SimpleLottoHomepage,Kang-Inprogress,2019-12-12T07:02:19Z
227548332,https://github.com/borzilleri/pi-clock,borzilleri,2019-12-12T07:40:16Z
227544168,https://github.com/medio77/EPanel,medio77,2019-12-12T07:16:11Z
227548022,https://github.com/Pawan-Po/error,Pawan-Po,2019-12-12T07:38:22Z
227542980,https://github.com/baobeisensen/wx,baobeisensen,2019-12-12T07:09:20Z
227542176,https://github.com/Sakuara/simpleNode,Sakuara,2019-12-12T07:04:34Z
227550505,https://github.com/ramanan12345/neat-kale,ramanan12345,2019-12-12T07:52:46Z
227541843,https://github.com/lixingDEVIL/Web2demo7,lixingDEVIL,2019-12-12T07:02:36Z
227550638,https://github.com/DelhayeISEN/Projet_Gocube,DelhayeISEN,2019-12-12T07:53:29Z
227549188,https://github.com/tuankhanh45/React-CliDemo,tuankhanh45,2019-12-12T07:45:22Z
227545859,https://github.com/BenMMcLean/WikiCite,BenMMcLean,2019-12-12T07:25:44Z
227550560,https://github.com/varadha-vinod/Multi-Dcoker,varadha-vinod,2019-12-12T07:53:04Z
227545968,https://github.com/jingle1267/json,jingle1267,2019-12-12T07:26:22Z
227548447,https://github.com/ndpdarshana/pixels,ndpdarshana,2019-12-12T07:41:01Z
227544409,https://github.com/Mirror-Image/todo-web-application,Mirror-Image,2019-12-12T07:17:33Z
227548014,https://github.com/Kisetsucon/kisetsucon-gatsby-website,Kisetsucon,2019-12-12T07:38:19Z
227548572,https://github.com/agrawalaayushi/gatsby-remark-video-shortcode,agrawalaayushi,2019-12-12T07:41:50Z
227549631,https://github.com/fokind/openui5-d3-charts,fokind,2019-12-12T07:48:05Z
227542683,https://github.com/KeerthikaChandra/news-prac,KeerthikaChandra,2019-12-12T07:07:30Z
227541741,https://github.com/SkyZhou197/ajax-1,SkyZhou197,2019-12-12T07:02:02Z
227545024,https://github.com/Ba5sx1a0sen1/react-js-starter,Ba5sx1a0sen1,2019-12-12T07:21:06Z
227544988,https://github.com/balaji9666/projectx,balaji9666,2019-12-12T07:20:52Z
227546225,https://github.com/ilham-nasution/react-basics,ilham-nasution,2019-12-12T07:28:00Z
227544734,https://github.com/adigreg/react-native-camera-app,adigreg,2019-12-12T07:19:28Z
227549377,https://github.com/sayaroy3/Sayantan_learn,sayaroy3,2019-12-12T07:46:28Z
227543128,https://github.com/zhxx/interview,zhxx,2019-12-12T07:10:03Z
227546657,https://github.com/veenakr/bookmyshow-task1,veenakr,2019-12-12T07:30:26Z
227551455,https://github.com/becca-ch/node-baseSetting,becca-ch,2019-12-12T07:58:03Z
227543797,https://github.com/kevincai-airwallex/CypressCIDemo,kevincai-airwallex,2019-12-12T07:13:58Z
227548377,https://github.com/LeoRousselDev/defitb_kaminodev,LeoRousselDev,2019-12-12T07:40:30Z
227545392,https://github.com/owlil/ppl-admin_zipzap,owlil,2019-12-12T07:23:12Z
227546837,https://github.com/fatimah-dev/instagram-clone,fatimah-dev,2019-12-12T07:31:35Z
227548547,https://github.com/TobiasPro/Game,TobiasPro,2019-12-12T07:41:42Z
227550851,https://github.com/KTH/react-to-the-swarm,KTH,2019-12-12T07:54:38Z
227551471,https://github.com/trananh0810/svhn_1,trananh0810,2019-12-12T07:58:09Z
227547286,https://github.com/DmitriyShisterov/Coursera_CheckForm,DmitriyShisterov,2019-12-12T07:34:20Z
227544610,https://github.com/garryarielcussoy/Projek_Youtube,garryarielcussoy,2019-12-12T07:18:42Z
227542578,https://github.com/samruddh-ur/sh,samruddh-ur,2019-12-12T07:06:54Z
227544025,https://github.com/joelkseattle/gatsby-netlify-cms,joelkseattle,2019-12-12T07:15:18Z
227546128,https://github.com/chayapatr/pdsccfries19,chayapatr,2019-12-12T07:27:25Z
227547535,https://github.com/Albinshajiabraham/Tic_Tac_Toe,Albinshajiabraham,2019-12-12T07:35:43Z
227548494,https://github.com/awwbz/Module5_Solution,awwbz,2019-12-12T07:41:22Z
227546521,https://github.com/quan930/Self-introduction-web,quan930,2019-12-12T07:29:38Z
227547476,https://github.com/khasim1227/jenkins,khasim1227,2019-12-12T07:35:22Z
227548915,https://github.com/developingPleb/IS-445-Project-,developingPleb,2019-12-12T07:43:51Z
227548675,https://github.com/sibincbaby/Tic_Tac_Toe,sibincbaby,2019-12-12T07:42:28Z
227548814,https://github.com/wuyongmei0725/class-roll-calling-system,wuyongmei0725,2019-12-12T07:43:17Z
227547984,https://github.com/sptechguru/My-Portfolio-,sptechguru,2019-12-12T07:38:09Z
227550651,https://github.com/pnk1978/JavaScript,pnk1978,2019-12-12T07:53:35Z
227546704,https://github.com/shyam410/demo-cicd,shyam410,2019-12-12T07:30:45Z
227549793,https://github.com/kanglo13/kanglo13.github.io,kanglo13,2019-12-12T07:49:04Z
227549749,https://github.com/juiceghost/hackernews,juiceghost,2019-12-12T07:48:50Z
227543174,https://github.com/paliy-vladimir/test-ag-grid,paliy-vladimir,2019-12-12T07:10:19Z
227545248,https://github.com/nairrita/c47,nairrita,2019-12-12T07:22:24Z
227546258,https://github.com/asdk2006/scrolltest,asdk2006,2019-12-12T07:28:12Z
227545563,https://github.com/aliuyusuf003/myalgolab,aliuyusuf003,2019-12-12T07:24:09Z
227545007,https://github.com/cyxiaozhen/demo,cyxiaozhen,2019-12-12T07:21:00Z
227549005,https://github.com/pjosh/searching-for-problems,pjosh,2019-12-12T07:44:23Z
227549435,https://github.com/Narmdo/att-tetris,Narmdo,2019-12-12T07:46:48Z
227549592,https://github.com/kantoche/android-dev-training,kantoche,2019-12-12T07:47:53Z
227546773,https://github.com/LambdaSchool/Web-ReduxThunk-Guided-Project,LambdaSchool,2019-12-12T07:31:12Z
227545520,https://github.com/MegaColorBoy/ideaboard-reactjs,MegaColorBoy,2019-12-12T07:23:54Z
227549122,https://github.com/abrebion/mars-rover-kata,abrebion,2019-12-12T07:44:59Z
227551232,https://github.com/awtcode/dylink_benchmark,awtcode,2019-12-12T07:56:45Z
227548815,https://github.com/leminhdangdang/bootstrap-demo,leminhdangdang,2019-12-12T07:43:17Z
227551213,https://github.com/kevin-zeus/zsjs-core,kevin-zeus,2019-12-12T07:56:40Z
227550339,https://github.com/aba20/hadiah,aba20,2019-12-12T07:52:01Z
227541532,https://github.com/EconClass/tree-of-life,EconClass,2019-12-12T07:00:43Z
227551671,https://github.com/NTHB/weather-app,NTHB,2019-12-12T07:59:17Z
227551676,https://github.com/xhf394/healthyrecipe,xhf394,2019-12-12T07:59:19Z
227541665,https://github.com/kachiem/kachiem.github.io,kachiem,2019-12-12T07:01:31Z
227544930,https://github.com/elims626/vuelic3-mongodb-node-test,elims626,2019-12-12T07:20:34Z
227548061,https://github.com/shahajahancse/attendance,shahajahancse,2019-12-12T07:38:34Z
227549781,https://github.com/0saw/webpack-blank,0saw,2019-12-12T07:49:01Z
227551753,https://github.com/modeware/assignment4.github.io,modeware,2019-12-12T07:59:46Z
227545908,https://github.com/Vitekch/Vityaa,Vitekch,2019-12-12T07:26:03Z
227543464,https://github.com/Bidyut163/Sochlo-2.0.0,Bidyut163,2019-12-12T07:11:59Z
227543660,https://github.com/caoyz-hub/kaios_9820e,caoyz-hub,2019-12-12T07:13:12Z
227542557,https://github.com/DHARAM128/WeatherApi,DHARAM128,2019-12-12T07:06:49Z
227543485,https://github.com/bledman26/ExoJavaScript,bledman26,2019-12-12T07:12:08Z
227548790,https://github.com/lhyhyl/keepAlive,lhyhyl,2019-12-12T07:43:11Z
227549256,https://github.com/khutjo/bittorclient,khutjo,2019-12-12T07:45:45Z
227541776,https://github.com/Kashif1Naqvi/bar-bubble-d3v5,Kashif1Naqvi,2019-12-12T07:02:16Z
227545009,https://github.com/benank/keypress-frequency-monitor,benank,2019-12-12T07:21:01Z
227551610,https://github.com/KostiaNetot/reposearch,KostiaNetot,2019-12-12T07:58:55Z
227551227,https://github.com/habraham2023/Trash-The-Card-Game,habraham2023,2019-12-12T07:56:43Z
227549157,https://github.com/LarsBehrenberg/testing-projects,LarsBehrenberg,2019-12-12T07:45:11Z
227542021,https://github.com/henrique-diniz/BarberShop,henrique-diniz,2019-12-12T07:03:39Z
227543512,https://github.com/BestWe/dragging_div,BestWe,2019-12-12T07:12:20Z
227542231,https://github.com/ChidambaramPG/paostay-user,ChidambaramPG,2019-12-12T07:04:53Z
227547177,https://github.com/brother-forteen/base-project,brother-forteen,2019-12-12T07:33:36Z
227550722,https://github.com/SurendraTamang/table_crawler_javascript,SurendraTamang,2019-12-12T07:53:55Z
227548933,https://github.com/olgacara/burger-builder,olgacara,2019-12-12T07:43:58Z
227550025,https://github.com/seanphenomenon/SD-Top-Spots,seanphenomenon,2019-12-12T07:50:20Z
227542934,https://github.com/Abd-Barakat/x,Abd-Barakat,2019-12-12T07:09:00Z
227551632,https://github.com/xufeiqiang/bms-view,xufeiqiang,2019-12-12T07:59:04Z
227549898,https://github.com/jingtingyishengtui/renwu7,jingtingyishengtui,2019-12-12T07:49:38Z
227544198,https://github.com/FinallySHF/vue,FinallySHF,2019-12-12T07:16:23Z
227547033,https://github.com/nomadjsdev/split-bills,nomadjsdev,2019-12-12T07:32:43Z
227547802,https://github.com/Younsunart/React_calendar,Younsunart,2019-12-12T07:37:12Z
227543340,https://github.com/juan1630/climaNode,juan1630,2019-12-12T07:11:20Z
227544614,https://github.com/a-o-semenov1989/js-jq-ajax-3,a-o-semenov1989,2019-12-12T07:18:44Z
227543353,https://github.com/HuayiJin/BluePJ-backend,HuayiJin,2019-12-12T07:11:24Z
227542675,https://github.com/rakuten-rex/storybook-inspect-html,rakuten-rex,2019-12-12T07:07:25Z
227548263,https://github.com/bingolink-templates/pc-dynamic,bingolink-templates,2019-12-12T07:39:55Z
227548019,https://github.com/dkshichkovskiy/layout-zero-config,dkshichkovskiy,2019-12-12T07:38:21Z
227544153,https://github.com/tongshoutongjiao/nodejs,tongshoutongjiao,2019-12-12T07:16:06Z
227548545,https://github.com/HMFhtx/Asteroids,HMFhtx,2019-12-12T07:41:42Z
227545843,https://github.com/bphan4bryant/Phan-Library,bphan4bryant,2019-12-12T07:25:38Z
227546177,https://github.com/haizj0216/Bepro,haizj0216,2019-12-12T07:27:41Z
227543219,https://github.com/chris1armstrong/DownTime,chris1armstrong,2019-12-12T07:10:34Z
227548556,https://github.com/DmitriyAloyts/Team-generator,DmitriyAloyts,2019-12-12T07:41:45Z
227543506,https://github.com/wabwirepeter/myweb,wabwirepeter,2019-12-12T07:12:16Z
227549418,https://github.com/Wasike-Elvis/Pizza,Wasike-Elvis,2019-12-12T07:46:41Z
227548880,https://github.com/emnh/evolactor,emnh,2019-12-12T07:43:38Z
227543250,https://github.com/shiba328/markupent,shiba328,2019-12-12T07:10:43Z
227548214,https://github.com/chienphan310820/clb,chienphan310820,2019-12-12T07:39:41Z
227550142,https://github.com/ysp0lur/AppCSIChRN,ysp0lur,2019-12-12T07:50:59Z
227541808,https://github.com/akanshi2019/react-native-login,akanshi2019,2019-12-12T07:02:26Z
227547300,https://github.com/miglange/react-app,miglange,2019-12-12T07:34:28Z
227542390,https://github.com/santhoshlfms/vendor-ui,santhoshlfms,2019-12-12T07:05:54Z
227542029,https://github.com/mannyrobin/node_firebase_example,mannyrobin,2019-12-12T07:03:42Z
227543773,https://github.com/halobear/npm-packages,halobear,2019-12-12T07:13:51Z
227545924,https://github.com/gajjardarshithasmukhbhai/Android_Guess_Number_Game,gajjardarshithasmukhbhai,2019-12-12T07:26:08Z
227543413,https://github.com/msulhanek/Webtechprojekt,msulhanek,2019-12-12T07:11:42Z
227545177,https://github.com/fuguiguan/destroy,fuguiguan,2019-12-12T07:22:01Z
227544217,https://github.com/hcd1983/OPPO-OTG-Description,hcd1983,2019-12-12T07:16:28Z
227541633,https://github.com/domagbakic/reactnode,domagbakic,2019-12-12T07:01:22Z
227544791,https://github.com/Aprilwyh/cut-pictures,Aprilwyh,2019-12-12T07:19:51Z
227545347,https://github.com/jabberwock515/reactsecond,jabberwock515,2019-12-12T07:22:56Z
227547143,https://github.com/mwj901106/react-basic,mwj901106,2019-12-12T07:33:24Z
227546106,https://github.com/WideSpreadX/WideSpreadVR,WideSpreadX,2019-12-12T07:27:17Z
227548755,https://github.com/amitgit07/dockertut,amitgit07,2019-12-12T07:42:58Z
227550577,https://github.com/yaowalukMuz/Test_TemplateMVC,yaowalukMuz,2019-12-12T07:53:08Z
227547031,https://github.com/InadullaevMakhmudjon/Hakathon-2019_server,InadullaevMakhmudjon,2019-12-12T07:32:42Z
227549617,https://github.com/aeternity/aepp-wallet-connector,aeternity,2019-12-12T07:48:01Z
227543658,https://github.com/YuHengKit/FaceRecognitionAttendanceSystem,YuHengKit,2019-12-12T07:13:11Z
227544252,https://github.com/BeginnerDong/EmergencyPower-,BeginnerDong,2019-12-12T07:16:41Z
227544101,https://github.com/alex-ismailov/hexlet-practic,alex-ismailov,2019-12-12T07:15:48Z
227550533,https://github.com/mjbotes/Matcha,mjbotes,2019-12-12T07:52:56Z
227545006,https://github.com/adityaekawade/clin-report,adityaekawade,2019-12-12T07:20:59Z
227546693,https://github.com/jaintanya1128/bookmyshow-app-redux,jaintanya1128,2019-12-12T07:30:40Z
227543959,https://github.com/Crysteier/FinalneZadanie,Crysteier,2019-12-12T07:14:58Z
227545638,https://github.com/Blinkjuan82/WEB-API-QUIZ,Blinkjuan82,2019-12-12T07:24:33Z
227542284,https://github.com/hlinh171038/demo-repo-git,hlinh171038,2019-12-12T07:05:16Z
227541435,https://github.com/sebomiuqi/sebomiuqi-cli,sebomiuqi,2019-12-12T07:00:04Z
227548115,https://github.com/madinhcuong/test-editor,madinhcuong,2019-12-12T07:38:58Z
227543176,https://github.com/bkmorgan3/react-todo-list,bkmorgan3,2019-12-12T07:10:19Z
227545147,https://github.com/xue-shuai/vue-demo,xue-shuai,2019-12-12T07:21:51Z
227544205,https://github.com/steffi0108/visualnovel,steffi0108,2019-12-12T07:16:24Z
227545267,https://github.com/SurajRSI/RandomQuotes,SurajRSI,2019-12-12T07:22:29Z
227545917,https://github.com/Archana-ps123/Tic_tac_Toe,Archana-ps123,2019-12-12T07:26:06Z
227546684,https://github.com/blackher/electron-vue-admini,blackher,2019-12-12T07:30:36Z
227544879,https://github.com/ashokganika/javascript-basics,ashokganika,2019-12-12T07:20:22Z
227547411,https://github.com/Bisig1892/Bookshelf,Bisig1892,2019-12-12T07:35:03Z
227549076,https://github.com/CaliCastle/sanity-gatsby-portfolio,CaliCastle,2019-12-12T07:44:40Z
227551176,https://github.com/YangShen5079/Solution1,YangShen5079,2019-12-12T07:56:28Z
227542454,https://github.com/fedorovmichael/isracard,fedorovmichael,2019-12-12T07:06:11Z
227546180,https://github.com/afeiship/react-list,afeiship,2019-12-12T07:27:43Z
227547185,https://github.com/haiwennnn/learn-webpack-demo,haiwennnn,2019-12-12T07:33:39Z
227551708,https://github.com/nikitakonan/secret-santa-bot,nikitakonan,2019-12-12T07:59:28Z
227547201,https://github.com/hzlpz/giphy-site,hzlpz,2019-12-12T07:33:46Z
227543261,https://github.com/demonaco/Bamazon,demonaco,2019-12-12T07:10:49Z
227546921,https://github.com/Kordrad/MDB---charts-page,Kordrad,2019-12-12T07:32:02Z
227547416,https://github.com/masooddaraz/nokia12.12,masooddaraz,2019-12-12T07:35:04Z
227547112,https://github.com/TadBO/update-icon,TadBO,2019-12-12T07:33:13Z
227542185,https://github.com/ziand007/nodejs-stock-inventory,ziand007,2019-12-12T07:04:39Z
227547964,https://github.com/mingyumkim93/PaintJS,mingyumkim93,2019-12-12T07:38:03Z
227545010,https://github.com/CreScert/Flower_Android,CreScert,2019-12-12T07:21:01Z
227544207,https://github.com/leonjas/storygame,leonjas,2019-12-12T07:16:24Z
227551428,https://github.com/JohnyJohny1861/js-carousel,JohnyJohny1861,2019-12-12T07:57:57Z
227551206,https://github.com/bpeak/s3-upload-sample,bpeak,2019-12-12T07:56:38Z
227548611,https://github.com/YongSeokBong/serverless-stack-api,YongSeokBong,2019-12-12T07:42:04Z
227543511,https://github.com/zq0904/test-lerna,zq0904,2019-12-12T07:12:18Z
227544438,https://github.com/PiliGar/color-tetris,PiliGar,2019-12-12T07:17:46Z
227545120,https://github.com/lily4114/myMiniProgram,lily4114,2019-12-12T07:21:40Z
227551453,https://github.com/shiyou00/webpack-end,shiyou00,2019-12-12T07:58:03Z
227545601,https://github.com/AngasL/danica-vue,AngasL,2019-12-12T07:24:20Z
227545439,https://github.com/bojunyixiao/duqinggengwangying,bojunyixiao,2019-12-12T07:23:25Z
227550929,https://github.com/jooeme/udacity,jooeme,2019-12-12T07:55:04Z
227545118,https://github.com/ids1207/react-scss,ids1207,2019-12-12T07:21:39Z
227549496,https://github.com/barnold89/ioBroker.muenchen-navigator,barnold89,2019-12-12T07:47:15Z
227542913,https://github.com/tuankhanh45/Expo-ReactNativeDemoDrawerMenuWithBottomTabbar,tuankhanh45,2019-12-12T07:08:51Z
227541902,https://github.com/fuyuwu/fztable,fuyuwu,2019-12-12T07:02:53Z
227549878,https://github.com/NapasIsSky/ReactRedux,NapasIsSky,2019-12-12T07:49:31Z
227551336,https://github.com/yemer/Administradorw,yemer,2019-12-12T07:57:22Z
227546755,https://github.com/RamkumarKhubchandani/React-Card-Listing,RamkumarKhubchandani,2019-12-12T07:31:05Z
227548544,https://github.com/tongo42069/Asteroide-,tongo42069,2019-12-12T07:41:42Z
227544958,https://github.com/jsh612/primsmagram-app,jsh612,2019-12-12T07:20:43Z
227548946,https://github.com/webriq/webriq-gatsby-cms-starter-template-sanity,webriq,2019-12-12T07:44:05Z