33065201,https://github.com/drom/fourier,drom,2015-03-29T07:32:21Z
33064862,https://github.com/mashlol/mintr,mashlol,2015-03-29T07:16:04Z
33065209,https://github.com/MohammedTaha/MassTrainingBatch2,MohammedTaha,2015-03-29T07:32:46Z
33065107,https://github.com/peterlee0127/YeeLight-Blue-2,peterlee0127,2015-03-29T07:28:23Z
33065677,https://github.com/evalexdy/MapContourEditor,evalexdy,2015-03-29T07:55:18Z
33065196,https://github.com/KODZIO/SteamGiftCollector,KODZIO,2015-03-29T07:32:10Z
33065451,https://github.com/vikash-bhardwaj/grunt-jshint-extended,vikash-bhardwaj,2015-03-29T07:44:48Z
33065304,https://github.com/doxas/slide_jsstg2015f,doxas,2015-03-29T07:38:07Z
33065048,https://github.com/uzumaxy/images-grid,uzumaxy,2015-03-29T07:25:44Z
33065078,https://github.com/mkozhukharenko/multi-parent-graph,mkozhukharenko,2015-03-29T07:27:01Z
33065375,https://github.com/qinzhenning/NBA,qinzhenning,2015-03-29T07:41:59Z
33065210,https://github.com/greedcold/testsite,greedcold,2015-03-29T07:32:48Z
33065335,https://github.com/xisongtang/bs_game,xisongtang,2015-03-29T07:39:20Z
33065475,https://github.com/sukhaku/presensi,sukhaku,2015-03-29T07:45:51Z
33065065,https://github.com/ethan-k/rpjs,ethan-k,2015-03-29T07:26:27Z
33064638,https://github.com/epaulet/Reversi-Browser,epaulet,2015-03-29T07:04:02Z
33065710,https://github.com/satyamchinn4u/PhoneGapApp,satyamchinn4u,2015-03-29T07:57:42Z
33064807,https://github.com/corand/kinielak,corand,2015-03-29T07:13:23Z
33065067,https://github.com/goody2boy/webtour1,goody2boy,2015-03-29T07:26:35Z
33065231,https://github.com/liuxiong332/node-vote-server,liuxiong332,2015-03-29T07:33:32Z
33064729,https://github.com/kannans/Meteor-Todo,kannans,2015-03-29T07:09:16Z
33064684,https://github.com/helloeujin/Within-Reach,helloeujin,2015-03-29T07:06:37Z
33065289,https://github.com/terman110/lg,terman110,2015-03-29T07:37:19Z
33065463,https://github.com/tash-had/KochSnowflake-Calculations,tash-had,2015-03-29T07:45:33Z
33064750,https://github.com/margulies/pres,margulies,2015-03-29T07:10:23Z
33065648,https://github.com/sophorn/ATM_Pointer,sophorn,2015-03-29T07:53:44Z
33065691,https://github.com/linmingming/craft-php,linmingming,2015-03-29T07:56:34Z
33064657,https://github.com/stgallagher/homework,stgallagher,2015-03-29T07:05:10Z
33065255,https://github.com/nonmanifold/ember-auth-spa,nonmanifold,2015-03-29T07:34:47Z
33065667,https://github.com/charlee593/Startups_posts,charlee593,2015-03-29T07:54:57Z
33064902,https://github.com/idhyt/dragwall,idhyt,2015-03-29T07:18:02Z
33065112,https://github.com/xiangchun3/fei18n,xiangchun3,2015-03-29T07:28:35Z