193872128,https://github.com/sec-bit/zkPoD-node,sec-bit,2019-06-26T09:21:13Z
193868813,https://github.com/tmthrgd/latestgo,tmthrgd,2019-06-26T09:02:04Z
193872384,https://github.com/sec-bit/zkPoD-contract,sec-bit,2019-06-26T09:22:48Z
193875152,https://github.com/B-V-R/shodan,B-V-R,2019-06-26T09:38:42Z
193878323,https://github.com/Prudenter/GoBitCoin,Prudenter,2019-06-26T09:58:17Z
193877085,https://github.com/gomodules/nats-logr,gomodules,2019-06-26T09:50:36Z
193876888,https://github.com/obipawan/elfin,obipawan,2019-06-26T09:49:17Z
193878334,https://github.com/luxingwen/english-word,luxingwen,2019-06-26T09:58:22Z
193869359,https://github.com/novacloudcz/auth-proxy,novacloudcz,2019-06-26T09:05:15Z
193871453,https://github.com/Alan-ZYT/blockChain,Alan-ZYT,2019-06-26T09:17:16Z
193869845,https://github.com/relastle/taggo,relastle,2019-06-26T09:07:56Z
193878087,https://github.com/rahardiandj/go-ratelimiter,rahardiandj,2019-06-26T09:56:44Z
193872663,https://github.com/liubang/grouter,liubang,2019-06-26T09:24:11Z
193875962,https://github.com/choboll/opdemo,choboll,2019-06-26T09:43:50Z
193876899,https://github.com/PIETEP/mebius,PIETEP,2019-06-26T09:49:22Z
193877154,https://github.com/banzaicloud-build/pke,banzaicloud-build,2019-06-26T09:51:03Z
193870108,https://github.com/huzi0007/hello-world1,huzi0007,2019-06-26T09:09:28Z
193873714,https://github.com/u2lentaru/Calculator,u2lentaru,2019-06-26T09:30:25Z
193878278,https://github.com/justinclift/tinygo-vis1,justinclift,2019-06-26T09:57:57Z
193878321,https://github.com/kohey/typing,kohey,2019-06-26T09:58:16Z
193873385,https://github.com/paramananda1/day3,paramananda1,2019-06-26T09:28:34Z
193870487,https://github.com/bitbae/go-learning,bitbae,2019-06-26T09:11:47Z
193876839,https://github.com/johnhckuo/gRPC,johnhckuo,2019-06-26T09:49:03Z
193872656,https://github.com/blocktree/nulsio-adapter,blocktree,2019-06-26T09:24:08Z
193873452,https://github.com/techpro-studio/gohttplib,techpro-studio,2019-06-26T09:28:54Z
193872732,https://github.com/Jerome1337/algorithms,Jerome1337,2019-06-26T09:24:29Z
193875056,https://github.com/koungkub/echo-middleware-example,koungkub,2019-06-26T09:38:07Z
193871167,https://github.com/wheelcomplex/gor-blackfriday,wheelcomplex,2019-06-26T09:15:54Z
193876659,https://github.com/aidact/hw1_go,aidact,2019-06-26T09:47:52Z
193870654,https://github.com/denicandraa/user_login,denicandraa,2019-06-26T09:12:49Z
193878129,https://github.com/laoleesch/prom-liver,laoleesch,2019-06-26T09:56:59Z
193875393,https://github.com/hqpko/haction,hqpko,2019-06-26T09:40:15Z
193869297,https://github.com/yanfeinetworktechnology/base_service,yanfeinetworktechnology,2019-06-26T09:04:55Z
193873175,https://github.com/imulab-z/client-service,imulab-z,2019-06-26T09:27:11Z
193875372,https://github.com/UnifiedPaymentSolutions/temporary_postfix_exporter,UnifiedPaymentSolutions,2019-06-26T09:40:07Z
193872145,https://github.com/osiloke/streaming,osiloke,2019-06-26T09:21:18Z