51344082,https://github.com/thelounge/thelounge,thelounge,2016-02-09T03:16:03Z
51345055,https://github.com/lightrainstech/etherwallet,lightrainstech,2016-02-09T03:43:31Z
51344768,https://github.com/rakuten-frontend/rff-gulp,rakuten-frontend,2016-02-09T03:36:20Z
51343911,https://github.com/kuniiskywalker/ChatworkNameShortener,kuniiskywalker,2016-02-09T03:11:42Z
51345339,https://github.com/StupidRobotClub/Igor,StupidRobotClub,2016-02-09T03:52:36Z
51343584,https://github.com/javzero/admin,javzero,2016-02-09T03:02:58Z
51343889,https://github.com/ArnaudBuchholz/training-functions-stub,ArnaudBuchholz,2016-02-09T03:11:10Z
51343955,https://github.com/Gaudiness/tree,Gaudiness,2016-02-09T03:13:00Z
51343597,https://github.com/RangerMauve/stream-processing-talk,RangerMauve,2016-02-09T03:03:24Z
51343840,https://github.com/danielmconrad/gustave-api,danielmconrad,2016-02-09T03:09:49Z
51345126,https://github.com/silmood/Bairinb,silmood,2016-02-09T03:45:54Z
51343557,https://github.com/ephraimpei/pomodoro-to-do-app,ephraimpei,2016-02-09T03:02:25Z
51343563,https://github.com/MrHzAkI/Sails-Angular-MongoDB-App-Carpooling,MrHzAkI,2016-02-09T03:02:27Z
51344492,https://github.com/James-Sangalli/javascript-racer,James-Sangalli,2016-02-09T03:28:52Z
51344494,https://github.com/saad-5690/mongo-mean-101,saad-5690,2016-02-09T03:28:56Z
51344540,https://github.com/tedschw/App1,tedschw,2016-02-09T03:30:00Z
51344582,https://github.com/ToddKranenburg/tetris,ToddKranenburg,2016-02-09T03:31:07Z
51344705,https://github.com/ItzProxy/urMap,ItzProxy,2016-02-09T03:34:24Z
51345086,https://github.com/sloekito/AWS220,sloekito,2016-02-09T03:44:45Z
51343798,https://github.com/edibleapplicant/FizzBuzz,edibleapplicant,2016-02-09T03:08:38Z
51343645,https://github.com/johnnyjinjing/neighborhood-map,johnnyjinjing,2016-02-09T03:04:37Z
51343736,https://github.com/yuxuzi/macroprudential,yuxuzi,2016-02-09T03:06:47Z
51343928,https://github.com/fernandosg/Webcam-detect-pattern,fernandosg,2016-02-09T03:12:06Z
51344538,https://github.com/a2life/guess-game,a2life,2016-02-09T03:29:59Z
51345487,https://github.com/kaych/Kingdom-Come-Casino-game,kaych,2016-02-09T03:57:08Z
51344039,https://github.com/issaCucumber/luckyNodeConverter,issaCucumber,2016-02-09T03:15:01Z
51344867,https://github.com/Vivian789/Fantasy,Vivian789,2016-02-09T03:38:59Z
51344907,https://github.com/ebenewood/branch,ebenewood,2016-02-09T03:40:02Z
51343541,https://github.com/leogoing/saoma,leogoing,2016-02-09T03:02:00Z
51344481,https://github.com/richardanaya/patternmatch,richardanaya,2016-02-09T03:28:34Z
51344817,https://github.com/kripesh123/projectssss,kripesh123,2016-02-09T03:37:46Z
51345491,https://github.com/michaelJyee/beep,michaelJyee,2016-02-09T03:57:13Z
51345008,https://github.com/cleverplatypus/ae-data-validator,cleverplatypus,2016-02-09T03:42:47Z
51345046,https://github.com/tonyruco/SalgueroWebSite,tonyruco,2016-02-09T03:43:25Z
51344381,https://github.com/mossy02/Juke-controller,mossy02,2016-02-09T03:25:17Z
51344790,https://github.com/fabledag/dicenter,fabledag,2016-02-09T03:36:59Z
51344461,https://github.com/LightningShock/ScriptsRepo,LightningShock,2016-02-09T03:28:11Z
51345576,https://github.com/trueivr/react-skeleton,trueivr,2016-02-09T03:59:49Z
51344300,https://github.com/treecy/gulp-template,treecy,2016-02-09T03:22:59Z
51344370,https://github.com/shindeg2/1001108315_cse5335-project-1,shindeg2,2016-02-09T03:24:55Z
51344400,https://github.com/viztech/6900-week-5,viztech,2016-02-09T03:25:58Z
51343531,https://github.com/sandbox-tv/chat-server,sandbox-tv,2016-02-09T03:01:49Z
51343758,https://github.com/kahn004/unit-testing,kahn004,2016-02-09T03:07:22Z
51345079,https://github.com/dittolive/peer-server,dittolive,2016-02-09T03:44:14Z
51345163,https://github.com/download13th/JSgoodpart,download13th,2016-02-09T03:46:54Z
51344062,https://github.com/liziyu/dat-gui,liziyu,2016-02-09T03:15:40Z
51344092,https://github.com/luisbarajasp/Resolutions,luisbarajasp,2016-02-09T03:16:29Z
51344133,https://github.com/lexithium/nunjucks-bakery,lexithium,2016-02-09T03:17:53Z
51343680,https://github.com/catskull/wolfgangdegraw.com,catskull,2016-02-09T03:05:30Z
51343800,https://github.com/sheehacm/Swaap,sheehacm,2016-02-09T03:08:41Z
51344678,https://github.com/CrushAxe/web-image-rotater,CrushAxe,2016-02-09T03:33:39Z
51345455,https://github.com/vmsawant/maps,vmsawant,2016-02-09T03:56:18Z
51345226,https://github.com/chelBot/Cat-Clicker,chelBot,2016-02-09T03:49:07Z
51344815,https://github.com/marlonruo/facebook,marlonruo,2016-02-09T03:37:40Z
51344825,https://github.com/regentmarkets-repo-archive/binary-next-gen-nightwatch,regentmarkets-repo-archive,2016-02-09T03:37:54Z
51345299,https://github.com/radzen/radzen.github.io,radzen,2016-02-09T03:51:30Z
51345090,https://github.com/elzii/gbenv,elzii,2016-02-09T03:44:55Z
51344580,https://github.com/carsnwd/pomodorotimer,carsnwd,2016-02-09T03:31:01Z
51344672,https://github.com/jessjo/fcc-url-shortener,jessjo,2016-02-09T03:33:31Z
51344935,https://github.com/jersoncarranza/noclick,jersoncarranza,2016-02-09T03:40:50Z
51343861,https://github.com/liulicun/easelink,liulicun,2016-02-09T03:10:18Z
51345423,https://github.com/nsreeniv/LockRTalkR,nsreeniv,2016-02-09T03:55:14Z
51345153,https://github.com/phelmkamp/yama,phelmkamp,2016-02-09T03:46:25Z
51343543,https://github.com/nimi/counter-examples,nimi,2016-02-09T03:02:05Z
51343973,https://github.com/BadPractice/YoutubeWindowFullscreen,BadPractice,2016-02-09T03:13:30Z
51344057,https://github.com/jeffgrunewald/Restaurant_App,jeffgrunewald,2016-02-09T03:15:32Z
51344727,https://github.com/orange4/vms-heroku-dev,orange4,2016-02-09T03:35:04Z
51345553,https://github.com/alyssaw90/ihme-code-challenge,alyssaw90,2016-02-09T03:59:04Z
51345406,https://github.com/elstgav/step-up,elstgav,2016-02-09T03:54:34Z
51343852,https://github.com/Avislux/avislux.github.io,Avislux,2016-02-09T03:10:09Z
51344643,https://github.com/cshan-dev/hearthstone-clone,cshan-dev,2016-02-09T03:32:29Z
51344970,https://github.com/jogacommuri/restful_login_api,jogacommuri,2016-02-09T03:41:52Z
51343694,https://github.com/Pugintv/Pugintv.github.io,Pugintv,2016-02-09T03:05:48Z
51344535,https://github.com/fluffhub/squishy,fluffhub,2016-02-09T03:29:55Z
51344653,https://github.com/a-lysenko/scheduler,a-lysenko,2016-02-09T03:32:47Z
51344194,https://github.com/mwharris1313/goapi,mwharris1313,2016-02-09T03:19:58Z
51344393,https://github.com/ifotn/comp2106-l5,ifotn,2016-02-09T03:25:48Z
51345117,https://github.com/irwingonzales92/MeteorTasks,irwingonzales92,2016-02-09T03:45:39Z
51344676,https://github.com/kunle-lawal/Energy_,kunle-lawal,2016-02-09T03:33:38Z
51344864,https://github.com/NexusZGT/ejemplo,NexusZGT,2016-02-09T03:38:52Z
51345488,https://github.com/tkmoney/SPA,tkmoney,2016-02-09T03:57:09Z
51343907,https://github.com/gitvinit/JavaScript-TDD,gitvinit,2016-02-09T03:11:33Z
51345026,https://github.com/didaah/highcharts,didaah,2016-02-09T03:43:07Z
51345106,https://github.com/abde0089/Piechart,abde0089,2016-02-09T03:45:18Z
51344552,https://github.com/ezmill/rubyfifths,ezmill,2016-02-09T03:30:16Z
51344720,https://github.com/adam-beck/react-powerball,adam-beck,2016-02-09T03:34:52Z
51344835,https://github.com/jeffreyhshapiro/portfolio_v2,jeffreyhshapiro,2016-02-09T03:38:05Z
51345408,https://github.com/smarttaxi/jsocket,smarttaxi,2016-02-09T03:54:43Z
51345001,https://github.com/spencersmb/ng2-forms,spencersmb,2016-02-09T03:42:38Z
51345094,https://github.com/llwang8/freecodecamp---random-quote-machine,llwang8,2016-02-09T03:45:00Z
51344757,https://github.com/TheOtto/u-shifter,TheOtto,2016-02-09T03:36:05Z
51343561,https://github.com/sandbox-tv/frontend,sandbox-tv,2016-02-09T03:02:26Z
51344223,https://github.com/thomasij813/fcc-url-shortener,thomasij813,2016-02-09T03:20:41Z
51344306,https://github.com/kjirou/node-kjirou-utils,kjirou,2016-02-09T03:23:04Z
51344570,https://github.com/kcy2293/louivis-admin,kcy2293,2016-02-09T03:30:50Z
51344862,https://github.com/nbarot/PushNotification,nbarot,2016-02-09T03:38:46Z
51345301,https://github.com/bmac/corkboard,bmac,2016-02-09T03:51:33Z
51345021,https://github.com/didaah/editor,didaah,2016-02-09T03:43:01Z