7460781,https://github.com/zfdatagrid/grid2,zfdatagrid,2013-01-05T22:25:39Z
7460913,https://github.com/rbuzzell/segfaultViewerHTTP,rbuzzell,2013-01-05T22:38:08Z
7460925,https://github.com/fitba/km-2013-projects-team-prenj,fitba,2013-01-05T22:39:51Z
7460687,https://github.com/Feuerlabs/web_demo,Feuerlabs,2013-01-05T22:17:55Z
7460968,https://github.com/barun12/newrepo,barun12,2013-01-05T22:44:34Z
7461106,https://github.com/johanlaidlaw/CameraComparison,johanlaidlaw,2013-01-05T22:59:41Z
7460800,https://github.com/mtwalsh/enovate-patterns,mtwalsh,2013-01-05T22:27:58Z
7460514,https://github.com/charbelg/sample,charbelg,2013-01-05T22:00:42Z
7460962,https://github.com/oneblackbear/mediaserver,oneblackbear,2013-01-05T22:43:33Z
7460723,https://github.com/pierrre/PierrreMemcachedBundle,pierrre,2013-01-05T22:20:53Z
7460592,https://github.com/carew/plugin-highlight,carew,2013-01-05T22:08:28Z
7460647,https://github.com/formcad/efcis,formcad,2013-01-05T22:12:49Z