112114940,https://github.com/0intro/ripple-keypairs,0intro,2017-11-26T20:40:01Z
112112526,https://github.com/abagayev/go-practice,abagayev,2017-11-26T20:02:00Z
112114294,https://github.com/TheVidoja/exercism-go,TheVidoja,2017-11-26T20:29:46Z
112112934,https://github.com/1backend/go-client,1backend,2017-11-26T20:08:05Z
112113072,https://github.com/rhass99/micros,rhass99,2017-11-26T20:10:23Z
112113074,https://github.com/ansrivas/go-emqtt,ansrivas,2017-11-26T20:10:25Z
112114448,https://github.com/AkhterAli/saml2login,AkhterAli,2017-11-26T20:32:04Z
112116081,https://github.com/Aveys/DiscordBotLyon,Aveys,2017-11-26T20:57:18Z
112115654,https://github.com/openclonk/netpuncher,openclonk,2017-11-26T20:50:38Z
112112629,https://github.com/dneilroth/rideshare-compare,dneilroth,2017-11-26T20:03:35Z
112113963,https://github.com/Kurets/GO_release_script,Kurets,2017-11-26T20:24:53Z
112115560,https://github.com/safchain/hasc,safchain,2017-11-26T20:49:24Z
112114536,https://github.com/Avery246813579/GOSQL,Avery246813579,2017-11-26T20:33:31Z
112112591,https://github.com/cjtoolkit/taskforce,cjtoolkit,2017-11-26T20:02:57Z
112113188,https://github.com/FuzzyLogic/sys2sec,FuzzyLogic,2017-11-26T20:12:12Z