240823440,https://github.com/bitprj/bit-frontend,bitprj,2020-02-16T03:12:08Z
240825851,https://github.com/poocart/lend721,poocart,2020-02-16T03:35:23Z
240826024,https://github.com/mikatalk/penguin-water-slide,mikatalk,2020-02-16T03:37:02Z
240826914,https://github.com/erishdaren/AprendiendoReact,erishdaren,2020-02-16T03:45:45Z
240824498,https://github.com/DeathSy/expo-tutorial,DeathSy,2020-02-16T03:22:26Z
240822504,https://github.com/hechtoid/transitYourself,hechtoid,2020-02-16T03:02:03Z
240823299,https://github.com/KevinSwiftiOS/eggjsLearn,KevinSwiftiOS,2020-02-16T03:10:31Z
240824134,https://github.com/imnotjames/git-short-url,imnotjames,2020-02-16T03:18:59Z
240825056,https://github.com/firefac/p-blog-maker,firefac,2020-02-16T03:27:11Z
240823786,https://github.com/jgunderson819/liri-node-app2,jgunderson819,2020-02-16T03:15:31Z
240828132,https://github.com/PathipakaSujita/Mern-TravelBlog,PathipakaSujita,2020-02-16T03:58:14Z
240827340,https://github.com/shrutipatel11/Mortal-Kombots---Devhack2.0,shrutipatel11,2020-02-16T03:50:26Z
240822690,https://github.com/wrunion/rainbow-tic-tac-toe,wrunion,2020-02-16T03:04:07Z
240823377,https://github.com/Ryandinulfatah12/AplikasiPengaduanMasyarakat,Ryandinulfatah12,2020-02-16T03:11:24Z
240824129,https://github.com/kenneth-cruz/solved_Codewars_Leetcode,kenneth-cruz,2020-02-16T03:18:51Z
240827040,https://github.com/rpeltekov/Bloqi-Academic-Credential-Verification,rpeltekov,2020-02-16T03:47:01Z
240824550,https://github.com/Jcanno/eslint-config-scales,Jcanno,2020-02-16T03:22:52Z
240824379,https://github.com/oleolema/react-music,oleolema,2020-02-16T03:21:28Z
240822358,https://github.com/naufal-dean/My-React-Js-Web,naufal-dean,2020-02-16T03:00:32Z
240827900,https://github.com/T2phageM/un,T2phageM,2020-02-16T03:56:04Z
240825938,https://github.com/liaolp413/lws_demo01,liaolp413,2020-02-16T03:36:12Z
240825370,https://github.com/digitalkoicodes/modern-warfare-stats,digitalkoicodes,2020-02-16T03:30:08Z
240826136,https://github.com/AlanWen2016/mvvm,AlanWen2016,2020-02-16T03:38:04Z
240826553,https://github.com/94marianag/Introduction_JS,94marianag,2020-02-16T03:42:08Z
240826748,https://github.com/santiprandi/scloud.js,santiprandi,2020-02-16T03:44:10Z
240823498,https://github.com/uma-1/PharmacyBackend,uma-1,2020-02-16T03:12:44Z
240825086,https://github.com/gusmcnair/DSA-Stacks-Queues,gusmcnair,2020-02-16T03:27:30Z
240825404,https://github.com/sirius-xie/sirius-xie.github.io,sirius-xie,2020-02-16T03:30:26Z
240826354,https://github.com/mbello498/everything-black-entertainment,mbello498,2020-02-16T03:40:09Z
240824659,https://github.com/e2e-boilerplate/nightwatch-typescript-tsc-assert,e2e-boilerplate,2020-02-16T03:23:42Z
240826542,https://github.com/JoyeNettles/monsters-rolodex,JoyeNettles,2020-02-16T03:42:03Z
240825887,https://github.com/SanghoLee-dev/chacha-react-native-study,SanghoLee-dev,2020-02-16T03:35:40Z
240827710,https://github.com/jianchengzou/MsmqUnsubscribeTest,jianchengzou,2020-02-16T03:54:03Z
240827412,https://github.com/tetiana-horobets/contacts,tetiana-horobets,2020-02-16T03:51:14Z
240826167,https://github.com/alexmwebdev/pokedex,alexmwebdev,2020-02-16T03:38:28Z
240827224,https://github.com/Stormgren/credit-card-validator,Stormgren,2020-02-16T03:48:59Z
240823348,https://github.com/PhaneyPhin/Student,PhaneyPhin,2020-02-16T03:11:02Z
240824812,https://github.com/thalesleite/snake,thalesleite,2020-02-16T03:24:58Z
240822978,https://github.com/romit18/codemonks-devhack2-iitdharwad,romit18,2020-02-16T03:07:14Z
240824620,https://github.com/matthew-js-porter-learning/actions-codelab,matthew-js-porter-learning,2020-02-16T03:23:26Z
240826233,https://github.com/ZJCSJTU/ypcb,ZJCSJTU,2020-02-16T03:39:03Z
240827147,https://github.com/itclanCode/JavaScript-algorithms-and-data-structures,itclanCode,2020-02-16T03:48:14Z
240824342,https://github.com/discriminant-tech/gatsby-starter-netlify-cms,discriminant-tech,2020-02-16T03:21:03Z
240825155,https://github.com/Gabehaus/Pomodoro1a,Gabehaus,2020-02-16T03:28:09Z
240826775,https://github.com/Sushan3/WebApi_BuySell_Sushan,Sushan3,2020-02-16T03:44:25Z
240826810,https://github.com/adrhumphreys/auckland-transit,adrhumphreys,2020-02-16T03:44:53Z
240827709,https://github.com/deepaksinghkushwah/javascript,deepaksinghkushwah,2020-02-16T03:54:03Z
240826421,https://github.com/Tobenew/NodeProjects,Tobenew,2020-02-16T03:40:47Z
240827514,https://github.com/juliorhode/Javascript-POO,juliorhode,2020-02-16T03:52:08Z
240823001,https://github.com/harshmriduhash/MERN-blog,harshmriduhash,2020-02-16T03:07:30Z
240823485,https://github.com/pavans2823/demo3,pavans2823,2020-02-16T03:12:36Z
240827757,https://github.com/laulujan/JSpractice,laulujan,2020-02-16T03:54:35Z
240827735,https://github.com/thanhtung5598/ContextAPI-Demo,thanhtung5598,2020-02-16T03:54:22Z
240824983,https://github.com/taku103/cupid,taku103,2020-02-16T03:26:32Z
240824993,https://github.com/karan10singla/muli-docker,karan10singla,2020-02-16T03:26:36Z
240826201,https://github.com/dguoqing/pomeloMovie-Applets,dguoqing,2020-02-16T03:38:44Z
240826974,https://github.com/aubreywullschleger/leetcode,aubreywullschleger,2020-02-16T03:46:26Z
240825240,https://github.com/OrnAlskarFisk/CSC3916_HW1,OrnAlskarFisk,2020-02-16T03:28:46Z
240824407,https://github.com/ianbenjohn/Homework-4,ianbenjohn,2020-02-16T03:21:44Z
240824065,https://github.com/veteran8/react-ms,veteran8,2020-02-16T03:18:25Z
240823867,https://github.com/peng/web-upload,peng,2020-02-16T03:16:25Z
240824988,https://github.com/EijiKajiwara/vue-tutorial,EijiKajiwara,2020-02-16T03:26:34Z
240824865,https://github.com/zhongshanguo/nginx-log-crawler,zhongshanguo,2020-02-16T03:25:30Z
240823244,https://github.com/JimmyMcBride/user-profile-comments-fe,JimmyMcBride,2020-02-16T03:10:02Z
240825241,https://github.com/arielcr/react-boilerplate,arielcr,2020-02-16T03:28:46Z
240826087,https://github.com/jecucu/clima-aap-node,jecucu,2020-02-16T03:37:38Z
240825801,https://github.com/AdamMBinder/UR-Code.github.io,AdamMBinder,2020-02-16T03:34:49Z
240822319,https://github.com/holistic-web/archive,holistic-web,2020-02-16T03:00:08Z
240828301,https://github.com/lingchen4/leetcode_practice,lingchen4,2020-02-16T03:59:54Z
240823399,https://github.com/almayra/FinalProjectBackend,almayra,2020-02-16T03:11:43Z
240823735,https://github.com/mateuschaves/rocket-shoes-app,mateuschaves,2020-02-16T03:15:04Z
240824736,https://github.com/brakluner/UpgradedProfile,brakluner,2020-02-16T03:24:19Z
240822922,https://github.com/Jared-James/react-hooks,Jared-James,2020-02-16T03:06:33Z
240825716,https://github.com/igorquiterio/consulta-repo-git-react,igorquiterio,2020-02-16T03:33:56Z
240824347,https://github.com/samuelfilho87/bootcamp-gostack-10-desafio-7e8-arquitetura-flux-e-react-hooks,samuelfilho87,2020-02-16T03:21:05Z
240824905,https://github.com/boJackEden/lower-diamond-site,boJackEden,2020-02-16T03:25:47Z
240826603,https://github.com/komalng/Blog,komalng,2020-02-16T03:42:43Z
240827035,https://github.com/skchadokar/ps-demo,skchadokar,2020-02-16T03:46:59Z
240827243,https://github.com/drsinder/Notes2021Blazor,drsinder,2020-02-16T03:49:11Z
240823756,https://github.com/yuyoux/devtest,yuyoux,2020-02-16T03:15:16Z
240822980,https://github.com/Garlicvideos/sg-radio-bot,Garlicvideos,2020-02-16T03:07:15Z
240828069,https://github.com/s3ns3x/budgetsys,s3ns3x,2020-02-16T03:57:38Z
240823902,https://github.com/UnseenMountain/news-scraper,UnseenMountain,2020-02-16T03:16:49Z
240826945,https://github.com/eric-erki/Pangalink.net,eric-erki,2020-02-16T03:46:05Z
240826123,https://github.com/EnriqueMenaGarcia/el_corazon_scrum,EnriqueMenaGarcia,2020-02-16T03:37:55Z
240823275,https://github.com/pavans2823/demo2,pavans2823,2020-02-16T03:10:19Z
240823660,https://github.com/harshmriduhash/React-user-system,harshmriduhash,2020-02-16T03:14:25Z
240825255,https://github.com/arigovea/JavaScript,arigovea,2020-02-16T03:28:54Z
240825625,https://github.com/tomasfrancizco/qr-project,tomasfrancizco,2020-02-16T03:32:56Z
240824450,https://github.com/dmitryzatsepin/dimpin,dmitryzatsepin,2020-02-16T03:22:10Z
240824171,https://github.com/mhsantosp/prueba_movies,mhsantosp,2020-02-16T03:19:23Z
240822965,https://github.com/mhandel1955/netNinja_context_hooks_03a,mhandel1955,2020-02-16T03:07:04Z
240826145,https://github.com/quangthaiuit1/webkhaosat,quangthaiuit1,2020-02-16T03:38:08Z
240822422,https://github.com/Jim-Yip0627/Data-Analysis-Learning,Jim-Yip0627,2020-02-16T03:01:14Z
240822585,https://github.com/AresMUSH/ares-discord,AresMUSH,2020-02-16T03:02:46Z
240825321,https://github.com/ehorn24/cookstagram-server,ehorn24,2020-02-16T03:29:37Z
240823699,https://github.com/samurswife/My-Projects,samurswife,2020-02-16T03:14:51Z
240824412,https://github.com/JEQP/burger,JEQP,2020-02-16T03:21:48Z
240824434,https://github.com/learn-help/read-markdown,learn-help,2020-02-16T03:22:01Z
240825409,https://github.com/Veloxme/my-kitchen,Veloxme,2020-02-16T03:30:29Z
240825409,https://github.com/Veloxme/my-kitchen,Veloxme,2020-02-16T03:30:29Z
240822900,https://github.com/rashtay/foodsalvator,rashtay,2020-02-16T03:06:24Z
240825397,https://github.com/kkerberoz/domestic_flight,kkerberoz,2020-02-16T03:30:22Z
240826816,https://github.com/dotupNET/dotup-node-fileserver,dotupNET,2020-02-16T03:44:55Z
240823268,https://github.com/ChanMyaeOo/links-collection,ChanMyaeOo,2020-02-16T03:10:14Z
240826479,https://github.com/odmishien/p5-sf,odmishien,2020-02-16T03:41:19Z
240822335,https://github.com/simentesempre/gatsby-netlify-test,simentesempre,2020-02-16T03:00:21Z
240823636,https://github.com/pavans2823/demo4,pavans2823,2020-02-16T03:14:11Z
240823405,https://github.com/devajitgupta/crud-heroku,devajitgupta,2020-02-16T03:11:46Z
240828119,https://github.com/lindaqlam/react-b1wy6v,lindaqlam,2020-02-16T03:58:07Z
240826701,https://github.com/technology-inspirations/laravelchat_laravel6,technology-inspirations,2020-02-16T03:43:39Z
240824617,https://github.com/blaurel93/employeeTracker,blaurel93,2020-02-16T03:23:25Z
240825964,https://github.com/AlfredRodriguez2042/Api-crud,AlfredRodriguez2042,2020-02-16T03:36:24Z
240824540,https://github.com/genemecija/local-library,genemecija,2020-02-16T03:22:45Z
240827303,https://github.com/john2796/tashi-frontend,john2796,2020-02-16T03:49:57Z
240823389,https://github.com/Legacy26/Cotizador_seguro,Legacy26,2020-02-16T03:11:36Z
240824425,https://github.com/l25359423/hbyngj,l25359423,2020-02-16T03:21:55Z
240826104,https://github.com/PrasheethaChouhan/Pro-C20,PrasheethaChouhan,2020-02-16T03:37:47Z
240822868,https://github.com/pavans2823/demo1,pavans2823,2020-02-16T03:06:01Z
240822881,https://github.com/MonDc/Rest_API,MonDc,2020-02-16T03:06:10Z
240823292,https://github.com/marklin97/Expense_Keeper,marklin97,2020-02-16T03:10:28Z
240827124,https://github.com/polarityio/dig,polarityio,2020-02-16T03:47:57Z
240825829,https://github.com/developereswar/mern,developereswar,2020-02-16T03:35:10Z
240822790,https://github.com/ssxsite/ssx_test_demo2020,ssxsite,2020-02-16T03:05:07Z
240822898,https://github.com/nazim806/timer-app,nazim806,2020-02-16T03:06:22Z
240824415,https://github.com/SkyBlueFeet/water,SkyBlueFeet,2020-02-16T03:21:49Z
240823601,https://github.com/WOM89757/YuChuang_project,WOM89757,2020-02-16T03:13:48Z
240822359,https://github.com/SherlockEurus/Homework,SherlockEurus,2020-02-16T03:00:32Z
240827158,https://github.com/liamst19/fullstackopen-bloglist-exercise,liamst19,2020-02-16T03:48:20Z
240822421,https://github.com/Lao-Liu233/blog_imgs,Lao-Liu233,2020-02-16T03:01:12Z
240823145,https://github.com/iamzakaria306/spp-1,iamzakaria306,2020-02-16T03:09:01Z
240825998,https://github.com/hfurusho/hw21-book-search-save,hfurusho,2020-02-16T03:36:47Z
240822976,https://github.com/miko1991/job_poster,miko1991,2020-02-16T03:07:13Z
240823550,https://github.com/acharayaP03/Webpack-Configuration,acharayaP03,2020-02-16T03:13:15Z
240823944,https://github.com/michaelendaya/Events,michaelendaya,2020-02-16T03:17:17Z
240824808,https://github.com/miggiegarcia/codewarsweek5,miggiegarcia,2020-02-16T03:24:56Z
240827132,https://github.com/2892211452/-vue-,2892211452,2020-02-16T03:48:06Z
240827523,https://github.com/dropej/unev,dropej,2020-02-16T03:52:12Z
240827110,https://github.com/gojiraPH/Events,gojiraPH,2020-02-16T03:47:45Z
240826416,https://github.com/shivaslb72/BookMark,shivaslb72,2020-02-16T03:40:45Z
240826982,https://github.com/China1006/node-demo-1,China1006,2020-02-16T03:46:29Z
240828189,https://github.com/dashg-enterprises/club-website,dashg-enterprises,2020-02-16T03:58:45Z
240827053,https://github.com/rqtx/ideal-umbrella,rqtx,2020-02-16T03:47:11Z
240825465,https://github.com/sohpei/juvenescence,sohpei,2020-02-16T03:31:11Z
240827728,https://github.com/Lovelylys/ReactLearning,Lovelylys,2020-02-16T03:54:18Z
240824953,https://github.com/shareclub/DataStructurebyJS,shareclub,2020-02-16T03:26:15Z
240826250,https://github.com/ekerik220/calculator,ekerik220,2020-02-16T03:39:11Z
240823327,https://github.com/AmandaMills-Hubbard/Slot,AmandaMills-Hubbard,2020-02-16T03:10:47Z
240824409,https://github.com/pragya91/react-testing-library-setup,pragya91,2020-02-16T03:21:46Z
240824562,https://github.com/edrapac/HTTPRequestSmuggling,edrapac,2020-02-16T03:22:57Z
240822386,https://github.com/rayyyy/inkdrop-jira,rayyyy,2020-02-16T03:00:52Z
240822596,https://github.com/fatehan-star/my-first-blog1,fatehan-star,2020-02-16T03:02:58Z
240823849,https://github.com/ecigwe/mongoConnect,ecigwe,2020-02-16T03:16:08Z
240823118,https://github.com/zvlu/NOTE-TAKER-APP,zvlu,2020-02-16T03:08:46Z
240823128,https://github.com/shashaBot/vil_chat,shashaBot,2020-02-16T03:08:54Z
240824986,https://github.com/BnSalahFahmi/node-hello-world,BnSalahFahmi,2020-02-16T03:26:34Z
240826736,https://github.com/tavleenduggal/angrybirds,tavleenduggal,2020-02-16T03:44:01Z
240824335,https://github.com/00karthik/express-boilerplate,00karthik,2020-02-16T03:20:56Z
240828116,https://github.com/jupark14/movie_app_2020,jupark14,2020-02-16T03:58:06Z
240824587,https://github.com/hkwon/eatplaystaysee,hkwon,2020-02-16T03:23:14Z
240828298,https://github.com/WilliamStephan/liri-node-app,WilliamStephan,2020-02-16T03:59:53Z
240826407,https://github.com/mrBlackHat777/sailpay,mrBlackHat777,2020-02-16T03:40:39Z
240822361,https://github.com/Katalyst33/ultimateApi,Katalyst33,2020-02-16T03:00:34Z
240826333,https://github.com/craigmiller160/VideoManagerCypress,craigmiller160,2020-02-16T03:39:59Z
240823265,https://github.com/fc51648/floofpoof,fc51648,2020-02-16T03:10:13Z
240823270,https://github.com/xchsp/flask_vue_toutiao_admin,xchsp,2020-02-16T03:10:15Z
240827604,https://github.com/train-formula/trainer-landing-page,train-formula,2020-02-16T03:52:52Z
240827125,https://github.com/imcjx/Winter_vacation_examination,imcjx,2020-02-16T03:47:57Z
240827494,https://github.com/sonminhye/upbitBot,sonminhye,2020-02-16T03:51:55Z
240823231,https://github.com/flipay/loan-connect,flipay,2020-02-16T03:09:58Z
240825382,https://github.com/nbardoi/wall-street-journal-mongo-scraper,nbardoi,2020-02-16T03:30:14Z
240823173,https://github.com/neuromancer1729/near-url-shortener,neuromancer1729,2020-02-16T03:09:17Z
240828290,https://github.com/zzl0/aws-bootstrap,zzl0,2020-02-16T03:59:47Z
240827918,https://github.com/whatmmobd3/udemy3,whatmmobd3,2020-02-16T03:56:13Z
240825902,https://github.com/jacobmilhon/fsw-110,jacobmilhon,2020-02-16T03:35:48Z
240822923,https://github.com/cs-yang/react-tree-matrix,cs-yang,2020-02-16T03:06:34Z
240828041,https://github.com/aykuli/gatsby-first,aykuli,2020-02-16T03:57:21Z
240824194,https://github.com/mateuschaves/bootcamp-gostack-desafio-04,mateuschaves,2020-02-16T03:19:40Z
240825921,https://github.com/1066JMay96/TeamProfileGen,1066JMay96,2020-02-16T03:36:05Z
240825920,https://github.com/zmlxsdm/LearnMiniProgram,zmlxsdm,2020-02-16T03:36:03Z
240824799,https://github.com/Raudelgar/code-chalenge,Raudelgar,2020-02-16T03:24:49Z
240826637,https://github.com/shine7653/Homework17-1-FitnessTracker,shine7653,2020-02-16T03:43:01Z
240825052,https://github.com/devajitgupta/crud-nodejs-task,devajitgupta,2020-02-16T03:27:10Z
240828273,https://github.com/CynthiaHigley/11NoteTaker,CynthiaHigley,2020-02-16T03:59:36Z
240822757,https://github.com/yeungjoseph/my-app,yeungjoseph,2020-02-16T03:04:48Z
240823869,https://github.com/liltechnomancer/recycle-theme,liltechnomancer,2020-02-16T03:16:26Z
240824856,https://github.com/LandonJelly/node-ebook-admin,LandonJelly,2020-02-16T03:25:24Z
240827405,https://github.com/IrtizaMahmudSMK/react132,IrtizaMahmudSMK,2020-02-16T03:51:12Z
240823667,https://github.com/Sandeepreddypulusani/MDEV_portfolio,Sandeepreddypulusani,2020-02-16T03:14:31Z
240825553,https://github.com/ctli1993/restaurant-forum,ctli1993,2020-02-16T03:32:14Z
240824835,https://github.com/trungdao912/demo-app,trungdao912,2020-02-16T03:25:10Z
240827212,https://github.com/crisgon/personal-blog,crisgon,2020-02-16T03:48:53Z
240826100,https://github.com/JansenChang/jhzh-wsm,JansenChang,2020-02-16T03:37:43Z
240826743,https://github.com/SidhuAtri/co2gle,SidhuAtri,2020-02-16T03:44:08Z
240824928,https://github.com/sanjaysekaren/Car,sanjaysekaren,2020-02-16T03:26:01Z
240825585,https://github.com/s11rikuya/express_hello_world,s11rikuya,2020-02-16T03:32:32Z
240822550,https://github.com/nikhilchauhan0134/ecomercial,nikhilchauhan0134,2020-02-16T03:02:26Z
240827383,https://github.com/yashguptaz/devcamper_api,yashguptaz,2020-02-16T03:51:01Z
240827118,https://github.com/Fredomontero/prattle-messages-server,Fredomontero,2020-02-16T03:47:53Z
240827705,https://github.com/bergie7isu/DSA-Recursion,bergie7isu,2020-02-16T03:53:59Z
240823512,https://github.com/hajimaa/react-training,hajimaa,2020-02-16T03:12:53Z
240824980,https://github.com/yuzhongzeng/server-demo,yuzhongzeng,2020-02-16T03:26:31Z
240827591,https://github.com/swuitch/ProvidentReport,swuitch,2020-02-16T03:52:46Z
240823471,https://github.com/yeecai/lessismore,yeecai,2020-02-16T03:12:27Z
240822806,https://github.com/dwheelerau/d3-project2,dwheelerau,2020-02-16T03:05:20Z
240824362,https://github.com/kazuma1989/hello-oclif,kazuma1989,2020-02-16T03:21:13Z
240827128,https://github.com/RudyR32/Plotly_Deployment,RudyR32,2020-02-16T03:47:58Z
240822789,https://github.com/GijunMoon/timecapsule,GijunMoon,2020-02-16T03:05:05Z
240827914,https://github.com/musema/react-error-boundaries,musema,2020-02-16T03:56:11Z
240828130,https://github.com/a26620236/restaurant_formu_demo,a26620236,2020-02-16T03:58:11Z
240823060,https://github.com/guptswayam/the-parking-project,guptswayam,2020-02-16T03:08:10Z
240828203,https://github.com/Neo42/webpack-workshop,Neo42,2020-02-16T03:58:56Z
240824290,https://github.com/Iann7/M-inA-B,Iann7,2020-02-16T03:20:29Z
240823109,https://github.com/yxia521/JS101_Programming_Foundation_with_JS,yxia521,2020-02-16T03:08:43Z
240827384,https://github.com/Recorichardretardo/FileSaver,Recorichardretardo,2020-02-16T03:51:02Z
240826516,https://github.com/AislingZhang/homework-b,AislingZhang,2020-02-16T03:41:44Z
240823858,https://github.com/hsinlinghu1101/Getting-started-with-Node,hsinlinghu1101,2020-02-16T03:16:13Z
240824306,https://github.com/IsisPMR/Object-Oriented-JS,IsisPMR,2020-02-16T03:20:39Z
240822917,https://github.com/vitorclelis96/rn-todo-list,vitorclelis96,2020-02-16T03:06:31Z
240827473,https://github.com/shikouchen/WechatRobot,shikouchen,2020-02-16T03:51:44Z
240823894,https://github.com/PeeraponS/BlockchainDonation,PeeraponS,2020-02-16T03:16:41Z
240827986,https://github.com/kivicms/code-review,kivicms,2020-02-16T03:56:52Z
240826611,https://github.com/opolskitom/drumKit,opolskitom,2020-02-16T03:42:49Z
240826391,https://github.com/Mechasparrow/StudySmarter,Mechasparrow,2020-02-16T03:40:31Z
240826755,https://github.com/AriesPlaysNation/SinglePageWebApp,AriesPlaysNation,2020-02-16T03:44:13Z
240828180,https://github.com/ezdojs/ezdo.js,ezdojs,2020-02-16T03:58:42Z
240827439,https://github.com/rbompiani/d3,rbompiani,2020-02-16T03:51:27Z
240823017,https://github.com/MetkelK/yeezysthoughts,MetkelK,2020-02-16T03:07:38Z
240823187,https://github.com/T2phageM/ln2048,T2phageM,2020-02-16T03:09:23Z
240822373,https://github.com/bryangali/simon_dice,bryangali,2020-02-16T03:00:45Z
240823019,https://github.com/hirata-y/bootstrap,hirata-y,2020-02-16T03:07:40Z
240828186,https://github.com/Jasaron1997/Platzi-Asincronismo-con-JavaScript,Jasaron1997,2020-02-16T03:58:45Z
240826750,https://github.com/GitHubzhangshuai/vue-ebook,GitHubzhangshuai,2020-02-16T03:44:12Z
240828017,https://github.com/denwira/Pokedex,denwira,2020-02-16T03:57:09Z
240826054,https://github.com/PhoenixMay/React-tic-tac-toe,PhoenixMay,2020-02-16T03:37:20Z
240826270,https://github.com/RayOtsuka/shibushibu-innovation,RayOtsuka,2020-02-16T03:39:25Z
240826068,https://github.com/kolodny/yieldish,kolodny,2020-02-16T03:37:28Z
240825353,https://github.com/cindyytong/helloitsme,cindyytong,2020-02-16T03:30:00Z
240826008,https://github.com/ethueter/ethueterResume,ethueter,2020-02-16T03:36:53Z