226667843,https://github.com/tanseercena/laravel-quotes,tanseercena,2019-12-08T12:57:34Z
226664226,https://github.com/krdesigns-com/studio,krdesigns-com,2019-12-08T12:29:44Z
226667320,https://github.com/han-le/learnlingo-flashcards,han-le,2019-12-08T12:53:28Z
226661393,https://github.com/woodLabo/ie_system,woodLabo,2019-12-08T12:07:33Z
226664387,https://github.com/pedro-drosa/users-api,pedro-drosa,2019-12-08T12:31:00Z
226666799,https://github.com/Sjj1024/SjjWp,Sjj1024,2019-12-08T12:49:21Z
226665501,https://github.com/vladimir-karlov/task-manager,vladimir-karlov,2019-12-08T12:39:33Z
226661785,https://github.com/shimada-ryusuke/employee,shimada-ryusuke,2019-12-08T12:10:27Z
226665759,https://github.com/hypergavs/Stockholders,hypergavs,2019-12-08T12:41:29Z
226662570,https://github.com/hypergavs/E-Learning,hypergavs,2019-12-08T12:16:34Z
226666081,https://github.com/JVillafruela/csv2vcf,JVillafruela,2019-12-08T12:44:02Z
226665577,https://github.com/elden43/advent2019,elden43,2019-12-08T12:40:03Z
226666516,https://github.com/StevenCangGuei/stevencangguei.github.io,StevenCangGuei,2019-12-08T12:47:08Z
226664037,https://github.com/hypergavs/GreenCabPizza,hypergavs,2019-12-08T12:28:17Z
226666332,https://github.com/AlmexAMM1990/Assignment-for-Scala,AlmexAMM1990,2019-12-08T12:45:54Z
226665585,https://github.com/artbyrab/blockee,artbyrab,2019-12-08T12:40:08Z
226666840,https://github.com/jujerez/cccam,jujerez,2019-12-08T12:49:37Z
226662592,https://github.com/pontusluthin/magento,pontusluthin,2019-12-08T12:16:46Z
226661317,https://github.com/filipposchianchi/php-get-params,filipposchianchi,2019-12-08T12:07:01Z
226665145,https://github.com/LilyDubas/phpPartie3,LilyDubas,2019-12-08T12:36:44Z
226662585,https://github.com/rifqidamarali/adminmanpro,rifqidamarali,2019-12-08T12:16:42Z
226664816,https://github.com/siterK/wptest,siterK,2019-12-08T12:34:24Z
226662977,https://github.com/devjkpjulian/unilite,devjkpjulian,2019-12-08T12:19:57Z
226664350,https://github.com/HamzaElghanoui/unitcalculator,HamzaElghanoui,2019-12-08T12:30:43Z
226662534,https://github.com/akash-backend/seductx,akash-backend,2019-12-08T12:16:14Z
226665390,https://github.com/trak2019z/flats-tr2,trak2019z,2019-12-08T12:38:41Z
226666732,https://github.com/navayuvan/Elements_Simplified,navayuvan,2019-12-08T12:48:49Z
226665287,https://github.com/SoyoungYu/laravel_group_project,SoyoungYu,2019-12-08T12:37:54Z
226662559,https://github.com/PHPis/private-office,PHPis,2019-12-08T12:16:28Z
226665291,https://github.com/jamiddd/kmc_official,jamiddd,2019-12-08T12:37:57Z
226667077,https://github.com/Gabehh/php-persistencia-orm,Gabehh,2019-12-08T12:51:37Z
226661476,https://github.com/ErisCapricron123/Biografi,ErisCapricron123,2019-12-08T12:08:05Z
226665966,https://github.com/JoseAntonio98/Programando.Amores,JoseAntonio98,2019-12-08T12:43:05Z
226667609,https://github.com/vamos/friendly-octo-disco,vamos,2019-12-08T12:55:53Z
226664654,https://github.com/pontusluthin/module-gdpr,pontusluthin,2019-12-08T12:33:12Z
226665885,https://github.com/QuentinAman/symfony-project,QuentinAman,2019-12-08T12:42:24Z
226664557,https://github.com/oguemon/phpunit-test,oguemon,2019-12-08T12:32:22Z
226663646,https://github.com/AlmexAMM1990/Assignment-2020,AlmexAMM1990,2019-12-08T12:25:19Z
226663433,https://github.com/mytionbr/estudo-php,mytionbr,2019-12-08T12:23:31Z
226667338,https://github.com/sshNkt/favdigital,sshNkt,2019-12-08T12:53:35Z
226666470,https://github.com/F0xxy/calendar,F0xxy,2019-12-08T12:46:51Z
226661953,https://github.com/charlesStOlive/scaffold,charlesStOlive,2019-12-08T12:11:51Z
226666816,https://github.com/chaiqin/laravel6,chaiqin,2019-12-08T12:49:26Z
226661690,https://github.com/Timechamp/api,Timechamp,2019-12-08T12:09:43Z
226666223,https://github.com/doggying123/mycart,doggying123,2019-12-08T12:45:06Z
226665497,https://github.com/VBelsky/lessons,VBelsky,2019-12-08T12:39:30Z
226661260,https://github.com/ShowBaba/naijahacks-sigma,ShowBaba,2019-12-08T12:06:27Z
226661293,https://github.com/zxsylph/laravel-6.5.2-react,zxsylph,2019-12-08T12:06:51Z