20863333,https://github.com/AzemOcram/OcramTower,AzemOcram,2014-06-15T19:25:14Z
20863406,https://github.com/mobkits/more,mobkits,2014-06-15T19:28:48Z
20863032,https://github.com/datetime/months,datetime,2014-06-15T19:09:38Z
20863056,https://github.com/datetime/days,datetime,2014-06-15T19:11:00Z
20862985,https://github.com/sourcec0de/ng-evaporate,sourcec0de,2014-06-15T19:07:14Z
20863899,https://github.com/pamo/nerdcred,pamo,2014-06-15T19:53:41Z
20863262,https://github.com/captainsafia/shouldirun,captainsafia,2014-06-15T19:21:17Z
20863625,https://github.com/maxkueng/v900-convert,maxkueng,2014-06-15T19:38:44Z
20863033,https://github.com/arshad/teamworkpm,arshad,2014-06-15T19:09:41Z
20863648,https://github.com/harveytoro/NodeAppTemplate,harveytoro,2014-06-15T19:39:57Z
20864009,https://github.com/musically-ut/grunt-connect-delay,musically-ut,2014-06-15T19:58:37Z
20863076,https://github.com/jenglert/apidoc-2-markdown,jenglert,2014-06-15T19:12:12Z
20863752,https://github.com/erinzobitz/New-York-Playlist,erinzobitz,2014-06-15T19:46:00Z
20862862,https://github.com/owenversteeg/chemistrytool,owenversteeg,2014-06-15T19:00:59Z
20863016,https://github.com/mbahoshy/ptu,mbahoshy,2014-06-15T19:09:00Z
20863731,https://github.com/marcusradell/mean-bastard-innovations,marcusradell,2014-06-15T19:44:47Z
20863754,https://github.com/wraithan/serial-monitor,wraithan,2014-06-15T19:46:03Z
20863110,https://github.com/wu6522583/NightFury,wu6522583,2014-06-15T19:13:25Z
20863118,https://github.com/nobe4/Euler-Project,nobe4,2014-06-15T19:14:01Z
20863217,https://github.com/softengineer2006/dataproducts,softengineer2006,2014-06-15T19:18:49Z
20862865,https://github.com/feralieva/Homework,feralieva,2014-06-15T19:01:10Z
20862903,https://github.com/xooroox/SeaChess,xooroox,2014-06-15T19:03:17Z
20862982,https://github.com/derhasi/snappin,derhasi,2014-06-15T19:07:08Z
20863739,https://github.com/kobarei/Tsumami,kobarei,2014-06-15T19:45:00Z
20863557,https://github.com/jahav/Crimescape,jahav,2014-06-15T19:35:34Z
20863966,https://github.com/Troush/nodewebkit-examples,Troush,2014-06-15T19:56:53Z
20863336,https://github.com/bradmurphy/coffee,bradmurphy,2014-06-15T19:25:17Z
20863386,https://github.com/Hustada/stormpath-express-sample,Hustada,2014-06-15T19:27:56Z
20863733,https://github.com/aesislava/Frontend-JavaScript,aesislava,2014-06-15T19:44:48Z
20863167,https://github.com/VlasShatokhin/js-talk,VlasShatokhin,2014-06-15T19:16:50Z
20863764,https://github.com/norwill/demo-blurjs-angular,norwill,2014-06-15T19:46:29Z
20862950,https://github.com/sebalo1314daw2/agenda,sebalo1314daw2,2014-06-15T19:05:51Z
20863504,https://github.com/matiasnombarasco/modalMBox,matiasnombarasco,2014-06-15T19:33:13Z
20863667,https://github.com/britcoop/yunite-splash2,britcoop,2014-06-15T19:40:54Z
20864033,https://github.com/bvramlow/exercise3,bvramlow,2014-06-15T19:59:25Z
20863874,https://github.com/canfd/can,canfd,2014-06-15T19:52:04Z
20862886,https://github.com/rusticode/mean-experiments,rusticode,2014-06-15T19:02:10Z
20863802,https://github.com/lefthandedgoat/ntlmAuthMVC,lefthandedgoat,2014-06-15T19:48:19Z
20863140,https://github.com/ngreeves/firsttest,ngreeves,2014-06-15T19:15:25Z
20863911,https://github.com/wraithan/tap-rerun,wraithan,2014-06-15T19:54:30Z
20863294,https://github.com/ClevMind/filemanager,ClevMind,2014-06-15T19:23:02Z
20863315,https://github.com/pekimo/test_task,pekimo,2014-06-15T19:24:09Z
20863871,https://github.com/wraithan/tap-failed,wraithan,2014-06-15T19:51:48Z
20863886,https://github.com/nunogoncalves/lokaj,nunogoncalves,2014-06-15T19:52:51Z
20862917,https://github.com/maragh/beta,maragh,2014-06-15T19:03:54Z
20863010,https://github.com/DarthKipsu/weekly-Exercises,DarthKipsu,2014-06-15T19:08:42Z
20863329,https://github.com/tcfos/tcfos.github.io,tcfos,2014-06-15T19:25:04Z