51202610,https://github.com/bokuweb/re-bulma,bokuweb,2016-02-06T13:01:43Z
51203145,https://github.com/KevinFasusi/supplychainpy,KevinFasusi,2016-02-06T13:18:57Z
51204497,https://github.com/jiahaog/jiahao.codes,jiahaog,2016-02-06T13:56:25Z
51203096,https://github.com/chrisdavies/reduxr-scoped-reducer,chrisdavies,2016-02-06T13:17:41Z
51203440,https://github.com/paulkernfeld/burnie,paulkernfeld,2016-02-06T13:28:31Z
51204284,https://github.com/ncphillips/game-master,ncphillips,2016-02-06T13:53:08Z
51203963,https://github.com/chengchangwu/along,chengchangwu,2016-02-06T13:44:23Z
51204103,https://github.com/chrisdavies/reduxr-reducer-helpers,chrisdavies,2016-02-06T13:48:14Z
51204580,https://github.com/base/base-fs-rename,base,2016-02-06T13:58:24Z
51202590,https://github.com/arnellebalane/ghk,arnellebalane,2016-02-06T13:01:03Z
51202664,https://github.com/mengkeys/wechat-message-client,mengkeys,2016-02-06T13:03:50Z
51203119,https://github.com/EfzOne/website,EfzOne,2016-02-06T13:18:13Z
51203275,https://github.com/cdeil/web-experiments,cdeil,2016-02-06T13:23:16Z
51203942,https://github.com/benfoxall/historoji,benfoxall,2016-02-06T13:43:36Z
51203426,https://github.com/refugeetech/CompetencyDataMining,refugeetech,2016-02-06T13:28:08Z
51203247,https://github.com/airburst/Timeline.js,airburst,2016-02-06T13:22:23Z
51202964,https://github.com/Aligorith/fx_autoplay_toggle,Aligorith,2016-02-06T13:13:29Z
51203487,https://github.com/cah-johnryan/Sodashop-TestFirst,cah-johnryan,2016-02-06T13:29:48Z
51202580,https://github.com/markomitranic/simplelightbox.js,markomitranic,2016-02-06T13:00:52Z
51202695,https://github.com/ovidiubute/metricador-express-middleware,ovidiubute,2016-02-06T13:04:47Z
51202939,https://github.com/STAR-ZERO/slashcommand-sample,STAR-ZERO,2016-02-06T13:12:36Z
51202961,https://github.com/FilipMatys/SoftwareRegressionPredictor,FilipMatys,2016-02-06T13:13:26Z
51203466,https://github.com/mayotunde/loop,mayotunde,2016-02-06T13:29:17Z
51204456,https://github.com/lore92/UnescoProject,lore92,2016-02-06T13:55:09Z
51203532,https://github.com/juvemar/PetCare,juvemar,2016-02-06T13:30:47Z
51203879,https://github.com/aurelianpop/theme-atelier,aurelianpop,2016-02-06T13:41:31Z
51202843,https://github.com/Thagi/JavaScriptStudy_2,Thagi,2016-02-06T13:09:33Z
51203368,https://github.com/ifigenija/client,ifigenija,2016-02-06T13:26:15Z
51203384,https://github.com/jordandavidson/cgs-24h-game-jam-entry-2,jordandavidson,2016-02-06T13:26:40Z
51203558,https://github.com/hack-weekend/hack-weekend,hack-weekend,2016-02-06T13:31:33Z
51202933,https://github.com/ankur-rc/selenium-web-automator,ankur-rc,2016-02-06T13:12:25Z
51204387,https://github.com/leewaygroups/finSense,leewaygroups,2016-02-06T13:54:17Z
51204462,https://github.com/markormesher/morgan-browser,markormesher,2016-02-06T13:55:19Z
51203431,https://github.com/EvgeniOrmotsadze/NetCreditTest,EvgeniOrmotsadze,2016-02-06T13:28:13Z
51203520,https://github.com/chrisdavies/reduxr-obj-actions,chrisdavies,2016-02-06T13:30:28Z
51203855,https://github.com/RailsRulesTheWorld/ProteinTracker,RailsRulesTheWorld,2016-02-06T13:40:29Z
51203897,https://github.com/NicholasMurray/angular2-unit-testing,NicholasMurray,2016-02-06T13:42:14Z
51203100,https://github.com/Krzysztof92/Cash-Machine,Krzysztof92,2016-02-06T13:17:50Z
51204141,https://github.com/PaulineStruczewska/my-first-blog,PaulineStruczewska,2016-02-06T13:49:20Z
51204195,https://github.com/brafdlog/react-generic-popup,brafdlog,2016-02-06T13:50:58Z
51203298,https://github.com/215789586/phpwei,215789586,2016-02-06T13:23:58Z
51203576,https://github.com/WataruKay/HerokuTest,WataruKay,2016-02-06T13:32:01Z
51203665,https://github.com/megyeriz/test,megyeriz,2016-02-06T13:35:08Z
51203672,https://github.com/DmitryKulikov/oauth-try,DmitryKulikov,2016-02-06T13:35:21Z
51203898,https://github.com/manuel-io/use-env,manuel-io,2016-02-06T13:42:22Z
51202772,https://github.com/raydelto/cocos2dx_demo_codecamp,raydelto,2016-02-06T13:07:01Z
51203163,https://github.com/SunilVashisht/test,SunilVashisht,2016-02-06T13:19:34Z
51203178,https://github.com/nguyen-le/team_app,nguyen-le,2016-02-06T13:20:05Z
51203243,https://github.com/bachnxhedspi/snowflake-js,bachnxhedspi,2016-02-06T13:22:20Z
51203314,https://github.com/ritzforce/portfolio,ritzforce,2016-02-06T13:24:31Z
51203549,https://github.com/ollivver/homework,ollivver,2016-02-06T13:31:19Z
51202756,https://github.com/gpmato10/ex01--part2-,gpmato10,2016-02-06T13:06:31Z
51202968,https://github.com/litena/polynomial.js,litena,2016-02-06T13:13:33Z
51203114,https://github.com/umpa-lumpa/lera-rechembei,umpa-lumpa,2016-02-06T13:18:03Z
51202814,https://github.com/mihaelamj/nodechat,mihaelamj,2016-02-06T13:08:33Z
51204266,https://github.com/Elvynia/angular-threejs,Elvynia,2016-02-06T13:52:33Z
51202844,https://github.com/ksanaforge/ksana-selectable-richtext,ksanaforge,2016-02-06T13:09:37Z
51203832,https://github.com/maciejk77/airport-challenge-js,maciejk77,2016-02-06T13:40:01Z
51203917,https://github.com/trdlo/client175,trdlo,2016-02-06T13:43:00Z
51202845,https://github.com/Steeze/jasmine-testing,Steeze,2016-02-06T13:09:39Z
51202562,https://github.com/makedevpro/my-first-blog,makedevpro,2016-02-06T13:00:08Z
51203611,https://github.com/samuelsleight/banter,samuelsleight,2016-02-06T13:33:14Z
51204293,https://github.com/Nonplused/ImageSearchAbsractionLayer,Nonplused,2016-02-06T13:53:20Z
51203293,https://github.com/cold-storage/docker-syslog-loglove,cold-storage,2016-02-06T13:23:45Z
51203421,https://github.com/maxsoe/chrome-extensions,maxsoe,2016-02-06T13:28:01Z
51203934,https://github.com/piotrekfus91/Todoist-at-startup,piotrekfus91,2016-02-06T13:43:24Z
51203696,https://github.com/AyanGhatak/scatterPlotMatrix,AyanGhatak,2016-02-06T13:36:03Z
51203542,https://github.com/waplet/Sublime_Text_3_Pane_navigation,waplet,2016-02-06T13:31:09Z
51202679,https://github.com/chrisdavies/reduxr-mix,chrisdavies,2016-02-06T13:04:20Z
51203153,https://github.com/k15z/forest6,k15z,2016-02-06T13:19:15Z
51204632,https://github.com/ionic4u/rideonline,ionic4u,2016-02-06T13:59:49Z
51203545,https://github.com/dmitry997990/fslider,dmitry997990,2016-02-06T13:31:15Z
51204572,https://github.com/aqrln/sound-wave,aqrln,2016-02-06T13:58:17Z
51203232,https://github.com/pdewouters/fcc-url-shortener,pdewouters,2016-02-06T13:22:00Z
51203811,https://github.com/swordofmany/clash,swordofmany,2016-02-06T13:39:27Z
51203979,https://github.com/fahadqazi/node-beginner,fahadqazi,2016-02-06T13:44:48Z
51204067,https://github.com/richiewenn/ubiquitous-gulp,richiewenn,2016-02-06T13:47:16Z
51204204,https://github.com/davidklsn/react-setup,davidklsn,2016-02-06T13:51:10Z
51204372,https://github.com/chickencoder/gospel-games,chickencoder,2016-02-06T13:54:10Z
51204601,https://github.com/redstripesaves/site,redstripesaves,2016-02-06T13:59:07Z
51203755,https://github.com/patnealcodes/twodew,patnealcodes,2016-02-06T13:37:49Z
51204526,https://github.com/Super-Fluid/linguatron,Super-Fluid,2016-02-06T13:56:58Z
51204358,https://github.com/TheHexorcist/book-club,TheHexorcist,2016-02-06T13:54:04Z
51204509,https://github.com/Grosloup/widgets,Grosloup,2016-02-06T13:56:36Z
51203857,https://github.com/compumob16/PhoneGap,compumob16,2016-02-06T13:40:32Z
51203993,https://github.com/Wynndow/todo_express_mongodb,Wynndow,2016-02-06T13:45:09Z
51202830,https://github.com/geejayz/Example-Character-Animation-II,geejayz,2016-02-06T13:09:12Z
51204463,https://github.com/Reminent/Magic_Mirror,Reminent,2016-02-06T13:55:19Z
51202650,https://github.com/ajlopez/ImmuO,ajlopez,2016-02-06T13:03:30Z
51202762,https://github.com/rerdos/member-list,rerdos,2016-02-06T13:06:42Z
51203989,https://github.com/ac-coding/Responsive-horizontal-menu,ac-coding,2016-02-06T13:45:02Z