2858187,https://github.com/itay/node-cover,itay,2011-11-26T23:01:09Z
2858367,https://github.com/bertrandom/unshred,bertrandom,2011-11-26T23:48:26Z
2858233,https://github.com/obliquid/jslardo,obliquid,2011-11-26T23:13:13Z
2858405,https://github.com/ricklon/oarconverter,ricklon,2011-11-26T23:59:28Z
2858186,https://github.com/mdiniz/jqbanner,mdiniz,2011-11-26T23:00:51Z
2858339,https://github.com/ujjawal/node-tut,ujjawal,2011-11-26T23:41:18Z
2858214,https://github.com/underscorenygren/railbaron,underscorenygren,2011-11-26T23:08:41Z
2858388,https://github.com/rudiedirkx/fullscreen.js,rudiedirkx,2011-11-26T23:53:41Z