203167950,https://github.com/maneac/go-ultralight,maneac,2019-08-19T12:26:20Z
203169522,https://github.com/ziutek/ummmalloc,ziutek,2019-08-19T12:35:45Z
203171374,https://github.com/rongfengliang/s3-sftp-proxy-docker,rongfengliang,2019-08-19T12:46:30Z
203172914,https://github.com/lighttiger2505/task-burner,lighttiger2505,2019-08-19T12:56:03Z
203164972,https://github.com/naqvijafar91/redis-copier,naqvijafar91,2019-08-19T12:07:08Z
203165916,https://github.com/lopeg/golang,lopeg,2019-08-19T12:13:20Z
203172619,https://github.com/rhedi/tugas_7_golang,rhedi,2019-08-19T12:54:07Z
203167591,https://github.com/jagsme/learn-go,jagsme,2019-08-19T12:24:03Z
203166235,https://github.com/takaishi/fish-history-gc,takaishi,2019-08-19T12:15:21Z
203170777,https://github.com/balaji-dongare/RestApiMgo,balaji-dongare,2019-08-19T12:42:45Z
203170203,https://github.com/Zlass/GoBlueprintsChatApplication,Zlass,2019-08-19T12:39:23Z
203165136,https://github.com/ypingcn/tupgo,ypingcn,2019-08-19T12:08:09Z
203171403,https://github.com/Quard/poindexter,Quard,2019-08-19T12:46:42Z
203169211,https://github.com/LuoYaoSheng/AliIoTApi,LuoYaoSheng,2019-08-19T12:34:08Z
203164445,https://github.com/palanik1/algorithms,palanik1,2019-08-19T12:03:45Z
203169964,https://github.com/QinGTi/go_exp1,QinGTi,2019-08-19T12:38:02Z
203173001,https://github.com/sylba2050/ticktock,sylba2050,2019-08-19T12:56:29Z
203167848,https://github.com/wooos/redis-tools,wooos,2019-08-19T12:25:45Z
203168065,https://github.com/arshpreetsingh/ChatAPP,arshpreetsingh,2019-08-19T12:27:04Z
203164504,https://github.com/P79N6A/golang_sample,P79N6A,2019-08-19T12:04:07Z
203172283,https://github.com/cvelazquezr/gomigrate,cvelazquezr,2019-08-19T12:52:03Z
203170396,https://github.com/liqinshan/alarm,liqinshan,2019-08-19T12:40:22Z
203165603,https://github.com/LuisPecanha/Go_Training,LuisPecanha,2019-08-19T12:11:14Z
203164073,https://github.com/aptituz/cfdyndns,aptituz,2019-08-19T12:00:59Z
203170301,https://github.com/liqinshan/agent,liqinshan,2019-08-19T12:39:59Z
203171699,https://github.com/fsp1yjl/testmod,fsp1yjl,2019-08-19T12:48:29Z