67632494,https://github.com/bitrix-expert/bitrix_boilerplate,bitrix-expert,2016-09-07T18:21:26Z
67634600,https://github.com/norcross/control-wp-core-emails,norcross,2016-09-07T18:52:38Z
67631917,https://github.com/itinnovator/myphp-app,itinnovator,2016-09-07T18:12:58Z
67631899,https://github.com/3nvy/JigokuTsushin,3nvy,2016-09-07T18:12:39Z
67631242,https://github.com/ascuet/stripe-integration-laravel,ascuet,2016-09-07T18:02:31Z
67631744,https://github.com/Namithia20/Web,Namithia20,2016-09-07T18:10:30Z
67633532,https://github.com/skyview059/slim3.5,skyview059,2016-09-07T18:36:28Z
67631888,https://github.com/petermax/html5test,petermax,2016-09-07T18:12:32Z
67634613,https://github.com/ferranriera/Commerce-Moodle-Services,ferranriera,2016-09-07T18:52:48Z
67631827,https://github.com/robatsaz/PV.Resan,robatsaz,2016-09-07T18:11:36Z
67631328,https://github.com/gsantella/class-collaborate,gsantella,2016-09-07T18:03:57Z
67634676,https://github.com/strubix/Symfony-Angular-ecommerce,strubix,2016-09-07T18:53:40Z
67633060,https://github.com/cmartinez84/cities-visited,cmartinez84,2016-09-07T18:29:32Z
67632818,https://github.com/itsjustk/site-check-list,itsjustk,2016-09-07T18:25:44Z
67634756,https://github.com/chanstag/CS-360-Cloud-Storage,chanstag,2016-09-07T18:54:47Z
67634258,https://github.com/ivanmiranda/m2-brand,ivanmiranda,2016-09-07T18:47:26Z
67634524,https://github.com/somework/dlt-vagrant,somework,2016-09-07T18:51:39Z
67632464,https://github.com/rvences/mopoua,rvences,2016-09-07T18:21:06Z
67632631,https://github.com/L-Slavov/Workflow---Demo,L-Slavov,2016-09-07T18:23:12Z
67633855,https://github.com/mastani/GonbadUniversity,mastani,2016-09-07T18:41:03Z
67631953,https://github.com/seblex/rb-forman,seblex,2016-09-07T18:13:28Z
67634504,https://github.com/farisodobasic/jobfairtest,farisodobasic,2016-09-07T18:51:24Z
67631133,https://github.com/Anastasia-Gorobets/rbac,Anastasia-Gorobets,2016-09-07T18:00:49Z
67631518,https://github.com/remory08/recipes_api,remory08,2016-09-07T18:07:14Z
67631785,https://github.com/eddiewilson/portfolio,eddiewilson,2016-09-07T18:11:04Z
67633101,https://github.com/msqueeg/php-xtra,msqueeg,2016-09-07T18:30:11Z
67632925,https://github.com/tacowordpress/taco-installer,tacowordpress,2016-09-07T18:27:29Z
67631331,https://github.com/CristianDeveloper/mvc-framework,CristianDeveloper,2016-09-07T18:03:58Z
67634523,https://github.com/huydangdh/rapidleech,huydangdh,2016-09-07T18:51:38Z
67633093,https://github.com/katjam/wcr-plugins,katjam,2016-09-07T18:30:08Z
67632295,https://github.com/mesme/b,mesme,2016-09-07T18:19:02Z
67634487,https://github.com/Cebul/weather,Cebul,2016-09-07T18:51:01Z
67633572,https://github.com/kimpastro/Simple-Crud-Laravel,kimpastro,2016-09-07T18:37:05Z
67633785,https://github.com/Ellusu/nuraghebot-facebookmessenger,Ellusu,2016-09-07T18:40:05Z
67631399,https://github.com/wp-api-libraries/wp-google-geocoder-api,wp-api-libraries,2016-09-07T18:05:12Z
67635011,https://github.com/personnage/cordova,personnage,2016-09-07T18:58:22Z
67632124,https://github.com/zbanbosuiyue/onepartygo-robert,zbanbosuiyue,2016-09-07T18:16:17Z
67632589,https://github.com/vvasiloud/SortByDate-Magento2,vvasiloud,2016-09-07T18:22:33Z