83745363,https://github.com/bvarner/gofinity,bvarner,2017-03-03T01:57:39Z
83744311,https://github.com/Jetereting/MongoDB_CURD,Jetereting,2017-03-03T01:44:32Z
83740959,https://github.com/jameseck/gotify,jameseck,2017-03-03T01:00:11Z
83743483,https://github.com/guylyons/gowiki,guylyons,2017-03-03T01:34:25Z