17085899,https://github.com/yb/qiniu-file-for-typecho,yb,2014-02-22T14:06:20Z
17086204,https://github.com/mgufrone/laravel-whmcs,mgufrone,2014-02-22T14:23:55Z
17085994,https://github.com/abhishekcghosh/tribute2jolu,abhishekcghosh,2014-02-22T14:11:40Z
17086795,https://github.com/Jarry1250/labs-grep,Jarry1250,2014-02-22T14:54:30Z
17086820,https://github.com/dredei/WASettingsBackup,dredei,2014-02-22T14:55:54Z
17085857,https://github.com/enygma/quickfix,enygma,2014-02-22T14:03:56Z