46012077,https://github.com/matijavizintin/tour-of-go,matijavizintin,2015-11-11T21:51:25Z
46010780,https://github.com/gesellix/mini-dns,gesellix,2015-11-11T21:25:10Z
46011950,https://github.com/levenlabs/goutil,levenlabs,2015-11-11T21:48:43Z
46010064,https://github.com/ReenExeStudyTools/GolangGridWarsPlayerPrototype,ReenExeStudyTools,2015-11-11T21:10:29Z
46010279,https://github.com/jessemillar/onaplane,jessemillar,2015-11-11T21:14:48Z
46010683,https://github.com/steverucker/golang,steverucker,2015-11-11T21:23:16Z
46010130,https://github.com/ReenExeStudyTools/Algorithm,ReenExeStudyTools,2015-11-11T21:11:44Z