10310671,https://github.com/thingsinjars/devtools-extension,thingsinjars,2013-05-27T08:21:33Z
10310825,https://github.com/ligershark/BestPracticesChromeExtension,ligershark,2013-05-27T08:30:37Z
10311280,https://github.com/tomascat/gunnerkrigg,tomascat,2013-05-27T08:59:51Z
10310930,https://github.com/DJCordhose/javascript-fuer-java-entwickler,DJCordhose,2013-05-27T08:36:52Z
10310461,https://github.com/Inspiravetion/Capsule.js,Inspiravetion,2013-05-27T08:08:27Z
10311057,https://github.com/gatemedia/gatemedia-data,gatemedia,2013-05-27T08:45:53Z
10311235,https://github.com/hyptos/AMport,hyptos,2013-05-27T08:56:58Z
10310508,https://github.com/sunwebsite/jquery-mobile-paging-without-ajax,sunwebsite,2013-05-27T08:11:07Z
10310679,https://github.com/unika/mytmall,unika,2013-05-27T08:21:56Z
10310680,https://github.com/nexmot/cuepoints,nexmot,2013-05-27T08:21:58Z
10310970,https://github.com/marutpong08/ioblocks,marutpong08,2013-05-27T08:39:22Z
10311188,https://github.com/microcai/cppscript,microcai,2013-05-27T08:53:54Z
10311034,https://github.com/monyxie/floating-table-header,monyxie,2013-05-27T08:44:17Z
10310685,https://github.com/JeffWeb/tetra_prez,JeffWeb,2013-05-27T08:22:11Z
10310726,https://github.com/mittalprayag25/ScissorPaperRock,mittalprayag25,2013-05-27T08:24:25Z
10310875,https://github.com/rasmuserik/talk-jsengines-cphjs-2012,rasmuserik,2013-05-27T08:33:30Z
10311018,https://github.com/NShahri/EagleEye,NShahri,2013-05-27T08:43:11Z
10310561,https://github.com/PublicAutopsy/BandLeague,PublicAutopsy,2013-05-27T08:14:18Z
10310848,https://github.com/trabajoBD/web,trabajoBD,2013-05-27T08:31:57Z
10311257,https://github.com/alexdong/blog,alexdong,2013-05-27T08:58:25Z
10310425,https://github.com/orient-man/bowling-kata-js,orient-man,2013-05-27T08:06:14Z
10310545,https://github.com/rperezperez/modeler,rperezperez,2013-05-27T08:13:33Z
10310636,https://github.com/NathanielWroblewski/nathanielwroblewski_v0,NathanielWroblewski,2013-05-27T08:19:12Z
10310958,https://github.com/lostium/cerradoporreforma.org-jpd13,lostium,2013-05-27T08:38:33Z
10310522,https://github.com/mosson/extract_error_log,mosson,2013-05-27T08:11:58Z
10310817,https://github.com/Skinc/HTMLWork,Skinc,2013-05-27T08:30:15Z
10310908,https://github.com/kdileep1990/EmployeeJQueryTask,kdileep1990,2013-05-27T08:35:48Z
10311066,https://github.com/radiegtya/yiiboilerplate,radiegtya,2013-05-27T08:46:30Z