208079767,https://github.com/nowfloats/kitsune-application-development-kit,nowfloats,2019-09-12T15:10:03Z
208077655,https://github.com/n42k/brikkit,n42k,2019-09-12T15:00:13Z
208088968,https://github.com/signal-noise/stylelint-scales,signal-noise,2019-09-12T15:54:27Z
208085548,https://github.com/4GeeksAcademy/interview-technical-questions,4GeeksAcademy,2019-09-12T15:37:53Z
208079618,https://github.com/SWI-Prolog/webstat,SWI-Prolog,2019-09-12T15:09:22Z
208080914,https://github.com/sandrabosk/module2,sandrabosk,2019-09-12T15:15:42Z
208079398,https://github.com/ara-framework/webpack-nova-consumer,ara-framework,2019-09-12T15:08:13Z
208081118,https://github.com/upfluence/hypertable,upfluence,2019-09-12T15:16:36Z
208087764,https://github.com/Kamaluddin0302/ecommerceweb,Kamaluddin0302,2019-09-12T15:48:09Z
208084621,https://github.com/ignacioito/GRASSET_PROJET_FINALE,ignacioito,2019-09-12T15:33:36Z
208089140,https://github.com/AcodeWizard/MultiRoomChat---Node.js-Vue.js-MySQL,AcodeWizard,2019-09-12T15:55:22Z
208086061,https://github.com/aqua-lzma/OwOify,aqua-lzma,2019-09-12T15:40:01Z
208079199,https://github.com/YoRHa1998/vueStudy,YoRHa1998,2019-09-12T15:07:23Z
208083071,https://github.com/kaylaewood/Which-Pepper,kaylaewood,2019-09-12T15:25:56Z
208085270,https://github.com/wouter173/pixal-bot,wouter173,2019-09-12T15:36:36Z
208078615,https://github.com/play-this/play-this,play-this,2019-09-12T15:04:39Z
208080936,https://github.com/Witchtower/fireandbot,Witchtower,2019-09-12T15:15:47Z
208080752,https://github.com/BigDaddy-Zephyr/2048,BigDaddy-Zephyr,2019-09-12T15:14:51Z
208082580,https://github.com/win9s/node-wechat,win9s,2019-09-12T15:23:38Z
208088199,https://github.com/HVA-FRC-3824/firescout3824.2020,HVA-FRC-3824,2019-09-12T15:50:25Z
208080284,https://github.com/chitly/cors-nextjs,chitly,2019-09-12T15:12:38Z
208087953,https://github.com/maffsojah/webpack-boilerplate,maffsojah,2019-09-12T15:49:06Z
208085771,https://github.com/CodeVague/Random-Text-Generator-CFG-,CodeVague,2019-09-12T15:38:46Z
208085934,https://github.com/rgaz1962/TodoApp1,rgaz1962,2019-09-12T15:39:29Z
208082922,https://github.com/itsutkarshgoyal/Roulette-game-web-application-using-Asp.Net-and-Angular-,itsutkarshgoyal,2019-09-12T15:25:12Z
208082301,https://github.com/itemka/ToDoList2,itemka,2019-09-12T15:22:15Z
208083278,https://github.com/sganz/rpn-calc,sganz,2019-09-12T15:26:56Z
208088625,https://github.com/yaelsprikut/compare-img-cli,yaelsprikut,2019-09-12T15:52:42Z
208080896,https://github.com/serdarkok/egitim,serdarkok,2019-09-12T15:15:36Z
208081022,https://github.com/therealsohail/CurdApp-ReactJs,therealsohail,2019-09-12T15:16:08Z
208083727,https://github.com/MuhammadBilalQamar/hire-for-desire-complete-app,MuhammadBilalQamar,2019-09-12T15:29:11Z
208078136,https://github.com/shloch/javascript_testing,shloch,2019-09-12T15:02:34Z
208086499,https://github.com/scotato/bokchoy,scotato,2019-09-12T15:42:15Z
208078839,https://github.com/rumboon/hooks-beginner-workshop,rumboon,2019-09-12T15:05:45Z
208078616,https://github.com/dang000/js-roshambo,dang000,2019-09-12T15:04:40Z
208085307,https://github.com/enrdevp/19ds,enrdevp,2019-09-12T15:36:49Z
208086097,https://github.com/MuhammadBilalQamar/campus-recuirement-system-ReactJs,MuhammadBilalQamar,2019-09-12T15:40:14Z
208089346,https://github.com/jitendrathore/etch-a-sketch,jitendrathore,2019-09-12T15:56:26Z
208081125,https://github.com/IrmaIvanova/CodeAcademy.github.io,IrmaIvanova,2019-09-12T15:16:37Z
208080725,https://github.com/denshikov-vovan/test-tasks,denshikov-vovan,2019-09-12T15:14:44Z
208081502,https://github.com/DataAdminEviso/mobile-app,DataAdminEviso,2019-09-12T15:18:19Z
208081587,https://github.com/abdonaser10/tokesnshop20190,abdonaser10,2019-09-12T15:18:43Z
208081773,https://github.com/smashingpat/playground-prerender,smashingpat,2019-09-12T15:19:37Z
208083096,https://github.com/jurgeon018/zdravost,jurgeon018,2019-09-12T15:26:02Z
208081484,https://github.com/LudwigJedde/tetris-with-react,LudwigJedde,2019-09-12T15:18:13Z
208079336,https://github.com/staten-island-tech/quiz-2-robertgrande,staten-island-tech,2019-09-12T15:07:56Z
208084310,https://github.com/Dekim12/core-nodeJS-examples,Dekim12,2019-09-12T15:32:10Z
208084814,https://github.com/Puffnutty/Calc,Puffnutty,2019-09-12T15:34:28Z
208084890,https://github.com/Paymentshield/api-samples-php,Paymentshield,2019-09-12T15:34:49Z
208084920,https://github.com/Pmtague/node-db4-guided,Pmtague,2019-09-12T15:34:57Z
208089076,https://github.com/yuri77/node-db4-guided,yuri77,2019-09-12T15:55:03Z
208087428,https://github.com/intolerance/axios-mock-jest-example,intolerance,2019-09-12T15:46:26Z
208087523,https://github.com/DabeetDas/unitybeta,DabeetDas,2019-09-12T15:46:52Z
208089783,https://github.com/dapawn/react-redux-firebase-planner,dapawn,2019-09-12T15:58:34Z
208089829,https://github.com/quilq/robofriends,quilq,2019-09-12T15:58:51Z
208079148,https://github.com/hannahtuttle/node-db4-guided,hannahtuttle,2019-09-12T15:07:08Z
208081043,https://github.com/jonathongre/node-db4-guided,jonathongre,2019-09-12T15:16:13Z
208082461,https://github.com/Drynial/Naofumi-Bot,Drynial,2019-09-12T15:23:00Z
208087088,https://github.com/jonmackeyparty/ventr-frontend,jonmackeyparty,2019-09-12T15:44:50Z
208078859,https://github.com/kristico12/scalarfold_react_native_Navigation,kristico12,2019-09-12T15:05:49Z
208083193,https://github.com/TCarter3/rps-jsx,TCarter3,2019-09-12T15:26:31Z
208086733,https://github.com/desiquinn/webdb-iv-guided,desiquinn,2019-09-12T15:43:22Z
208087862,https://github.com/AnasIrshad/Afiniti_Insights_Hiring_Assignment_by_Anas,AnasIrshad,2019-09-12T15:48:41Z
208078550,https://github.com/MalyshevaValeriya/871409-code-and-magick-18,MalyshevaValeriya,2019-09-12T15:04:23Z
208085468,https://github.com/j4ckp0w15g4y/dial-gauge,j4ckp0w15g4y,2019-09-12T15:37:32Z
208078797,https://github.com/DabeetDas/ffs-heroku,DabeetDas,2019-09-12T15:05:32Z
208083620,https://github.com/IliesBourib-mms/BreakoutPong,IliesBourib-mms,2019-09-12T15:28:34Z
208084917,https://github.com/mmthatch12/node-db4-guided,mmthatch12,2019-09-12T15:34:56Z
208084765,https://github.com/VaticanEmbassy/elastipass,VaticanEmbassy,2019-09-12T15:34:15Z
208078907,https://github.com/aidfromdeagland/857861-keksobooking-18,aidfromdeagland,2019-09-12T15:06:05Z
208086495,https://github.com/Jason-Prince/DB-Web-Guided-IV,Jason-Prince,2019-09-12T15:42:14Z
208083281,https://github.com/bilgincan/RPG,bilgincan,2019-09-12T15:26:57Z
208079700,https://github.com/ejodet/devops-insights-20190912150551538,ejodet,2019-09-12T15:09:46Z
208079901,https://github.com/AllanLotta/A-simple-react-todo-list,AllanLotta,2019-09-12T15:10:52Z
208080090,https://github.com/MohamedZiko1990/Todo-List,MohamedZiko1990,2019-09-12T15:11:48Z
208077991,https://github.com/petertonysmith94/Ratechange,petertonysmith94,2019-09-12T15:01:53Z
208078055,https://github.com/KF4git/KF4git.github.io,KF4git,2019-09-12T15:02:09Z
208083483,https://github.com/angademigod666/fp-ui-guidelines,angademigod666,2019-09-12T15:27:57Z
208083510,https://github.com/thinkful-ei-gecko/Hubert-Alexander-NotefulContext,thinkful-ei-gecko,2019-09-12T15:28:04Z
208080521,https://github.com/jerryzhch/songs,jerryzhch,2019-09-12T15:13:48Z
208080436,https://github.com/jessrodier/WP-Gulp-4,jessrodier,2019-09-12T15:13:20Z
208089370,https://github.com/fishjar/antd-admin-bolierplate,fishjar,2019-09-12T15:56:33Z
208089379,https://github.com/Isk98/travel-app,Isk98,2019-09-12T15:56:37Z
208089322,https://github.com/pcoyoy8/lwc1,pcoyoy8,2019-09-12T15:56:19Z
208087230,https://github.com/laurobs8/API-Node.js-Express-,laurobs8,2019-09-12T15:45:33Z
208085807,https://github.com/moiseslimax/react-redux-saga,moiseslimax,2019-09-12T15:38:53Z
208085838,https://github.com/tora27011998/OAuth,tora27011998,2019-09-12T15:39:04Z
208085844,https://github.com/Sid7851/OnlineDatingApp,Sid7851,2019-09-12T15:39:06Z
208085896,https://github.com/shonendumm/ktmBooking,shonendumm,2019-09-12T15:39:19Z
208084533,https://github.com/Pradyoth/WebProjects,Pradyoth,2019-09-12T15:33:12Z
208083901,https://github.com/acexxx0w0/Discord-bot,acexxx0w0,2019-09-12T15:30:07Z
208087214,https://github.com/SutPro/TEST,SutPro,2019-09-12T15:45:27Z
208085262,https://github.com/Xx220xX/Lib-C,Xx220xX,2019-09-12T15:36:35Z
208083002,https://github.com/twardcox/taskmaster-frontend,twardcox,2019-09-12T15:25:38Z
208082376,https://github.com/FannyMonet/Tuto_React_Inventory,FannyMonet,2019-09-12T15:22:36Z
208085450,https://github.com/jlaguilargomez/game-in-which-door,jlaguilargomez,2019-09-12T15:37:26Z
208085602,https://github.com/frisconp/open-api-chart,frisconp,2019-09-12T15:38:07Z
208079561,https://github.com/56KgofAwesome/CR,56KgofAwesome,2019-09-12T15:09:05Z
208084733,https://github.com/tigigti/Bachelor,tigigti,2019-09-12T15:34:06Z
208079011,https://github.com/peaceiris/nextjs-test,peaceiris,2019-09-12T15:06:35Z
208085824,https://github.com/lidiacampos/Validacion,lidiacampos,2019-09-12T15:38:59Z
208085916,https://github.com/gilgabay/MyFirstProject,gilgabay,2019-09-12T15:39:26Z
208078965,https://github.com/kushnit/LWC_Dynamic_Table,kushnit,2019-09-12T15:06:23Z
208081909,https://github.com/HarrowinG/WorkingWithVisualStudio,HarrowinG,2019-09-12T15:20:14Z
208080847,https://github.com/AbdykerimovUrmat/borsok_kobry,AbdykerimovUrmat,2019-09-12T15:15:21Z
208085991,https://github.com/Cyanoure/randombot,Cyanoure,2019-09-12T15:39:42Z
208079712,https://github.com/staten-island-tech/quiz-2-BrianJ-Code,staten-island-tech,2019-09-12T15:09:50Z
208079808,https://github.com/jfalicea/React-App-With-Back-End,jfalicea,2019-09-12T15:10:20Z
208082821,https://github.com/garryc5/BearBonesDB,garryc5,2019-09-12T15:24:40Z
208082881,https://github.com/dafakias/Mario-Maths-English-Version,dafakias,2019-09-12T15:24:58Z
208079255,https://github.com/staten-island-tech/quiz-2-bryanb26,staten-island-tech,2019-09-12T15:07:38Z
208079337,https://github.com/staten-island-tech/quiz-2-ShaneTheBro,staten-island-tech,2019-09-12T15:07:57Z
208083426,https://github.com/laurenelizamax/NSS-Book3-Chapter3,laurenelizamax,2019-09-12T15:27:41Z
208083577,https://github.com/ThanujaFernando/M1,ThanujaFernando,2019-09-12T15:28:22Z
208087635,https://github.com/JefferssonSemin/goTur,JefferssonSemin,2019-09-12T15:47:30Z
208087873,https://github.com/Jay-Wood/webdb-4-guided,Jay-Wood,2019-09-12T15:48:44Z
208080594,https://github.com/Bernardoow/report,Bernardoow,2019-09-12T15:14:09Z
208078067,https://github.com/mamedinas/NextJs-application-server,mamedinas,2019-09-12T15:02:12Z
208088605,https://github.com/BlueStriderX/SOEScripts,BlueStriderX,2019-09-12T15:52:34Z
208083415,https://github.com/adamsjr8576/Mod1_Project4_Beyonce,adamsjr8576,2019-09-12T15:27:38Z
208086509,https://github.com/DaniloSI/Estudo-de-React-JS,DaniloSI,2019-09-12T15:42:17Z
208080238,https://github.com/ASimpleMeow/RandomCats.github.io,ASimpleMeow,2019-09-12T15:12:28Z
208081138,https://github.com/tmayphillips/Hiking-React,tmayphillips,2019-09-12T15:16:41Z
208083517,https://github.com/JAK-UCF/javascript-challenge,JAK-UCF,2019-09-12T15:28:06Z
208081664,https://github.com/cno107/cno107.github.io,cno107,2019-09-12T15:19:06Z
208081672,https://github.com/FengyuWang123/project-purchase,FengyuWang123,2019-09-12T15:19:09Z
208082156,https://github.com/RaviHashThink/Express-JS-Task,RaviHashThink,2019-09-12T15:21:28Z
208079714,https://github.com/standardhealth/shr-graph-export,standardhealth,2019-09-12T15:09:50Z
208080459,https://github.com/FernandoMedi/Pig-Games,FernandoMedi,2019-09-12T15:13:25Z
208079285,https://github.com/staten-island-tech/quiz-2-Fluffycat9999,staten-island-tech,2019-09-12T15:07:43Z
208080677,https://github.com/rafmando/weather-app,rafmando,2019-09-12T15:14:34Z
208077634,https://github.com/Layluck-dev/trivstrat,Layluck-dev,2019-09-12T15:00:07Z
208086625,https://github.com/GustawTanski/quick-notes,GustawTanski,2019-09-12T15:42:52Z
208086927,https://github.com/simplon-marseille/movie-app,simplon-marseille,2019-09-12T15:44:07Z
208085582,https://github.com/abhimanyu-cloudnix/locale,abhimanyu-cloudnix,2019-09-12T15:38:03Z
208086047,https://github.com/visaal-mishra/resort,visaal-mishra,2019-09-12T15:39:57Z
208080129,https://github.com/rlpang/lvt,rlpang,2019-09-12T15:11:58Z
208089607,https://github.com/ezhylin/nodejs,ezhylin,2019-09-12T15:57:42Z
208089843,https://github.com/vondruska/ramhacks-2019-docker,vondruska,2019-09-12T15:58:55Z
208085167,https://github.com/AgneLukoseviciute/spanish-learner,AgneLukoseviciute,2019-09-12T15:36:08Z
208085211,https://github.com/AveryanovS/trip_challenge,AveryanovS,2019-09-12T15:36:19Z
208084423,https://github.com/kchang00/DayOne_Review,kchang00,2019-09-12T15:32:38Z
208086370,https://github.com/DejonKurti/Javascript-Notes,DejonKurti,2019-09-12T15:41:35Z
208088152,https://github.com/suryaarigela/pm2_research,suryaarigela,2019-09-12T15:50:13Z
208088326,https://github.com/EthanCampana/Job-O,EthanCampana,2019-09-12T15:51:10Z
208083776,https://github.com/jagmortlock/mvaAutomation,jagmortlock,2019-09-12T15:29:27Z
208084350,https://github.com/beeeg55/react-navigation,beeeg55,2019-09-12T15:32:20Z
208078431,https://github.com/chrisdesilva/skills_fund_hackbright,chrisdesilva,2019-09-12T15:03:57Z
208086149,https://github.com/davidnussio/feathers-cqrs,davidnussio,2019-09-12T15:40:28Z
208087299,https://github.com/k1ll1n/site-wireframe,k1ll1n,2019-09-12T15:45:56Z
208085629,https://github.com/SpyrosGeo/NeverNote-evernote-clone-,SpyrosGeo,2019-09-12T15:38:11Z
208086389,https://github.com/syogo0201/my-first-node-js,syogo0201,2019-09-12T15:41:40Z
208083651,https://github.com/nicknist/which-beyonce,nicknist,2019-09-12T15:28:46Z
208081410,https://github.com/laurobs8/Simple-React-App,laurobs8,2019-09-12T15:17:55Z
208079409,https://github.com/Blasanka/infolanka-react,Blasanka,2019-09-12T15:08:17Z
208079424,https://github.com/staten-island-tech/quiz-2-melkadze,staten-island-tech,2019-09-12T15:08:21Z
208077998,https://github.com/mraeia/CurrencyConverter,mraeia,2019-09-12T15:01:55Z
208078032,https://github.com/wahyu-romadhon/reactnative-bioskop,wahyu-romadhon,2019-09-12T15:02:04Z
208079892,https://github.com/jonatansberg/yellowcake,jonatansberg,2019-09-12T15:10:50Z
208078947,https://github.com/TomekCze/electron_btc_notify,TomekCze,2019-09-12T15:06:18Z
208079083,https://github.com/charlesgael/cookiehelper,charlesgael,2019-09-12T15:06:51Z
208084206,https://github.com/aniltako/create-js-library,aniltako,2019-09-12T15:31:39Z
208084792,https://github.com/mavrk/react-testing-demo,mavrk,2019-09-12T15:34:22Z
208081910,https://github.com/WonderfulOlanrewaju/videographer-masterclass,WonderfulOlanrewaju,2019-09-12T15:20:15Z
208082124,https://github.com/pooryork/bet,pooryork,2019-09-12T15:21:19Z
208080834,https://github.com/thinkful-ei-gecko/yulia-laura-noteful-context,thinkful-ei-gecko,2019-09-12T15:15:17Z
208085184,https://github.com/anuragitachi/node-js2,anuragitachi,2019-09-12T15:36:13Z
208079600,https://github.com/arvagas/node-db4-challenge,arvagas,2019-09-12T15:09:17Z
208085661,https://github.com/yetieaterxb1/Leetcode,yetieaterxb1,2019-09-12T15:38:19Z
208087751,https://github.com/Abdo-Hassan/find-monsters,Abdo-Hassan,2019-09-12T15:48:04Z
208089503,https://github.com/agordon1123/node-db4-guided,agordon1123,2019-09-12T15:57:13Z
208085715,https://github.com/JoinJanay-JS/JoinJanay-JS.github.io,JoinJanay-JS,2019-09-12T15:38:33Z
208089854,https://github.com/QH2333/ssn_cash_book,QH2333,2019-09-12T15:58:59Z
208078274,https://github.com/Ophiuchus93/React-RockPaperScissors,Ophiuchus93,2019-09-12T15:03:12Z
208079196,https://github.com/kindjo/react_guide,kindjo,2019-09-12T15:07:22Z
208079253,https://github.com/staten-island-tech/quiz-2-EdwardNg-Tech,staten-island-tech,2019-09-12T15:07:37Z
208079349,https://github.com/staten-island-tech/quiz-2-Robust-ness,staten-island-tech,2019-09-12T15:08:00Z
208079361,https://github.com/staten-island-tech/quiz-2-kaitonggao,staten-island-tech,2019-09-12T15:08:02Z
208079455,https://github.com/malinda666/malinda666.github.io,malinda666,2019-09-12T15:08:34Z
208083242,https://github.com/gmorae/Treinando-Javascript,gmorae,2019-09-12T15:26:46Z
208085936,https://github.com/anthonyxiang1/hm-src-dev,anthonyxiang1,2019-09-12T15:39:30Z
208088387,https://github.com/djnicholson/fairplay,djnicholson,2019-09-12T15:51:27Z
208085388,https://github.com/jchandlerturner/c35-Book3-Chapter3-Lightning-Exercise,jchandlerturner,2019-09-12T15:37:11Z
208087840,https://github.com/vikash990/Weather-finder-app-react,vikash990,2019-09-12T15:48:35Z
208088796,https://github.com/GhostOcelot/Stopwatch,GhostOcelot,2019-09-12T15:53:28Z
208080784,https://github.com/Ekaboo/React-Native-CRUD,Ekaboo,2019-09-12T15:14:59Z
208081697,https://github.com/AnnaShalaginova/meadowlark,AnnaShalaginova,2019-09-12T15:19:16Z
208082565,https://github.com/mperdikeas/js-cubehelix-demo,mperdikeas,2019-09-12T15:23:33Z
208084415,https://github.com/chris-ian-jones/node-db4-guided,chris-ian-jones,2019-09-12T15:32:35Z
208084638,https://github.com/Brallon89/automatizacion_s4n,Brallon89,2019-09-12T15:33:41Z
208084308,https://github.com/nm1996/asp,nm1996,2019-09-12T15:32:10Z
208084325,https://github.com/zakjai20/jrot,zakjai20,2019-09-12T15:32:15Z
208084978,https://github.com/wahyufaturrizky/simple_crud,wahyufaturrizky,2019-09-12T15:35:14Z
208089598,https://github.com/konouvang/-mern-exercise-tracker-mongodb,konouvang,2019-09-12T15:57:39Z
208089687,https://github.com/juanca8520/mongoDbREST,juanca8520,2019-09-12T15:58:04Z
208089718,https://github.com/jlaluces123/RN-First-Project,jlaluces123,2019-09-12T15:58:13Z
208085864,https://github.com/sotheca/webpersonal,sotheca,2019-09-12T15:39:10Z
208089833,https://github.com/leorawe/emulcamp,leorawe,2019-09-12T15:58:52Z
208086612,https://github.com/Jessmaxim303/Which-Beyonc-,Jessmaxim303,2019-09-12T15:42:50Z
208082216,https://github.com/albertuscrs/react-news-app,albertuscrs,2019-09-12T15:21:46Z
208083319,https://github.com/jadeli1720/node-db4-guided,jadeli1720,2019-09-12T15:27:11Z
208082923,https://github.com/Lifrack/Vendetta,Lifrack,2019-09-12T15:25:12Z
208085364,https://github.com/edenleung/vue-jsx-template,edenleung,2019-09-12T15:37:05Z
208079479,https://github.com/arvagas/node-db4-guided,arvagas,2019-09-12T15:08:44Z
208085627,https://github.com/cds-snc/day-of-delivery6,cds-snc,2019-09-12T15:38:11Z
208089792,https://github.com/xfides/83701-keksobooking-18,xfides,2019-09-12T15:58:36Z
208089019,https://github.com/magicmarvman/marvinschopf,magicmarvman,2019-09-12T15:54:42Z
208088113,https://github.com/kenj0418/steptest,kenj0418,2019-09-12T15:49:59Z
208087708,https://github.com/dziubliukbm/Clicky-cartoon-Game,dziubliukbm,2019-09-12T15:47:54Z
208085075,https://github.com/thaishdz/web-ranking-back,thaishdz,2019-09-12T15:35:39Z
208087798,https://github.com/crugarjan14/Java-Script-Challenge,crugarjan14,2019-09-12T15:48:22Z
208087952,https://github.com/Reinoptland/PizzaList,Reinoptland,2019-09-12T15:49:06Z
208083428,https://github.com/romluc/rocketseat-gostack2019-module9,romluc,2019-09-12T15:27:41Z
208089045,https://github.com/alfgomes/SessionControl,alfgomes,2019-09-12T15:54:51Z
208082876,https://github.com/mykelaballe/inspect_mobile,mykelaballe,2019-09-12T15:24:56Z
208082282,https://github.com/AdamMGaunt/react-redux-complete,AdamMGaunt,2019-09-12T15:22:09Z
208082371,https://github.com/meganwhite/node-db4-guided,meganwhite,2019-09-12T15:22:35Z
208089741,https://github.com/itsip/cards,itsip,2019-09-12T15:58:22Z
208078987,https://github.com/jiyaaany/Node.js_Study,jiyaaany,2019-09-12T15:06:27Z
208079044,https://github.com/milapush/aula-js,milapush,2019-09-12T15:06:43Z
208078853,https://github.com/ecikalleshi/example,ecikalleshi,2019-09-12T15:05:48Z
208078177,https://github.com/thinkful-ei-gecko/Daniel-JamesL-Context-Noteful,thinkful-ei-gecko,2019-09-12T15:02:47Z
208082938,https://github.com/TextError/Website-Builder,TextError,2019-09-12T15:25:16Z
208079855,https://github.com/Ninh-Phan-Chinh/appbanhang,Ninh-Phan-Chinh,2019-09-12T15:10:34Z
208087860,https://github.com/lyomic/hello-world,lyomic,2019-09-12T15:48:41Z
208077771,https://github.com/maggiezumwalde/TypeScript,maggiezumwalde,2019-09-12T15:00:46Z
208083934,https://github.com/Hmvalles75/On-Tap-server,Hmvalles75,2019-09-12T15:30:19Z
208081519,https://github.com/mariofornaroli/context-and-hooks-with-reducers-http-call,mariofornaroli,2019-09-12T15:18:25Z
208084027,https://github.com/bwillenbring/flask_cypress_docker,bwillenbring,2019-09-12T15:30:45Z
208084002,https://github.com/pomegran/tie-api-example-twilio-ivr-sms,pomegran,2019-09-12T15:30:38Z
208084679,https://github.com/chrisnajman/react-slideshow,chrisnajman,2019-09-12T15:33:54Z
208085097,https://github.com/mmcs-gd/task-1-vladrusakov,mmcs-gd,2019-09-12T15:35:46Z
208086934,https://github.com/Kamil-T/lights-out,Kamil-T,2019-09-12T15:44:10Z
208082119,https://github.com/lornasw93/umbraco8,lornasw93,2019-09-12T15:21:18Z
208085451,https://github.com/chrisdesilva/skills_fund_tech_elevator,chrisdesilva,2019-09-12T15:37:28Z
208086208,https://github.com/siennaspargo/kinetikvideosearch,siennaspargo,2019-09-12T15:40:45Z
208081396,https://github.com/CustomSeif/ALK,CustomSeif,2019-09-12T15:17:51Z
208083615,https://github.com/etaylorm/multi-docker,etaylorm,2019-09-12T15:28:34Z
208082118,https://github.com/jfabiant/cms-api,jfabiant,2019-09-12T15:21:18Z
208085174,https://github.com/mykelaballe/rentplus_mobile,mykelaballe,2019-09-12T15:36:10Z
208085219,https://github.com/okakosomano/ROPASC,okakosomano,2019-09-12T15:36:21Z
208082984,https://github.com/tfaramar/node-db4-guided,tfaramar,2019-09-12T15:25:31Z
208083025,https://github.com/klapen/financialchat,klapen,2019-09-12T15:25:43Z
208082302,https://github.com/eduper11/cryptocoins,eduper11,2019-09-12T15:22:15Z
208086185,https://github.com/NeerajKondalkar/ipa3q2,NeerajKondalkar,2019-09-12T15:40:38Z
208087146,https://github.com/kostyatitarenko/react-redux-template,kostyatitarenko,2019-09-12T15:45:02Z
208086433,https://github.com/javierruiz1113/webserver-express-,javierruiz1113,2019-09-12T15:41:53Z
208089014,https://github.com/TheLessonHere/node-db4-guided,TheLessonHere,2019-09-12T15:54:41Z
208088177,https://github.com/trevorjdobson/taskmaster-frontend,trevorjdobson,2019-09-12T15:50:18Z
208079780,https://github.com/fxola/Proximate-Devs,fxola,2019-09-12T15:10:09Z
208079987,https://github.com/nvonbuttlar/mern-todo,nvonbuttlar,2019-09-12T15:11:19Z
208078918,https://github.com/ajohnson132490/gigiPlayhouse,ajohnson132490,2019-09-12T15:06:09Z
208078834,https://github.com/apizarras/lcc,apizarras,2019-09-12T15:05:43Z
208079231,https://github.com/Ryan-Wisniewski/node-db4-guided2,Ryan-Wisniewski,2019-09-12T15:07:31Z
208080275,https://github.com/thinkful-ei-gecko/shawn-phoebe-NotefulContext,thinkful-ei-gecko,2019-09-12T15:12:37Z
208080496,https://github.com/yashraj20/Typescript-App,yashraj20,2019-09-12T15:13:40Z
208089144,https://github.com/azamatbekmurat/test-app-for-gamebook,azamatbekmurat,2019-09-12T15:55:25Z
208079899,https://github.com/justinkerbo/portfolio,justinkerbo,2019-09-12T15:10:52Z
208087992,https://github.com/Jen-Hobbs/labs,Jen-Hobbs,2019-09-12T15:49:21Z
208082244,https://github.com/Xizi0n/Education_System_Backend,Xizi0n,2019-09-12T15:21:56Z
208087078,https://github.com/Ceci007/e-commerce,Ceci007,2019-09-12T15:44:48Z
208079331,https://github.com/staten-island-tech/quiz-2-William-Anderson2020,staten-island-tech,2019-09-12T15:07:54Z
208079357,https://github.com/r34son/titles-api,r34son,2019-09-12T15:08:01Z
208078489,https://github.com/heygomak/mini-music-application,heygomak,2019-09-12T15:04:09Z
208078544,https://github.com/rhokath/node-db4-guided,rhokath,2019-09-12T15:04:22Z
208085194,https://github.com/pipeosmu/node-rest-server,pipeosmu,2019-09-12T15:36:16Z
208085223,https://github.com/TcFlux/multi-docker,TcFlux,2019-09-12T15:36:22Z
208084123,https://github.com/vlad8zavr/node-task,vlad8zavr,2019-09-12T15:31:13Z
208083371,https://github.com/aisyahmuhaddisi/e581dc19937430f74d2107b4a1dd05316191a778,aisyahmuhaddisi,2019-09-12T15:27:25Z
208081338,https://github.com/thinkful-ei-gecko/smiti-nandana-context,thinkful-ei-gecko,2019-09-12T15:17:35Z
208079686,https://github.com/stefanointrozzi/TicinoResidenTI,stefanointrozzi,2019-09-12T15:09:41Z
208079695,https://github.com/joule-fork-me/CDBAFSTK1RB7EZCYY7ZF,joule-fork-me,2019-09-12T15:09:44Z
208078990,https://github.com/cheapshops/amazonOralCareProducts,cheapshops,2019-09-12T15:06:28Z
208081134,https://github.com/tommycoleman87/db4guided,tommycoleman87,2019-09-12T15:16:40Z
208080346,https://github.com/chabco/budget-react-app,chabco,2019-09-12T15:12:56Z
208085316,https://github.com/marquise-k/norcapp,marquise-k,2019-09-12T15:36:51Z
208087753,https://github.com/sebastian-bartkowiak/ekstraklasa-google-calendar-watcher,sebastian-bartkowiak,2019-09-12T15:48:05Z
208087871,https://github.com/ngoctlu30/teacherManagerApp,ngoctlu30,2019-09-12T15:48:43Z
208088782,https://github.com/BrandonLim8890/calculator,BrandonLim8890,2019-09-12T15:53:24Z
208088840,https://github.com/alexon1234/open-faas-test,alexon1234,2019-09-12T15:53:45Z
208089558,https://github.com/ZakkProjects/SchoolWebProject,ZakkProjects,2019-09-12T15:57:29Z
208087343,https://github.com/DaveDisco/material-ui-2,DaveDisco,2019-09-12T15:46:07Z
208086235,https://github.com/GeorgeTheEnthusiast/Galeon,GeorgeTheEnthusiast,2019-09-12T15:40:53Z
208081371,https://github.com/jonnyacl/serverless-app,jonnyacl,2019-09-12T15:17:44Z
208086197,https://github.com/billymfl/listingservice,billymfl,2019-09-12T15:40:40Z
208081816,https://github.com/VictorDabela/dabegram-backend,VictorDabela,2019-09-12T15:19:48Z
208079642,https://github.com/manzinello/quello-che-le-donne-non-dicono-alla-chiesa,manzinello,2019-09-12T15:09:28Z
208084661,https://github.com/BalajiDuraisamy321/fypro,BalajiDuraisamy321,2019-09-12T15:33:49Z
208083276,https://github.com/chrisnajman/react-monsters-rolodex,chrisnajman,2019-09-12T15:26:55Z
208080980,https://github.com/aziddy/Electromagnetic_3D_Visualization,aziddy,2019-09-12T15:15:59Z
208088472,https://github.com/thinkful-ei-gecko/marlon-noteful-context,thinkful-ei-gecko,2019-09-12T15:51:52Z
208083084,https://github.com/RayRedGoose/WhichStormtrooper,RayRedGoose,2019-09-12T15:25:59Z
208085301,https://github.com/jorgebarcos/react-admin-pacientes-vet,jorgebarcos,2019-09-12T15:36:47Z
208077772,https://github.com/mclaure/api-docs,mclaure,2019-09-12T15:00:46Z
208085107,https://github.com/Darhild/shri-2019,Darhild,2019-09-12T15:35:49Z
208084202,https://github.com/el-schneider/climateClock,el-schneider,2019-09-12T15:31:37Z
208084354,https://github.com/tien-149/week2_review,tien-149,2019-09-12T15:32:20Z
208083850,https://github.com/xa5865/ItlizeProject1,xa5865,2019-09-12T15:29:49Z
208083863,https://github.com/yupitel/dynamo-study,yupitel,2019-09-12T15:29:56Z
208078829,https://github.com/ssanusi/Intro-to-Graphql-fem,ssanusi,2019-09-12T15:05:40Z
208081370,https://github.com/OlenaSalamakha/ticTacToe,OlenaSalamakha,2019-09-12T15:17:43Z
208079274,https://github.com/staten-island-tech/quiz-2-DejonKurti,staten-island-tech,2019-09-12T15:07:41Z
208077895,https://github.com/tjvonbr/webdb-iv-guided,tjvonbr,2019-09-12T15:01:22Z
208077940,https://github.com/thinkful-ei-gecko/stevenB-nancy-notefulContext,thinkful-ei-gecko,2019-09-12T15:01:38Z
208080940,https://github.com/JavierSLX/TradingApp,JavierSLX,2019-09-12T15:15:47Z
208080965,https://github.com/tieuvinhthuan/Component-libraries,tieuvinhthuan,2019-09-12T15:15:55Z
208080273,https://github.com/azsnowden/Budget-App-React,azsnowden,2019-09-12T15:12:37Z
208080308,https://github.com/HaakenJ/Cobweb-Recursion,HaakenJ,2019-09-12T15:12:45Z
208089815,https://github.com/jh0nw4lt3r/keepinagency-404,jh0nw4lt3r,2019-09-12T15:58:45Z
208089122,https://github.com/ElvisKnapman/webdb-iv-guided,ElvisKnapman,2019-09-12T15:55:15Z
208088111,https://github.com/nugmanov87/bjs-homeworks,nugmanov87,2019-09-12T15:49:59Z
208085730,https://github.com/mstermaaten/iron-movies,mstermaaten,2019-09-12T15:38:36Z
208089890,https://github.com/ark930/message,ark930,2019-09-12T15:59:11Z
208080904,https://github.com/NaveenKumarH/studentprofile,NaveenKumarH,2019-09-12T15:15:39Z
208081015,https://github.com/syirilrakhulh/h8-p0-w4,syirilrakhulh,2019-09-12T15:16:07Z
208079306,https://github.com/staten-island-tech/quiz-2-Khizar723,staten-island-tech,2019-09-12T15:07:49Z
208078500,https://github.com/aifoscar23/index_try,aifoscar23,2019-09-12T15:04:12Z
208078686,https://github.com/AndreeaCcss/graphql-api,AndreeaCcss,2019-09-12T15:05:02Z
208081833,https://github.com/Hariraj15/Cucumber,Hariraj15,2019-09-12T15:19:53Z
208080732,https://github.com/qasimhassan/Qasim-Hassan-Technical-Test-QA-Engineer.,qasimhassan,2019-09-12T15:14:46Z
208081689,https://github.com/Magicoach/app-mobile,Magicoach,2019-09-12T15:19:14Z
208081803,https://github.com/1khustle/1khustle.github.io,1khustle,2019-09-12T15:19:46Z
208086126,https://github.com/jchandlerturner/Donut-Shop,jchandlerturner,2019-09-12T15:40:22Z
208086220,https://github.com/test123412465/test123412465.github.io,test123412465,2019-09-12T15:40:49Z
208085714,https://github.com/Drozerah/form-demo,Drozerah,2019-09-12T15:38:32Z
208085898,https://github.com/0lddriv3r/PulseStatisticsDisplay,0lddriv3r,2019-09-12T15:39:19Z
208080133,https://github.com/armandoroman1016/web-db-iiii-guided,armandoroman1016,2019-09-12T15:11:59Z
208083773,https://github.com/troywith77/gateway,troywith77,2019-09-12T15:29:27Z
208085057,https://github.com/CookieMonsteriOS/Pokemon_Search,CookieMonsteriOS,2019-09-12T15:35:33Z
208084554,https://github.com/j-galindo/Running-Game-Trial,j-galindo,2019-09-12T15:33:17Z
208084372,https://github.com/Akiokita/JSConsumingAPI,Akiokita,2019-09-12T15:32:23Z
208084735,https://github.com/katerinjo/nodedb4guided,katerinjo,2019-09-12T15:34:06Z
208084811,https://github.com/AlfredBryan/lecture,AlfredBryan,2019-09-12T15:34:28Z
208083209,https://github.com/nicholas-patterson/webdb4-guided,nicholas-patterson,2019-09-12T15:26:36Z
208088198,https://github.com/SilvioDoMine/Canvas-NodeJS-Socket.IO-Online-Game,SilvioDoMine,2019-09-12T15:50:25Z
208079246,https://github.com/cstkpk/Portfolio-React,cstkpk,2019-09-12T15:07:36Z
208085065,https://github.com/louiscklaw/aastock-tile-tryout,louiscklaw,2019-09-12T15:35:37Z
208087817,https://github.com/ryankupk/Chess-Opening-Trainer,ryankupk,2019-09-12T15:48:28Z
208087917,https://github.com/ChristosPapazachariou/oilcost,ChristosPapazachariou,2019-09-12T15:48:55Z
208086218,https://github.com/ryanfuhrman/dog-finder,ryanfuhrman,2019-09-12T15:40:49Z
208085750,https://github.com/patrykpolanski/.net,patrykpolanski,2019-09-12T15:38:41Z
208085418,https://github.com/Moyf/arkfight,Moyf,2019-09-12T15:37:19Z
208079535,https://github.com/staten-island-tech/quiz-2-awesomerapha,staten-island-tech,2019-09-12T15:08:57Z
208082229,https://github.com/nikasmorozov/gruntas,nikasmorozov,2019-09-12T15:21:50Z
208082299,https://github.com/mikellebrown/react-rps,mikellebrown,2019-09-12T15:22:13Z
208082408,https://github.com/Brayane23/Trabalho_UNID3,Brayane23,2019-09-12T15:22:45Z
208086077,https://github.com/juliethrallstewart/node-db4-guided,juliethrallstewart,2019-09-12T15:40:05Z
208082740,https://github.com/neithlys/kaigiAppIntern2,neithlys,2019-09-12T15:24:16Z
208083399,https://github.com/Olamide1/hesed-global,Olamide1,2019-09-12T15:27:34Z
208087732,https://github.com/annsuparada/node-db4-guided,annsuparada,2019-09-12T15:48:01Z
208088830,https://github.com/SMALLDAN/CreativeCar,SMALLDAN,2019-09-12T15:53:42Z
208083107,https://github.com/dymafr/react-chapitre21-production,dymafr,2019-09-12T15:26:05Z
208083128,https://github.com/kiwiupover/drea-site,kiwiupover,2019-09-12T15:26:11Z
208080735,https://github.com/Luthys/React,Luthys,2019-09-12T15:14:47Z
208080789,https://github.com/HECNT/prueba-movil,HECNT,2019-09-12T15:15:02Z
208081567,https://github.com/Badalmishra/api-excel-javascript,Badalmishra,2019-09-12T15:18:37Z
208081642,https://github.com/RyanMMoon/YourGames.io,RyanMMoon,2019-09-12T15:18:57Z
208078567,https://github.com/rehan-sattar/paint-tool-js,rehan-sattar,2019-09-12T15:04:26Z
208078633,https://github.com/felipesantos17/bootcamp-nodeJS,felipesantos17,2019-09-12T15:04:47Z
208078684,https://github.com/wahyu-romadhon/reactnative-linovess,wahyu-romadhon,2019-09-12T15:05:01Z
208077747,https://github.com/karsevar/db-iv-guided-project,karsevar,2019-09-12T15:00:38Z
208079254,https://github.com/bradleyjd19/nicholsoncap,bradleyjd19,2019-09-12T15:07:37Z
208079284,https://github.com/staten-island-tech/quiz-2-vbalte,staten-island-tech,2019-09-12T15:07:43Z
208087013,https://github.com/pamelaOviedo/SistemaHojalateria,pamelaOviedo,2019-09-12T15:44:30Z
208087144,https://github.com/cmmc-kbide/kbide-ccode,cmmc-kbide,2019-09-12T15:45:01Z
208085031,https://github.com/huutruong2304/paper,huutruong2304,2019-09-12T15:35:27Z
208085045,https://github.com/Dadoudesbois/chat-redux,Dadoudesbois,2019-09-12T15:35:30Z
208085104,https://github.com/hfaerber/Which-John-Adams,hfaerber,2019-09-12T15:35:49Z
208080497,https://github.com/nahn20/FTC-Skystone,nahn20,2019-09-12T15:13:40Z
208085527,https://github.com/HannahStahl/zerowastechecklist-api-2,HannahStahl,2019-09-12T15:37:48Z
208084788,https://github.com/JacobStenson1/GameRoles,JacobStenson1,2019-09-12T15:34:21Z
208087822,https://github.com/lvzhenbang/rating,lvzhenbang,2019-09-12T15:48:28Z
208085060,https://github.com/tmckaynelson/rgb-clan,tmckaynelson,2019-09-12T15:35:34Z
208087068,https://github.com/DNDL/GYST-client,DNDL,2019-09-12T15:44:45Z
208078599,https://github.com/hanykumar/Budget,hanykumar,2019-09-12T15:04:35Z
208078636,https://github.com/thinkful-ei-gecko/kevin-badri-noteful-context,thinkful-ei-gecko,2019-09-12T15:04:47Z
208080564,https://github.com/jerryzhch/blog,jerryzhch,2019-09-12T15:14:02Z
208077924,https://github.com/nguyentracy/budget-react-express-app,nguyentracy,2019-09-12T15:01:31Z
208080035,https://github.com/js-spider/EHRS,js-spider,2019-09-12T15:11:33Z
208079022,https://github.com/beefiker/firstapp,beefiker,2019-09-12T15:06:38Z
208080413,https://github.com/thinkful-ei-gecko/scott-quasar-noteful-context,thinkful-ei-gecko,2019-09-12T15:13:14Z
208083455,https://github.com/aakashsr/todoapp,aakashsr,2019-09-12T15:27:49Z
208081392,https://github.com/nostrilsOfFate/JavaRush-TopJava,nostrilsOfFate,2019-09-12T15:17:50Z
208079448,https://github.com/Truzian/PatientCheckInAlexaSkill,Truzian,2019-09-12T15:08:31Z
208081876,https://github.com/yashraj20/ES6,yashraj20,2019-09-12T15:20:07Z
208082028,https://github.com/LisaMJensen/React-Tamagotchi,LisaMJensen,2019-09-12T15:20:48Z
208085696,https://github.com/Bigorange8801/node-db4,Bigorange8801,2019-09-12T15:38:28Z
208087716,https://github.com/ItamarGronich/angular-intro,ItamarGronich,2019-09-12T15:47:57Z
208088062,https://github.com/MpChoudhary/marketplace-frontend,MpChoudhary,2019-09-12T15:49:44Z
208088169,https://github.com/NishigandhaPathare/adiflex,NishigandhaPathare,2019-09-12T15:50:17Z
208084379,https://github.com/SandraTsao/week2_review,SandraTsao,2019-09-12T15:32:24Z
208089751,https://github.com/thangnc1512/qltc,thangnc1512,2019-09-12T15:58:26Z
208089171,https://github.com/rururu3/BigKatsu,rururu3,2019-09-12T15:55:34Z
208084131,https://github.com/Dabudidabuday/device,Dabudidabuday,2019-09-12T15:31:16Z
208084223,https://github.com/Goumies/web-components-discovery,Goumies,2019-09-12T15:31:44Z
208084744,https://github.com/lidiacampos/Diseno_Apirest,lidiacampos,2019-09-12T15:34:08Z
208083387,https://github.com/mgalde/Wor_Startpage,mgalde,2019-09-12T15:27:30Z
208081302,https://github.com/JamieYoung891/JamieWho,JamieYoung891,2019-09-12T15:17:22Z
208088750,https://github.com/DevinMcF/DevinMcF.github.io,DevinMcF,2019-09-12T15:53:16Z
208085611,https://github.com/adilabed/gatsby-blog,adilabed,2019-09-12T15:38:08Z
208086711,https://github.com/LeoUrzua/node-db-connections,LeoUrzua,2019-09-12T15:43:13Z
208085885,https://github.com/marvinngo/marvinngo.github.io,marvinngo,2019-09-12T15:39:15Z
208085427,https://github.com/labseu2-niyon/niyon-marketing,labseu2-niyon,2019-09-12T15:37:21Z
208085524,https://github.com/GraysonCox/WebUIExamples,GraysonCox,2019-09-12T15:37:47Z
208086116,https://github.com/BillMux/music-theory-quiz-react,BillMux,2019-09-12T15:40:19Z
208084005,https://github.com/mariam-farrukh/guided4-week2,mariam-farrukh,2019-09-12T15:30:38Z
208085055,https://github.com/Kortigus/Kortigus.github.io,Kortigus,2019-09-12T15:35:33Z
208080461,https://github.com/llsengenheiro/appcond,llsengenheiro,2019-09-12T15:13:26Z
208081618,https://github.com/Zchary/egg-assistant,Zchary,2019-09-12T15:18:50Z
208082866,https://github.com/JQuinSmith/Book-3-Chapter-3,JQuinSmith,2019-09-12T15:24:53Z
208083023,https://github.com/TranBaNgoc/BTCN02-WebNC,TranBaNgoc,2019-09-12T15:25:43Z
208082174,https://github.com/taniamichelle/nodedb4-guided,taniamichelle,2019-09-12T15:21:36Z
208082289,https://github.com/zenblade3383/FreeRiderHD-Script,zenblade3383,2019-09-12T15:22:11Z
208078880,https://github.com/Guywithipod/Liri-Node-App,Guywithipod,2019-09-12T15:05:56Z
208081413,https://github.com/arbytez/log-monitor,arbytez,2019-09-12T15:17:55Z
208088210,https://github.com/Bhashitha1428/WebisChat_App-Backend,Bhashitha1428,2019-09-12T15:50:28Z
208079761,https://github.com/prantoamt/javascript-live-filter-,prantoamt,2019-09-12T15:10:01Z
208080042,https://github.com/embarc-collective/florida-women-founders-investors,embarc-collective,2019-09-12T15:11:34Z
208080116,https://github.com/huutruong2304/nodejs-weather-app,huutruong2304,2019-09-12T15:11:56Z
208078679,https://github.com/Pizdrunk/Cactus,Pizdrunk,2019-09-12T15:05:00Z
208080601,https://github.com/Bond4webster/ToDo-aplication,Bond4webster,2019-09-12T15:14:10Z
208080627,https://github.com/Orivoir/commplate,Orivoir,2019-09-12T15:14:18Z
208079294,https://github.com/staten-island-tech/quiz-2-ilsalareb1,staten-island-tech,2019-09-12T15:07:45Z
208078828,https://github.com/jmthompson2015/react-game-board,jmthompson2015,2019-09-12T15:05:40Z
208079065,https://github.com/KatrineRoss/colors,KatrineRoss,2019-09-12T15:06:48Z
208084713,https://github.com/egor288/1179435-code-and-magick-18,egor288,2019-09-12T15:34:00Z
208087261,https://github.com/faiz11amd/React,faiz11amd,2019-09-12T15:45:46Z
208085666,https://github.com/fargeo/cnddb_prj,fargeo,2019-09-12T15:38:21Z
208086079,https://github.com/davidagitlen/city-life,davidagitlen,2019-09-12T15:40:05Z
208082252,https://github.com/arbytez/cod-projects-scripts,arbytez,2019-09-12T15:21:58Z
208079165,https://github.com/qige96/qige96.github.io,qige96,2019-09-12T15:07:14Z
208083524,https://github.com/ronniegeraghty/Sorting-Visualizer,ronniegeraghty,2019-09-12T15:28:08Z
208084166,https://github.com/leonelmeque/restaurant-reviews,leonelmeque,2019-09-12T15:31:27Z
208082633,https://github.com/patrickweiss/module2,patrickweiss,2019-09-12T15:23:52Z
208089517,https://github.com/manan30/three.js-starter,manan30,2019-09-12T15:57:18Z
208082836,https://github.com/EugeneZverev/data_visualization,EugeneZverev,2019-09-12T15:24:44Z
208082902,https://github.com/ShapeLove/sh-personal-website,ShapeLove,2019-09-12T15:25:06Z
208082983,https://github.com/mattstuhring/taskmaster-frontend,mattstuhring,2019-09-12T15:25:30Z
208082587,https://github.com/capnNash/github-comp,capnNash,2019-09-12T15:23:40Z
208083995,https://github.com/LeighMRogers/factory-function-practice,LeighMRogers,2019-09-12T15:30:35Z
208089330,https://github.com/neha-r-p/WebDB-gp4,neha-r-p,2019-09-12T15:56:22Z
208087243,https://github.com/DNDL/GYST-server,DNDL,2019-09-12T15:45:38Z
208086914,https://github.com/moriokameda/angular_tutorial,moriokameda,2019-09-12T15:44:03Z
208085641,https://github.com/skybye02/God-Mood,skybye02,2019-09-12T15:38:14Z
208086954,https://github.com/qubert233/TodoList_React,qubert233,2019-09-12T15:44:14Z
208085176,https://github.com/kosteckiann/ddMD,kosteckiann,2019-09-12T15:36:10Z
208084409,https://github.com/thinkful-ei-gecko/william-leon-context,thinkful-ei-gecko,2019-09-12T15:32:32Z
208084449,https://github.com/valeffe1109/ExpressPractice1,valeffe1109,2019-09-12T15:32:49Z
208084160,https://github.com/danvalinotti/GoodRxLambda,danvalinotti,2019-09-12T15:31:26Z
208080982,https://github.com/alexmwaura/PORTFOLIO,alexmwaura,2019-09-12T15:16:00Z
208081975,https://github.com/htmlandbacon/express-view-render-screenshot-tool,htmlandbacon,2019-09-12T15:20:34Z
208081501,https://github.com/Qaher123/Hit-send-d081b760,Qaher123,2019-09-12T15:18:19Z
208081645,https://github.com/ravsaxena/ReactHookDemo,ravsaxena,2019-09-12T15:18:57Z
208084905,https://github.com/kamleshwebtech/upload-image-or-drag-and-drop,kamleshwebtech,2019-09-12T15:34:53Z
208079807,https://github.com/FR4NKENSTEIN/integrateMongoose-modular,FR4NKENSTEIN,2019-09-12T15:10:19Z
208080507,https://github.com/Leejjon/StartLitElement,Leejjon,2019-09-12T15:13:42Z
208078852,https://github.com/arajis06/Project-3,arajis06,2019-09-12T15:05:47Z
208078365,https://github.com/alenzhasulan/Eventshow,alenzhasulan,2019-09-12T15:03:37Z
208080780,https://github.com/brenobaptista/aeon-planner-react,brenobaptista,2019-09-12T15:14:58Z
208080596,https://github.com/swapnadeepmohapatra/my-react-native-apps,swapnadeepmohapatra,2019-09-12T15:14:10Z
208086783,https://github.com/vikash990/Phone-Directory-react,vikash990,2019-09-12T15:43:33Z
208086909,https://github.com/Mushfig0101/Indecor,Mushfig0101,2019-09-12T15:44:02Z
208085806,https://github.com/laurobs8/API-Node-Hapi.js-,laurobs8,2019-09-12T15:38:53Z
208087682,https://github.com/skinsation89/famished,skinsation89,2019-09-12T15:47:45Z
208088781,https://github.com/kskkido/vsmp,kskkido,2019-09-12T15:53:24Z
208089445,https://github.com/chikechris/webdb-4-guided,chikechris,2019-09-12T15:57:00Z
208085159,https://github.com/viswanath7dev/FingerPrint,viswanath7dev,2019-09-12T15:36:05Z
208085160,https://github.com/Gitfrogger/Particle-system,Gitfrogger,2019-09-12T15:36:06Z
208084460,https://github.com/ThrivingKings/emoticolor,ThrivingKings,2019-09-12T15:32:52Z
208084085,https://github.com/geokelleyh/factoryFunctions,geokelleyh,2019-09-12T15:31:05Z
208079634,https://github.com/staten-island-tech/quiz-2-Thamisitech,staten-island-tech,2019-09-12T15:09:26Z
208079650,https://github.com/Meiling-N/ImageMover,Meiling-N,2019-09-12T15:09:30Z
208079680,https://github.com/jan-nick/mern-app,jan-nick,2019-09-12T15:09:40Z
208078909,https://github.com/pythonpete32/aragon-futures-ui,pythonpete32,2019-09-12T15:06:05Z
208085968,https://github.com/hueyy/gsheet-functions,hueyy,2019-09-12T15:39:38Z
208086140,https://github.com/alisaMedved/CurrencyConverter,alisaMedved,2019-09-12T15:40:25Z
208079436,https://github.com/staten-island-tech/quiz-2-cdugo,staten-island-tech,2019-09-12T15:08:25Z
208078098,https://github.com/hspradlin8/Book-3-Ch-3-practices,hspradlin8,2019-09-12T15:02:23Z
208078553,https://github.com/phuong0806/todo-demo,phuong0806,2019-09-12T15:04:24Z
208078394,https://github.com/Xatai123/frontEnd-finalProject,Xatai123,2019-09-12T15:03:45Z
208081246,https://github.com/locks/punching-through-ddau,locks,2019-09-12T15:17:08Z
208090037,https://github.com/MTES-MCT/explorateur-ecocites,MTES-MCT,2019-09-12T15:59:55Z
208078837,https://github.com/skylark-domx/skylark-domx-fx,skylark-domx,2019-09-12T15:05:44Z
208082776,https://github.com/bs5555/ART210,bs5555,2019-09-12T15:24:27Z
208084053,https://github.com/akadko/eo,akadko,2019-09-12T15:30:53Z
208088391,https://github.com/Jordan-Cottle/ACM-Meetings,Jordan-Cottle,2019-09-12T15:51:28Z
208086260,https://github.com/vsevolodroschupkin/151400-code-and-magick-18,vsevolodroschupkin,2019-09-12T15:40:59Z
208087479,https://github.com/Jason-Prince/DB-Web-Challenge-IV,Jason-Prince,2019-09-12T15:46:39Z
208087071,https://github.com/r2davidson2/Twenty-Chore-Seven,r2davidson2,2019-09-12T15:44:47Z