38339411,https://github.com/knpuniversity/guard-tutorial,knpuniversity,2015-07-01T00:04:26Z
38339984,https://github.com/clue/php-confgen,clue,2015-07-01T00:25:13Z
38339453,https://github.com/roundhouse/Members-Craft-CMS,roundhouse,2015-07-01T00:05:52Z
38339819,https://github.com/baybay619/Penguin,baybay619,2015-07-01T00:18:42Z
38340129,https://github.com/misfist/wp-treehouse-badges,misfist,2015-07-01T00:30:04Z
38340420,https://github.com/maliknur/ecommerce-website,maliknur,2015-07-01T00:38:54Z
38339846,https://github.com/bgiang/TAOffice,bgiang,2015-07-01T00:19:59Z
38340182,https://github.com/gintonicweb/twbs-theme,gintonicweb,2015-07-01T00:31:35Z
38339366,https://github.com/danielkalen/lifecapital,danielkalen,2015-07-01T00:02:29Z
38339527,https://github.com/iainzor/Database,iainzor,2015-07-01T00:08:50Z
38340171,https://github.com/wp-plugins/my-notes,wp-plugins,2015-07-01T00:31:07Z
38340334,https://github.com/nerdstein/menu_block,nerdstein,2015-07-01T00:36:08Z
38340363,https://github.com/dfkt/pastebox-dfkt,dfkt,2015-07-01T00:37:07Z
38339678,https://github.com/wp-plugins/whats-new-whats-fresh-whats-happening,wp-plugins,2015-07-01T00:13:15Z
38340481,https://github.com/jdeugarte/twitter,jdeugarte,2015-07-01T00:40:59Z
38339640,https://github.com/vicogh/RESTful,vicogh,2015-07-01T00:12:04Z
38341005,https://github.com/franzbel/ultimoexamen,franzbel,2015-07-01T00:57:26Z
38340817,https://github.com/BQuiroga/finalSis,BQuiroga,2015-07-01T00:51:29Z
38340722,https://github.com/wp-plugins/reorder-gallery,wp-plugins,2015-07-01T00:48:30Z
38340430,https://github.com/erronjason/login,erronjason,2015-07-01T00:39:14Z