70145356,https://github.com/HeiaHeia/trello-bot,HeiaHeia,2016-10-06T10:50:42Z
70143476,https://github.com/flimzy/ale,flimzy,2016-10-06T10:19:15Z
70144654,https://github.com/likelyzhao/GolangLeetcode,likelyzhao,2016-10-06T10:39:31Z
70142809,https://github.com/qarea/planningms,qarea,2016-10-06T10:07:50Z
70144794,https://github.com/Makpoc/xkcd1446,Makpoc,2016-10-06T10:41:15Z
70144645,https://github.com/Chabaluz/lattice-tests,Chabaluz,2016-10-06T10:39:17Z
70142739,https://github.com/qarea/ctxtg,qarea,2016-10-06T10:06:53Z
70142769,https://github.com/qarea/redminems,qarea,2016-10-06T10:07:16Z
70143504,https://github.com/gecko166/gotest,gecko166,2016-10-06T10:19:51Z
70143203,https://github.com/KristinaEtc/new-project-go,KristinaEtc,2016-10-06T10:14:38Z
70142789,https://github.com/qarea/jirams,qarea,2016-10-06T10:07:35Z
70145832,https://github.com/onef9day/EasyCert,onef9day,2016-10-06T10:58:15Z