13577606,https://github.com/broizen/sublimedash,broizen,2013-10-15T01:20:55Z
13577556,https://github.com/jugglinmike/mocha-qunit-ui,jugglinmike,2013-10-15T01:17:43Z
13578093,https://github.com/Codicode/flotanimator,Codicode,2013-10-15T01:50:18Z
13577768,https://github.com/tylerphillips/final-project,tylerphillips,2013-10-15T01:29:57Z
13577401,https://github.com/pandoraui/learning-javascript,pandoraui,2013-10-15T01:06:32Z
13577746,https://github.com/matthewoates/is,matthewoates,2013-10-15T01:28:32Z
13578202,https://github.com/kaitlinhuben/brownian-motion,kaitlinhuben,2013-10-15T01:57:22Z
13577589,https://github.com/ayaigame/ayai-frontend,ayaigame,2013-10-15T01:19:54Z
13577940,https://github.com/matheusmmcs/Redmine-Task-Timer,matheusmmcs,2013-10-15T01:40:21Z
13577548,https://github.com/ThePrimeagen/rx-data,ThePrimeagen,2013-10-15T01:17:20Z
13577954,https://github.com/whatever/webgl,whatever,2013-10-15T01:41:25Z
13577376,https://github.com/gabrielmancini/thanespock,gabrielmancini,2013-10-15T01:04:52Z
13578105,https://github.com/freud14/angularjs-boostrap-poc,freud14,2013-10-15T01:50:47Z
13577424,https://github.com/bdeaton/onlineforlifeTest,bdeaton,2013-10-15T01:08:31Z
13577824,https://github.com/vipervoid/EmployeeDirectory,vipervoid,2013-10-15T01:33:31Z
13577988,https://github.com/joebrislin/presentation-case-study,joebrislin,2013-10-15T01:43:24Z
13577852,https://github.com/bmcmahen/modal,bmcmahen,2013-10-15T01:35:25Z
13578073,https://github.com/Zingo89/chat,Zingo89,2013-10-15T01:49:09Z
13577722,https://github.com/kosyak0072/CrmProd,kosyak0072,2013-10-15T01:27:50Z
13577948,https://github.com/mingrenjbdt/demo_v5.1,mingrenjbdt,2013-10-15T01:41:02Z
13577980,https://github.com/ppriyas/quizapp,ppriyas,2013-10-15T01:43:01Z
13577770,https://github.com/joster422/MM,joster422,2013-10-15T01:30:00Z