54616501,https://github.com/latrell/RongCloud,latrell,2016-03-24T05:17:13Z
54617661,https://github.com/CycloneAxe/est-eloquent-sluggable-demo,CycloneAxe,2016-03-24T05:45:30Z
54616664,https://github.com/WPprodigy/customer-reward-coupons-for-woocommerce,WPprodigy,2016-03-24T05:21:27Z
54615911,https://github.com/mgatelabs/WebVR-Integration,mgatelabs,2016-03-24T05:04:12Z
54615780,https://github.com/ciandt-china-dev/hackathon-drupal8-login_one_time,ciandt-china-dev,2016-03-24T05:00:29Z
54616507,https://github.com/ciandt-china-dev/hackathon-drupal8-baidu_analytics,ciandt-china-dev,2016-03-24T05:17:16Z
54618075,https://github.com/summer188/lxh_master,summer188,2016-03-24T05:54:21Z
54616911,https://github.com/rodlessa/scripts,rodlessa,2016-03-24T05:27:45Z
54616442,https://github.com/abhijitpalve/Online-Chat-Application,abhijitpalve,2016-03-24T05:15:34Z
54615822,https://github.com/ciandt-china-dev/hackathon-drupal8-move_user,ciandt-china-dev,2016-03-24T05:02:05Z
54617405,https://github.com/jack775544/browser-transfer,jack775544,2016-03-24T05:40:13Z
54617460,https://github.com/johnburry/pdfimg-docuwiki,johnburry,2016-03-24T05:41:17Z
54616785,https://github.com/ciandt-china-dev/drupal-module-telephone_sms_verify,ciandt-china-dev,2016-03-24T05:24:44Z
54617698,https://github.com/akashshah26595/swasth_scripts,akashshah26595,2016-03-24T05:46:09Z
54615771,https://github.com/jacobtarter/synco,jacobtarter,2016-03-24T05:00:13Z
54617534,https://github.com/silk-nate/test,silk-nate,2016-03-24T05:43:02Z
54616401,https://github.com/ciandt-china-dev/hackathon-drupal8-email_verify,ciandt-china-dev,2016-03-24T05:14:52Z
54616141,https://github.com/MahendraMhatre/Opinion-and-Polling,MahendraMhatre,2016-03-24T05:09:46Z
54617825,https://github.com/McAuck/APF,McAuck,2016-03-24T05:48:37Z
54618001,https://github.com/tabirkeland/lumen-angular,tabirkeland,2016-03-24T05:52:37Z
54616375,https://github.com/dinoopspark/repoyellow,dinoopspark,2016-03-24T05:14:07Z
54618331,https://github.com/yzec/hello-world,yzec,2016-03-24T05:58:59Z
54616838,https://github.com/Kyudaisai/69thpre,Kyudaisai,2016-03-24T05:26:11Z
54617303,https://github.com/phpMussel/plugin-legacy,phpMussel,2016-03-24T05:37:41Z
54616581,https://github.com/Antiagr/harmony-site-1c-bitrix,Antiagr,2016-03-24T05:19:13Z