6007921,https://github.com/pdaether/LAMP-CentOS-with-Vagrant,pdaether,2012-09-29T09:39:39Z
6007992,https://github.com/pulsir/pulsir,pulsir,2012-09-29T09:50:00Z
6007697,https://github.com/labnol/dImage,labnol,2012-09-29T09:04:53Z
6007701,https://github.com/golgote/Schedule_At,golgote,2012-09-29T09:05:44Z
6007951,https://github.com/sonicdna/sonicdna-dev,sonicdna,2012-09-29T09:42:53Z
6007787,https://github.com/nightsh/omc,nightsh,2012-09-29T09:18:54Z
6007979,https://github.com/alwinmark/CMS,alwinmark,2012-09-29T09:48:01Z