27466548,https://github.com/cubedro/eth-netstats,cubedro,2014-12-03T03:05:19Z
27466762,https://github.com/opentable/spur-ioc,opentable,2014-12-03T03:10:57Z
27467260,https://github.com/jgatjens/angular-pokemon,jgatjens,2014-12-03T03:26:16Z
27467521,https://github.com/jkingsman/twilio-sms-delete,jkingsman,2014-12-03T03:33:25Z
27468156,https://github.com/DrakeW/Rate-My-GSI,DrakeW,2014-12-03T03:53:30Z
27467969,https://github.com/ezakto/mdn-search,ezakto,2014-12-03T03:47:00Z
27467160,https://github.com/MingweiSamuel/JScaler,MingweiSamuel,2014-12-03T03:23:13Z
27466676,https://github.com/sunshine-code/frontend-cli,sunshine-code,2014-12-03T03:08:43Z
27467354,https://github.com/windwaterbo/nestedjson2csv,windwaterbo,2014-12-03T03:28:42Z
27468152,https://github.com/pihizi/debade-master,pihizi,2014-12-03T03:53:23Z
27466980,https://github.com/edaplayground/e-syntax-highlight,edaplayground,2014-12-03T03:18:22Z
27466820,https://github.com/pukapukan/polymer-app,pukapukan,2014-12-03T03:13:16Z
27467111,https://github.com/bradwarrum/RTVTAPI,bradwarrum,2014-12-03T03:21:56Z
27467428,https://github.com/socialtables/socialtables.github.io,socialtables,2014-12-03T03:30:36Z
27468044,https://github.com/erlhermit/nodebb-plugin-portal-mark,erlhermit,2014-12-03T03:49:47Z
27466811,https://github.com/Eduard-Kachan/Musicfy,Eduard-Kachan,2014-12-03T03:12:53Z
27467595,https://github.com/mikemilano/kalabox-plugin-drupal7,mikemilano,2014-12-03T03:35:35Z
27467738,https://github.com/watilde/node-help,watilde,2014-12-03T03:40:04Z
27466707,https://github.com/sjoonk/backbone-broccoli,sjoonk,2014-12-03T03:09:33Z
27466873,https://github.com/thaigiahung/pnj,thaigiahung,2014-12-03T03:15:00Z
27466932,https://github.com/marocchino/blog.nacyot.com-source,marocchino,2014-12-03T03:16:40Z
27467142,https://github.com/jkllau2/Leap-Motion-Hand-Ground-Truth,jkllau2,2014-12-03T03:22:43Z
27467953,https://github.com/stockman/mean-stack,stockman,2014-12-03T03:46:39Z
27467684,https://github.com/mnmtanish/meteor-iced,mnmtanish,2014-12-03T03:38:30Z
27466586,https://github.com/srnaraha/DreamTeam,srnaraha,2014-12-03T03:06:26Z
27466875,https://github.com/slamice/feveroftests,slamice,2014-12-03T03:15:02Z
27467916,https://github.com/hsinmiao00/FBnudging,hsinmiao00,2014-12-03T03:45:26Z
27468095,https://github.com/andrewevans/aboutlite,andrewevans,2014-12-03T03:51:18Z
27467835,https://github.com/qiqiboy/H5-frame-test,qiqiboy,2014-12-03T03:43:04Z
27466917,https://github.com/lbdlbd/kof_game_server,lbdlbd,2014-12-03T03:16:25Z
27466441,https://github.com/abargnesi/anagraminator,abargnesi,2014-12-03T03:02:29Z
27466781,https://github.com/davissush/afb,davissush,2014-12-03T03:11:38Z
27467398,https://github.com/dericktang/dtg.fileupload.js,dericktang,2014-12-03T03:30:00Z
27468307,https://github.com/bootcoder/JS-gildedRose,bootcoder,2014-12-03T03:59:15Z
27466427,https://github.com/nellem23/oauth-node-twitter,nellem23,2014-12-03T03:02:10Z
27468249,https://github.com/dwaybright/BigDataFinalProject,dwaybright,2014-12-03T03:57:12Z
27467143,https://github.com/Hayleyr/seniorplanet,Hayleyr,2014-12-03T03:22:43Z
27467845,https://github.com/AlfonsoGomez/AlfonsoGomez.github.io,AlfonsoGomez,2014-12-03T03:43:15Z
27467570,https://github.com/christianp82625/broadcaster_angularjs,christianp82625,2014-12-03T03:34:37Z
27467664,https://github.com/ef4/ember-runtime,ef4,2014-12-03T03:37:33Z
27466666,https://github.com/bridgs/mailquest,bridgs,2014-12-03T03:08:31Z
27466710,https://github.com/shootaroo/refrain-less,shootaroo,2014-12-03T03:09:34Z
27466731,https://github.com/nuwandiw/duo-sample,nuwandiw,2014-12-03T03:10:17Z
27466957,https://github.com/tmac1vc15/circularBar,tmac1vc15,2014-12-03T03:17:25Z
27468290,https://github.com/Thristhart/ld48-31,Thristhart,2014-12-03T03:58:45Z
27467459,https://github.com/87duran/my-review-Javascript,87duran,2014-12-03T03:31:18Z
27466832,https://github.com/xwzpp/xwzpp.github.io,xwzpp,2014-12-03T03:13:38Z
27467574,https://github.com/li2008kui/digital-view-widget,li2008kui,2014-12-03T03:34:47Z
27467181,https://github.com/fenshron/htcf_static,fenshron,2014-12-03T03:23:56Z
27467821,https://github.com/illWill/pathopticon,illWill,2014-12-03T03:42:46Z
27467244,https://github.com/6stringbeliever/uda-nano-p2,6stringbeliever,2014-12-03T03:25:48Z
27467482,https://github.com/virtuecai/angularjs-demo,virtuecai,2014-12-03T03:31:55Z
27468005,https://github.com/scottlinne/pset8,scottlinne,2014-12-03T03:48:26Z
27468069,https://github.com/sara-gudeman/eloquentJS,sara-gudeman,2014-12-03T03:50:32Z
27467645,https://github.com/SestrenExsis/LD31_Warmup,SestrenExsis,2014-12-03T03:37:05Z
27467832,https://github.com/oopdoo/oopdoo.github.io,oopdoo,2014-12-03T03:43:00Z
27467403,https://github.com/christianp82625/Node-Control,christianp82625,2014-12-03T03:30:10Z
27467461,https://github.com/thiken/thiken_help,thiken,2014-12-03T03:31:20Z
27467928,https://github.com/mikemilano/kalabox-profile-drupal7,mikemilano,2014-12-03T03:45:50Z
27468096,https://github.com/christianp82625/twitter_tracker,christianp82625,2014-12-03T03:51:20Z
27466632,https://github.com/todokr/js-timeline,todokr,2014-12-03T03:07:32Z
27467089,https://github.com/lombareload/chat-js,lombareload,2014-12-03T03:21:17Z
27467572,https://github.com/raghav1/Cmpe-297,raghav1,2014-12-03T03:34:46Z
27468289,https://github.com/liamsapon/ImgChirp,liamsapon,2014-12-03T03:58:44Z
27467902,https://github.com/sebin7tony/report-card,sebin7tony,2014-12-03T03:44:54Z