105828649,https://github.com/Akin909/What-Did-I-Do,Akin909,2017-10-04T23:11:16Z
105831388,https://github.com/breadysimon/repo,breadysimon,2017-10-04T23:54:30Z
105827977,https://github.com/jshields/go_stringutil,jshields,2017-10-04T23:01:10Z
105830558,https://github.com/vitor-caetano/go-systems-programming,vitor-caetano,2017-10-04T23:41:23Z
105831121,https://github.com/MirlanMaksv/mp3-extractor-telegram-bot,MirlanMaksv,2017-10-04T23:49:46Z
105830549,https://github.com/mbc1990/pet-store,mbc1990,2017-10-04T23:41:13Z