249190375,https://github.com/BackEndTea/safe-bc-math,BackEndTea,2020-03-22T13:34:45Z
249184972,https://github.com/ssi-anik/loguzz,ssi-anik,2020-03-22T13:05:19Z
249194548,https://github.com/ehsan2e/swoole-mongo,ehsan2e,2020-03-22T13:56:56Z
249175674,https://github.com/hangon1234/laravel-jitsi-jwt,hangon1234,2020-03-22T12:11:05Z
249178844,https://github.com/ferd1eb/MPC-MicroSIP-Contacts,ferd1eb,2020-03-22T12:30:13Z
249193286,https://github.com/go-to-run/test,go-to-run,2020-03-22T13:50:14Z
249179632,https://github.com/Protsko/FirstShop-php,Protsko,2020-03-22T12:34:40Z
249181568,https://github.com/hwp001/vegetable,hwp001,2020-03-22T12:46:30Z
249184068,https://github.com/noahlvb/php-valueobject,noahlvb,2020-03-22T13:00:25Z
249175437,https://github.com/krysits/wpshorturl,krysits,2020-03-22T12:09:42Z
249184190,https://github.com/natsu08-n/My_Hamburger_Shop,natsu08-n,2020-03-22T13:01:02Z
249186543,https://github.com/mohammednur1997/My_libery_system,mohammednur1997,2020-03-22T13:14:04Z
249180622,https://github.com/chatbox-inc/laravel-database,chatbox-inc,2020-03-22T12:40:47Z
249176730,https://github.com/martynasssz/learn_php_file_system_function,martynasssz,2020-03-22T12:17:49Z
249192133,https://github.com/mvollsen/fizzbuzz,mvollsen,2020-03-22T13:43:57Z
249181631,https://github.com/nicoWeb31/JardinJouale,nicoWeb31,2020-03-22T12:46:52Z
249188672,https://github.com/jmlcas/wp-documents-library,jmlcas,2020-03-22T13:25:33Z
249191514,https://github.com/PululuK/prestashopconnector,PululuK,2020-03-22T13:40:44Z
249187831,https://github.com/mateusschwede/manutech,mateusschwede,2020-03-22T13:21:03Z
249193280,https://github.com/Runalyze/oauth2-decathlon-sports-tracking,Runalyze,2020-03-22T13:50:12Z
249182783,https://github.com/EliseKnowles/symfony_panier,EliseKnowles,2020-03-22T12:53:16Z
249184986,https://github.com/zirolabs/website-joyn,zirolabs,2020-03-22T13:05:24Z
249193828,https://github.com/siddhrajsinh/practice,siddhrajsinh,2020-03-22T13:53:12Z
249193485,https://github.com/TETpagon/books,TETpagon,2020-03-22T13:51:19Z
249184888,https://github.com/mohammednur1997/file-upload,mohammednur1997,2020-03-22T13:04:55Z
249188090,https://github.com/mohammednur1997/php_message,mohammednur1997,2020-03-22T13:22:23Z
249188138,https://github.com/andreideveloper/psd_html_wp,andreideveloper,2020-03-22T13:22:38Z
249176001,https://github.com/tirriainen/dustpress-event-calendar,tirriainen,2020-03-22T12:13:03Z
249173943,https://github.com/RanveerYadav/larabasic,RanveerYadav,2020-03-22T12:00:30Z
249180197,https://github.com/aliadhillon/dusk,aliadhillon,2020-03-22T12:38:08Z
249175402,https://github.com/Repkit/eba-event-manager,Repkit,2020-03-22T12:09:28Z
249183230,https://github.com/timved/symfony_api,timved,2020-03-22T12:55:49Z
249186002,https://github.com/Khoanhd2410/DA1-CHCLD,Khoanhd2410,2020-03-22T13:10:58Z
249187842,https://github.com/Lucian-688/africancoffees,Lucian-688,2020-03-22T13:21:08Z
249177176,https://github.com/xanxus01/pro2,xanxus01,2020-03-22T12:20:31Z
249188139,https://github.com/Repkit/eba-tbox-array-utils,Repkit,2020-03-22T13:22:39Z
249186646,https://github.com/gahyeonkim45/mediaChatbot,gahyeonkim45,2020-03-22T13:14:39Z
249191288,https://github.com/endekj/iptz,endekj,2020-03-22T13:39:34Z
249184644,https://github.com/mohammednur1997/Download,mohammednur1997,2020-03-22T13:03:25Z
249185025,https://github.com/mohammednur1997/filter_file,mohammednur1997,2020-03-22T13:05:36Z
249177473,https://github.com/jkbnerad/blood,jkbnerad,2020-03-22T12:22:15Z
249185288,https://github.com/distoon/CMS-final,distoon,2020-03-22T13:07:01Z
249176205,https://github.com/shunyasuda/mynews,shunyasuda,2020-03-22T12:14:27Z
249192138,https://github.com/FiguerasMaxime/Evaluation_Symfony,FiguerasMaxime,2020-03-22T13:43:58Z
249181097,https://github.com/MyraZhang0210/car_rental,MyraZhang0210,2020-03-22T12:43:33Z
249181464,https://github.com/wbunthof/wbme,wbunthof,2020-03-22T12:45:52Z
249181131,https://github.com/17726691544/education,17726691544,2020-03-22T12:43:44Z
249191610,https://github.com/bastien-wink/tp-gem,bastien-wink,2020-03-22T13:41:18Z
249190211,https://github.com/mohammednur1997/php-all-edit,mohammednur1997,2020-03-22T13:33:49Z
249179082,https://github.com/RavinduDilshan/Real-Time-Sri-Lankan-Corona-Patients-Situation-Tracker,RavinduDilshan,2020-03-22T12:31:29Z
249179220,https://github.com/sthum136/covid19-civic-api-symfony,sthum136,2020-03-22T12:32:15Z
249174407,https://github.com/zzkrye999/Tubes-ProgWeb,zzkrye999,2020-03-22T12:03:24Z
249190670,https://github.com/ayareily/hanamaru,ayareily,2020-03-22T13:36:17Z
249191933,https://github.com/vayes/support,vayes,2020-03-22T13:42:59Z
249178367,https://github.com/okureiman/php-kadai-13,okureiman,2020-03-22T12:27:24Z
249178398,https://github.com/mohammednur1997/Ajax-Live-Database-Search,mohammednur1997,2020-03-22T12:27:37Z
249183820,https://github.com/mohammednur1997/celender,mohammednur1997,2020-03-22T12:59:06Z
249183696,https://github.com/IsmailHouhou/Devoir1,IsmailHouhou,2020-03-22T12:58:28Z
249174439,https://github.com/EdijsApse/Livkalni,EdijsApse,2020-03-22T12:03:37Z
249186333,https://github.com/dev-igorcarvalho/testando-laravel,dev-igorcarvalho,2020-03-22T13:12:49Z
249186929,https://github.com/mohammednur1997/mysql,mohammednur1997,2020-03-22T13:16:05Z
249176428,https://github.com/justinherrera/todo-list-in-laravel7,justinherrera,2020-03-22T12:15:59Z
249187577,https://github.com/mohammednur1997/php_comment,mohammednur1997,2020-03-22T13:19:37Z
249187296,https://github.com/Lepatron973/imoExpress,Lepatron973,2020-03-22T13:18:05Z
249187938,https://github.com/mohammednur1997/php_file_function,mohammednur1997,2020-03-22T13:21:37Z
249192150,https://github.com/BupKuuBro/PHP_oldproject,BupKuuBro,2020-03-22T13:44:01Z
249189910,https://github.com/Tanererkan06/Madi,Tanererkan06,2020-03-22T13:32:07Z
249194696,https://github.com/Fujishima-Kai/Laravel,Fujishima-Kai,2020-03-22T13:57:42Z
249181318,https://github.com/NiyazbekAmanzholov/Laravel-Vue-Practice-Search,NiyazbekAmanzholov,2020-03-22T12:44:53Z
249187819,https://github.com/jmlcas/lab-my-tasks,jmlcas,2020-03-22T13:20:59Z
249193396,https://github.com/Automated-Medical-Assistant/microservice-frontend-doctor-testcentrum,Automated-Medical-Assistant,2020-03-22T13:50:47Z
249192439,https://github.com/fandipj98/pbkk_kel5,fandipj98,2020-03-22T13:45:30Z
249176501,https://github.com/open-dosa/apilessons,open-dosa,2020-03-22T12:16:30Z
249174525,https://github.com/ama083/techbase,ama083,2020-03-22T12:04:06Z
249192944,https://github.com/remydt/nfe114-laravel,remydt,2020-03-22T13:48:20Z
249193853,https://github.com/youyingxiang/idweb,youyingxiang,2020-03-22T13:53:19Z
249184428,https://github.com/Dominat0rr/php-bierhuis,Dominat0rr,2020-03-22T13:02:16Z
249187401,https://github.com/jmlcas/lab-media-categories-and-tags,jmlcas,2020-03-22T13:18:38Z
249192799,https://github.com/d0geda/socialHelper,d0geda,2020-03-22T13:47:33Z
249178115,https://github.com/flextype-plugins/themes-admin,flextype-plugins,2020-03-22T12:25:51Z
249189330,https://github.com/labor-digital/typo3-frontend-api,labor-digital,2020-03-22T13:29:12Z
249184118,https://github.com/romiagungn/sistemInformasi-pelayanan-kesehatan,romiagungn,2020-03-22T13:00:38Z
249181526,https://github.com/gagansh7171/PHP-assignment,gagansh7171,2020-03-22T12:46:12Z
249182713,https://github.com/rakandhiya/lelang-lagi,rakandhiya,2020-03-22T12:52:53Z
249184790,https://github.com/sritunjungs/CRUD2,sritunjungs,2020-03-22T13:04:17Z
249186103,https://github.com/mohammednur1997/jquery,mohammednur1997,2020-03-22T13:11:28Z
249186452,https://github.com/moneya/tasklist,moneya,2020-03-22T13:13:29Z
249189474,https://github.com/charminggame/project-php,charminggame,2020-03-22T13:29:51Z
249174550,https://github.com/paperman199/currency,paperman199,2020-03-22T12:04:16Z
249188109,https://github.com/jmlcas/wp-basic-crud,jmlcas,2020-03-22T13:22:29Z
249177488,https://github.com/Repkit/eba-fe-container,Repkit,2020-03-22T12:22:20Z
249174483,https://github.com/hprotzek/symcon-projector-control,hprotzek,2020-03-22T12:03:53Z
249183109,https://github.com/Mike989898/Winterdale,Mike989898,2020-03-22T12:55:04Z
249186352,https://github.com/mohammednur1997/login-system,mohammednur1997,2020-03-22T13:12:54Z
249187043,https://github.com/mohammednur1997/mysqli_complate_php_file,mohammednur1997,2020-03-22T13:16:44Z
249184464,https://github.com/sritunjungs/crud1,sritunjungs,2020-03-22T13:02:24Z
249177434,https://github.com/hrh47/php-docker,hrh47,2020-03-22T12:22:03Z
249190318,https://github.com/mohammednur1997/pratice_mysqli,mohammednur1997,2020-03-22T13:34:25Z
249179823,https://github.com/nadanaima/Myfiles,nadanaima,2020-03-22T12:35:52Z
249176006,https://github.com/2tankov2/php-project-lvl4,2tankov2,2020-03-22T12:13:05Z
https://github.com/OOSD-Project-18/ArmyHospitalProject,False,2020-03-22T12:23:31Z
https://github.com/sq57133/Laravel60,False,2020-03-22T12:16:48Z
https://github.com/mohammednur1997/php_pratice,False,2020-03-22T13:23:00Z
https://github.com/takismalam/yuhu,False,2020-03-22T13:36:02Z
https://github.com/natapone/omise_api_test,False,2020-03-22T13:38:27Z
https://github.com/syskeys/tp_mall,False,2020-03-22T12:05:20Z
https://github.com/SkynixFr/GeoquizzAPI,False,2020-03-22T13:52:54Z
https://github.com/casperblomme/Storyscaping.Kogle,False,2020-03-22T13:04:26Z
https://github.com/sugeng/feeder,False,2020-03-22T13:12:26Z
https://github.com/javierpedrozaing/sancho,False,2020-03-22T13:52:20Z
https://github.com/jmlcas/wp-contacts-manager,False,2020-03-22T13:24:04Z
https://github.com/mohammednur1997/informaton_select_php,False,2020-03-22T13:08:26Z
https://github.com/thanhson2511/zent,False,2020-03-22T13:44:24Z
https://github.com/kemot0055/TXP3,False,2020-03-22T13:33:31Z
https://github.com/mohammednur1997/php_crud,False,2020-03-22T13:20:12Z
https://github.com/pro-blockchain-com/minter-multibalance-linuxconsole,False,2020-03-22T12:30:41Z
https://github.com/mohammednur1997/time_function,False,2020-03-22T13:36:39Z
https://github.com/mohammednur1997/Set_cookie,False,2020-03-22T13:36:08Z
https://github.com/ntswambeni/atsssite,False,2020-03-22T12:12:31Z
https://github.com/n00ner/cleanmetric,False,2020-03-22T12:24:33Z
https://github.com/php10-de/ohioh,False,2020-03-22T12:23:13Z
https://github.com/hemanshuEng/wordpress-theme-template,False,2020-03-22T12:22:36Z
https://github.com/mohammednur1997/insert_multiple_value,False,2020-03-22T13:09:15Z
https://github.com/kurniawanedi/WebsiteGenBI,False,2020-03-22T13:17:46Z
https://github.com/ko1dy/gravelion,False,2020-03-22T13:40:14Z
https://github.com/UzbekHack777/Uztajriba,False,2020-03-22T13:37:15Z
https://github.com/DanielAssunca/SysAcomp,False,2020-03-22T13:21:31Z
https://github.com/Repkit/eba-tbox-db-filter,False,2020-03-22T13:06:30Z
https://github.com/Repkit/eba-tbox-array-filter,False,2020-03-22T13:19:23Z
https://github.com/khmish/testapp,False,2020-03-22T13:08:10Z
https://github.com/mohammednur1997/crud_with_picture,False,2020-03-22T13:00:29Z
https://github.com/diesudmedexpert1995/jot,False,2020-03-22T12:36:59Z
https://github.com/mohammednur1997/image-preview-upload,False,2020-03-22T13:06:37Z
https://github.com/Repkit/eba-store,False,2020-03-22T12:27:57Z
https://github.com/ktv1/testmone,False,2020-03-22T12:28:32Z
https://github.com/vayes/tier,False,2020-03-22T13:33:31Z
https://github.com/shiri87/todolist,False,2020-03-22T13:48:21Z
https://github.com/hamid-1234/devoir1,False,2020-03-22T13:47:19Z
https://github.com/IT-Yakutia/yii2-quiz,False,2020-03-22T13:34:29Z
https://github.com/ujiietakatoshi/shopping1,False,2020-03-22T12:58:55Z
https://github.com/darrencoutts118/json-schema-parser,False,2020-03-22T12:46:24Z
https://github.com/nadanaima/devoirphp,False,2020-03-22T13:39:30Z
https://github.com/dblazeski/website-laravel-vuejs,False,2020-03-22T13:52:31Z
https://github.com/karanshah229/WealthFare,False,2020-03-22T12:38:31Z
https://github.com/Mushabber/laravel,False,2020-03-22T12:10:35Z
https://github.com/Repkit/eba-tbox-cron-manager,False,2020-03-22T13:13:01Z
https://github.com/yangsenaa/test,False,2020-03-22T13:35:24Z
https://github.com/Repkit/eba-currency-exchange,False,2020-03-22T12:07:03Z
https://github.com/Takayuki-Takita/Laravel,False,2020-03-22T13:03:08Z
https://github.com/jmlcas/lab-featured-image,False,2020-03-22T13:13:34Z
https://github.com/Artercode/wpu-login,False,2020-03-22T13:48:06Z
https://github.com/jmlcas/wp-web-map,False,2020-03-22T13:26:54Z
https://github.com/ironidev/PHP-With-Laravel-Tutorial,False,2020-03-22T12:15:57Z
https://github.com/mohammednur1997/Delete-data-from-mysql,False,2020-03-22T13:02:34Z
https://github.com/Repkit/eba-tbox-db-model-factory,False,2020-03-22T13:26:38Z
https://github.com/vo1chara/simpleQA,False,2020-03-22T13:08:07Z
https://github.com/Repkit/eba-url-player,False,2020-03-22T12:32:24Z
https://github.com/mohcecepsumarna/basic_CRUD,False,2020-03-22T13:51:40Z
https://github.com/BupKuuBro/PHPproject,False,2020-03-22T13:28:01Z
https://github.com/lfbn/file_get_contents_proxy,False,2020-03-22T13:20:43Z
https://github.com/mohammednur1997/new_login,False,2020-03-22T13:17:33Z
https://github.com/mohammednur1997/php_all_filter,False,2020-03-22T13:18:53Z
https://github.com/mohammednur1997/php_crud-2-,False,2020-03-22T13:20:55Z
https://github.com/MrAhmedHassan/test,False,2020-03-22T13:20:09Z
https://github.com/realitix/frequenstat-blog,False,2020-03-22T12:26:31Z
https://github.com/rafiwakily/WESERS2,False,2020-03-22T12:54:26Z
https://github.com/MalCaor/VumterProjScol,False,2020-03-22T12:50:14Z
https://github.com/Detrius1B/unidolist,False,2020-03-22T12:27:45Z
https://github.com/suhakopan/todolistapp,False,2020-03-22T12:45:02Z
https://github.com/nekit44/yii2-basic-rbac-userDb,False,2020-03-22T12:54:11Z
https://github.com/ttimilehin/CRUD,False,2020-03-22T13:57:35Z
https://github.com/mohammednur1997/calander_2,False,2020-03-22T12:57:44Z
https://github.com/songhuijie/tp,False,2020-03-22T13:01:20Z
https://github.com/Mik3Dev/linio-challenge,False,2020-03-22T13:05:42Z
https://github.com/yahyar24/advan,False,2020-03-22T12:44:45Z
https://github.com/phpnuke/phpnuke,False,2020-03-22T13:56:04Z