74543855,https://github.com/vijays91/Magento-Paypal-Redirect-Custom-Page,vijays91,2016-11-23T05:33:35Z
74545014,https://github.com/ggedde/test,ggedde,2016-11-23T05:54:58Z
74544724,https://github.com/zhanglei/zys.github.io,zhanglei,2016-11-23T05:49:49Z
74543515,https://github.com/anglyeds/shopcupid,anglyeds,2016-11-23T05:27:24Z
74544602,https://github.com/umeshsapariya/LMS_AWS,umeshsapariya,2016-11-23T05:47:24Z
74543457,https://github.com/cviacmob/CVIACAPI,cviacmob,2016-11-23T05:26:31Z
74544906,https://github.com/adidwiahmadsantoso/PWEB_SK06_1521024083_ADI_DWI_AHMAD_SANTOSO,adidwiahmadsantoso,2016-11-23T05:52:58Z
74542894,https://github.com/ArtemHerenchuk/herenchuk_task,ArtemHerenchuk,2016-11-23T05:14:37Z
74542942,https://github.com/ConnorPoultonOP/Laravel-Learn,ConnorPoultonOP,2016-11-23T05:15:34Z
74544559,https://github.com/joquizon/proj24,joquizon,2016-11-23T05:46:34Z
74544773,https://github.com/jachintanujaya/kulkasku,jachintanujaya,2016-11-23T05:50:30Z
74544807,https://github.com/qiearman/yudi,qiearman,2016-11-23T05:51:14Z
74545070,https://github.com/jedi-academy/example-ferries-standalone,jedi-academy,2016-11-23T05:55:57Z
74543073,https://github.com/samprog4u/jenkins_job,samprog4u,2016-11-23T05:18:23Z
74544044,https://github.com/atulpundhir/cs50,atulpundhir,2016-11-23T05:37:09Z
74544102,https://github.com/OSP123/phpFun,OSP123,2016-11-23T05:38:20Z
74544753,https://github.com/adidwiahmadsantoso/PWEB_SK05_1521024083_ADI_DWI_AHMAD_SANTOSO,adidwiahmadsantoso,2016-11-23T05:50:11Z
74543398,https://github.com/ajay-bhavna/BHRMS,ajay-bhavna,2016-11-23T05:25:25Z
74543944,https://github.com/thejameswilliam/theloveradicals,thejameswilliam,2016-11-23T05:35:20Z
74542203,https://github.com/andrapratama/caribuku,andrapratama,2016-11-23T05:00:10Z
74542330,https://github.com/litencatt/pphp_framework,litencatt,2016-11-23T05:03:17Z
74542877,https://github.com/xz551/think_gongyi1,xz551,2016-11-23T05:14:17Z
74542459,https://github.com/winekute/wine,winekute,2016-11-23T05:05:44Z
74544244,https://github.com/tri613/google-login,tri613,2016-11-23T05:41:00Z
74544989,https://github.com/xmjacken/thinkphp,xmjacken,2016-11-23T05:54:29Z
74545029,https://github.com/scanerliu/dydt,scanerliu,2016-11-23T05:55:24Z
74543052,https://github.com/WeloveBookSmart/BookSmart_Control_Panel,WeloveBookSmart,2016-11-23T05:17:52Z
74542498,https://github.com/KindredDev/peso-php,KindredDev,2016-11-23T05:06:29Z