74573587,https://github.com/auwfar/AdminLTE-CRUD-With-Codeigniter,auwfar,2016-11-23T12:14:53Z
74572977,https://github.com/aishan/lumen-captcha,aishan,2016-11-23T12:06:22Z
74573070,https://github.com/scherersoftware/cake-language-switcher,scherersoftware,2016-11-23T12:07:41Z
74573495,https://github.com/crphp/wmi,crphp,2016-11-23T12:13:47Z
74572904,https://github.com/kraath/gambioTest,kraath,2016-11-23T12:05:17Z
74576791,https://github.com/n3m3s7s/softimo,n3m3s7s,2016-11-23T12:55:23Z
74574354,https://github.com/krakphp/http,krakphp,2016-11-23T12:25:07Z
74576341,https://github.com/PaulJULIEN/BapSG,PaulJULIEN,2016-11-23T12:49:43Z
74572783,https://github.com/Evozon-PHP/magento-1-blog-extension,Evozon-PHP,2016-11-23T12:03:31Z
74575322,https://github.com/yasseralsamman/ci_stripe,yasseralsamman,2016-11-23T12:37:04Z
74573212,https://github.com/crphp/core,crphp,2016-11-23T12:09:44Z
74576805,https://github.com/azitouni/monCV01,azitouni,2016-11-23T12:55:34Z
74574866,https://github.com/vishwaroopa/hello_world,vishwaroopa,2016-11-23T12:31:14Z
74572817,https://github.com/webbgeorge/config,webbgeorge,2016-11-23T12:03:55Z
74574603,https://github.com/jayantbhagat5/aws,jayantbhagat5,2016-11-23T12:28:21Z
74572561,https://github.com/ljy1814/vim,ljy1814,2016-11-23T12:00:57Z
74574050,https://github.com/raviroshanmehta/php-pdo-using-class,raviroshanmehta,2016-11-23T12:21:16Z
74575875,https://github.com/abdelhakim30/2-exo-php-conditions,abdelhakim30,2016-11-23T12:44:06Z
74574183,https://github.com/ProcessEight/attributeresourcescriptgenerator,ProcessEight,2016-11-23T12:23:00Z
74575883,https://github.com/giftymalik/darwin-problem,giftymalik,2016-11-23T12:44:12Z
74577057,https://github.com/jmmeijer/skoalle,jmmeijer,2016-11-23T12:58:50Z
74574399,https://github.com/akniyev/prod05,akniyev,2016-11-23T12:25:46Z
74572585,https://github.com/bjarniolsen/edisonogco,bjarniolsen,2016-11-23T12:01:19Z
74573278,https://github.com/pmatloka/SimpleGame,pmatloka,2016-11-23T12:10:40Z
74572818,https://github.com/Gadigas/hello-shiva,Gadigas,2016-11-23T12:03:57Z
74572875,https://github.com/kaulakys/ui-ms-store-toolchain-1479901497182,kaulakys,2016-11-23T12:04:44Z
74575125,https://github.com/ronte-ltd/SettingsBundle,ronte-ltd,2016-11-23T12:34:32Z
74573056,https://github.com/ycsun2017/pwdManager,ycsun2017,2016-11-23T12:07:27Z
74574922,https://github.com/kosset/ps_dropdownsearch_module,kosset,2016-11-23T12:32:10Z
74575302,https://github.com/desitaayu/upggrade_1521024089,desitaayu,2016-11-23T12:36:53Z
74575503,https://github.com/calmheaded/xiaobk,calmheaded,2016-11-23T12:39:26Z
74576972,https://github.com/4lx9ri4/Exos-php-tableaux,4lx9ri4,2016-11-23T12:57:41Z
74573798,https://github.com/shahgeb/amjadfarooq.com,shahgeb,2016-11-23T12:17:48Z
74573044,https://github.com/Ezelev/separateArrayKeys,Ezelev,2016-11-23T12:07:16Z
74573058,https://github.com/donsenorx/EjerciciosPHP,donsenorx,2016-11-23T12:07:28Z
74576723,https://github.com/mustafa1988/aqq1,mustafa1988,2016-11-23T12:54:33Z
74575840,https://github.com/Mike-Baljinder-Singh/Wordpress-Developer-Stronghold-Access,Mike-Baljinder-Singh,2016-11-23T12:43:31Z
74574871,https://github.com/morganbiemiller/lacucina,morganbiemiller,2016-11-23T12:31:28Z
74574986,https://github.com/tansautn/ln,tansautn,2016-11-23T12:32:58Z
74575083,https://github.com/cemrich/rappelkiste-wordpress-theme,cemrich,2016-11-23T12:34:07Z
74573551,https://github.com/calmheaded/boke,calmheaded,2016-11-23T12:14:25Z
74575035,https://github.com/khotimah/uppgrade_1521024094,khotimah,2016-11-23T12:33:29Z
74576081,https://github.com/Riaan-ZA/lunchbot,Riaan-ZA,2016-11-23T12:46:29Z
74576150,https://github.com/tvalimaa/Ckeditor_height_settings,tvalimaa,2016-11-23T12:47:20Z
74576970,https://github.com/HarukaNanase/BD2016-2017,HarukaNanase,2016-11-23T12:57:40Z
74575447,https://github.com/dewaele-benoit/PPE2016-2017,dewaele-benoit,2016-11-23T12:38:45Z
74575217,https://github.com/kaffein-agency/platformify,kaffein-agency,2016-11-23T12:35:46Z
74576889,https://github.com/4lx9ri4/Exo-php-fonctions,4lx9ri4,2016-11-23T12:56:43Z
74572887,https://github.com/ganjaaa/Helper,ganjaaa,2016-11-23T12:05:00Z
74573037,https://github.com/mamounothman/DTCM,mamounothman,2016-11-23T12:07:13Z
74576204,https://github.com/RageOfHeart/8140877k,RageOfHeart,2016-11-23T12:48:06Z
74577016,https://github.com/olavoasantos/Text2image,olavoasantos,2016-11-23T12:58:20Z
74574372,https://github.com/bOlaE/wxcvbn,bOlaE,2016-11-23T12:25:28Z
74575955,https://github.com/valell/spoj.com,valell,2016-11-23T12:45:00Z
74574281,https://github.com/leon-maister/SourceAndOSa,leon-maister,2016-11-23T12:24:08Z
74576648,https://github.com/dhavalmanjaria/fortune-cookie,dhavalmanjaria,2016-11-23T12:53:36Z
74576451,https://github.com/ewaldHertel/emma,ewaldHertel,2016-11-23T12:51:16Z
74574085,https://github.com/wafaworks/lyon_1116_food_and_you,wafaworks,2016-11-23T12:21:42Z
74574515,https://github.com/samwarburton/tychocms,samwarburton,2016-11-23T12:27:19Z