38467721,https://github.com/liudng/regions-of-china,liudng,2015-07-03T02:31:50Z
38467918,https://github.com/DaoCloud/golang-redis-sample,DaoCloud,2015-07-03T02:36:31Z
38467790,https://github.com/cgcgbcbc/umeng2github,cgcgbcbc,2015-07-03T02:33:18Z