41070683,https://github.com/1dog/husky,1dog,2015-08-20T02:23:56Z
41069788,https://github.com/khaliqgant/finance-app,khaliqgant,2015-08-20T02:02:11Z
41071060,https://github.com/malachi26/ReviewQueueNotifier,malachi26,2015-08-20T02:32:08Z
41070760,https://github.com/TribeMedia/kurento-room-node,TribeMedia,2015-08-20T02:25:11Z
41071599,https://github.com/star1120/star1120.github.io,star1120,2015-08-20T02:43:41Z
41071871,https://github.com/i5ting/mongoose-ninjia,i5ting,2015-08-20T02:50:49Z
41069901,https://github.com/alpdeniz/coinvoy-static,alpdeniz,2015-08-20T02:04:45Z
41072151,https://github.com/novocoder/league-rivals,novocoder,2015-08-20T02:57:57Z
41070017,https://github.com/GuoYongfeng/iWEB,GuoYongfeng,2015-08-20T02:07:44Z
41069894,https://github.com/delavara/ytseq,delavara,2015-08-20T02:04:35Z
41071764,https://github.com/vincegiorno/Food-Diary,vincegiorno,2015-08-20T02:48:09Z
41071930,https://github.com/Coralma/ng-bootstrap-loading,Coralma,2015-08-20T02:52:39Z
41070367,https://github.com/erschwartz/erschwartz-persweb,erschwartz,2015-08-20T02:16:23Z
41071543,https://github.com/cataska/chirper,cataska,2015-08-20T02:42:32Z
41071180,https://github.com/joseTec/myapp,joseTec,2015-08-20T02:35:04Z
41070793,https://github.com/hasnaaEchha/iTunesSpace,hasnaaEchha,2015-08-20T02:25:48Z
41071266,https://github.com/mobot11/reddit_react,mobot11,2015-08-20T02:36:38Z
41070342,https://github.com/robitic/clima,robitic,2015-08-20T02:15:46Z
41071243,https://github.com/hinikai/code,hinikai,2015-08-20T02:36:00Z
41069701,https://github.com/Liuye012/Score_Rank,Liuye012,2015-08-20T02:00:29Z
41070361,https://github.com/gurumelo/susito5,gurumelo,2015-08-20T02:16:11Z
41071966,https://github.com/psalejandro/ionic,psalejandro,2015-08-20T02:53:30Z
41071999,https://github.com/johnalxndr/OHH,johnalxndr,2015-08-20T02:54:31Z
41070172,https://github.com/jindev/workouter,jindev,2015-08-20T02:11:17Z
41070260,https://github.com/joscauich/clima_app,joscauich,2015-08-20T02:13:19Z
41070849,https://github.com/HR-Athena/Athena-Legacy,HR-Athena,2015-08-20T02:27:07Z
41069883,https://github.com/JoeyAspire/vp,JoeyAspire,2015-08-20T02:04:16Z
41069888,https://github.com/3-strand-code/jon-pool,3-strand-code,2015-08-20T02:04:23Z
41071447,https://github.com/jinuk17/Celebrity,jinuk17,2015-08-20T02:40:25Z
41071233,https://github.com/Danrichart/DiabetesTracker,Danrichart,2015-08-20T02:35:49Z
41070648,https://github.com/julang0707/jquery-fun,julang0707,2015-08-20T02:23:12Z
41071351,https://github.com/AndrewRayCode/three-transform-controls,AndrewRayCode,2015-08-20T02:38:37Z
41069874,https://github.com/stacyhuang/twittler,stacyhuang,2015-08-20T02:03:57Z
41071576,https://github.com/wsick/fayde.io,wsick,2015-08-20T02:43:14Z
41071038,https://github.com/viethp/viethp.github.io,viethp,2015-08-20T02:31:32Z
41070676,https://github.com/virajhk/Interlace,virajhk,2015-08-20T02:23:48Z
41070201,https://github.com/andresgalante/outclass-ionic,andresgalante,2015-08-20T02:12:01Z
41070908,https://github.com/ginny315/calculate,ginny315,2015-08-20T02:28:40Z
41070818,https://github.com/gustafsonb/sd2670Project,gustafsonb,2015-08-20T02:26:27Z
41071460,https://github.com/xzenggit/xzenggit.github.io,xzenggit,2015-08-20T02:40:48Z
41071923,https://github.com/coupdebol/DaysAlive,coupdebol,2015-08-20T02:52:23Z
41070780,https://github.com/ErikAbrahamson/node-express-intro,ErikAbrahamson,2015-08-20T02:25:40Z
41070801,https://github.com/Bajix/vottu,Bajix,2015-08-20T02:26:03Z
41069800,https://github.com/bestmenbal/basesite,bestmenbal,2015-08-20T02:02:28Z
41071081,https://github.com/coderac/MySignIn,coderac,2015-08-20T02:32:43Z
41071442,https://github.com/raebaraquio/im-mean,raebaraquio,2015-08-20T02:40:19Z
41070011,https://github.com/andwoo/twitch-bot,andwoo,2015-08-20T02:07:39Z
41071320,https://github.com/robhaj/csv-to-markdown-js,robhaj,2015-08-20T02:38:03Z
41071341,https://github.com/le-binh/le-binh.github.io,le-binh,2015-08-20T02:38:25Z
41070682,https://github.com/judylin1/productTracker,judylin1,2015-08-20T02:23:55Z
41071666,https://github.com/samsch/todo,samsch,2015-08-20T02:45:25Z
41070829,https://github.com/binchensjtu/gift,binchensjtu,2015-08-20T02:26:45Z
41071525,https://github.com/vppdevelopment/Tutorial,vppdevelopment,2015-08-20T02:42:10Z
41069770,https://github.com/lucasjsmith/lucasjsmith.com,lucasjsmith,2015-08-20T02:01:54Z
41070883,https://github.com/mqtlam/mqtlam.github.io,mqtlam,2015-08-20T02:27:55Z
41070121,https://github.com/prontodev/rdplaylist,prontodev,2015-08-20T02:10:11Z
41071385,https://github.com/larryshawn/firebase-chat,larryshawn,2015-08-20T02:39:21Z
41071582,https://github.com/yiseeker/chatroom,yiseeker,2015-08-20T02:43:22Z
41071221,https://github.com/kzsh/pianobar-rest-interface,kzsh,2015-08-20T02:35:39Z
41069708,https://github.com/paullfull21/desertech,paullfull21,2015-08-20T02:00:33Z
41071440,https://github.com/cecm312/clima,cecm312,2015-08-20T02:40:17Z
41071498,https://github.com/LOKE/mixpanel-user-agent,LOKE,2015-08-20T02:41:41Z
41070685,https://github.com/anlin-yang/Exam-Crazy,anlin-yang,2015-08-20T02:23:57Z
41070435,https://github.com/fineday32/Web_Chat_Room,fineday32,2015-08-20T02:18:02Z
41072096,https://github.com/mmertel/sinclair-digital,mmertel,2015-08-20T02:56:50Z
41069977,https://github.com/herokumx/herokudevdaynodejs,herokumx,2015-08-20T02:06:47Z
41070239,https://github.com/tmfksoft/NodeBot,tmfksoft,2015-08-20T02:12:52Z
41071697,https://github.com/donieardianto/evoluspencil,donieardianto,2015-08-20T02:46:22Z
41072053,https://github.com/arbylee/climbing,arbylee,2015-08-20T02:55:48Z
41069803,https://github.com/YeungBen/cv,YeungBen,2015-08-20T02:02:29Z
41070555,https://github.com/rshiny/shinyTable2,rshiny,2015-08-20T02:20:43Z
41070705,https://github.com/zen1995/BoxWorld,zen1995,2015-08-20T02:24:14Z
41071114,https://github.com/marcusoftnet/MongoConnectionStringParser,marcusoftnet,2015-08-20T02:33:25Z
41071720,https://github.com/kura88kura/jstest,kura88kura,2015-08-20T02:46:59Z
41071602,https://github.com/johanneskloos/TraceGenerator,johanneskloos,2015-08-20T02:43:45Z
41069938,https://github.com/mahathikrishna/Member-details,mahathikrishna,2015-08-20T02:05:45Z
41070406,https://github.com/jdiggidy/ine5612-rails-music-store,jdiggidy,2015-08-20T02:17:24Z
41069768,https://github.com/pantony89/PHP-TermProject-Term1,pantony89,2015-08-20T02:01:51Z
41070292,https://github.com/m272cels/lettuce_eat,m272cels,2015-08-20T02:14:32Z
41069890,https://github.com/Latrasis/doorlock,Latrasis,2015-08-20T02:04:28Z
41070584,https://github.com/castle-dev/generator-le-directive,castle-dev,2015-08-20T02:21:28Z
41070300,https://github.com/vanan08/bookstore,vanan08,2015-08-20T02:14:38Z
41070387,https://github.com/chriskdon/seed-client-browserify,chriskdon,2015-08-20T02:16:58Z