193010379,https://github.com/pubgo/errors,pubgo,2019-06-21T01:37:07Z
193011553,https://github.com/magmasystems/SlackStockSlashCommand-Lambda,magmasystems,2019-06-21T01:47:20Z
193012746,https://github.com/zorion79/ksmglog,zorion79,2019-06-21T01:57:46Z
193010686,https://github.com/akshay3030/ec2,akshay3030,2019-06-21T01:39:50Z
193008451,https://github.com/RTradeLtd/go-libp2p-testutils,RTradeLtd,2019-06-21T01:19:00Z
193008726,https://github.com/miyagiseesaa/Go-scraping,miyagiseesaa,2019-06-21T01:21:29Z
193010773,https://github.com/deweybat/AutoMeme,deweybat,2019-06-21T01:40:27Z
193007779,https://github.com/spider1998/go-etcd,spider1998,2019-06-21T01:12:16Z
193011053,https://github.com/wodadehencou/toolbox,wodadehencou,2019-06-21T01:42:46Z
193009500,https://github.com/patientplatypus/golang_grpc_example,patientplatypus,2019-06-21T01:29:11Z
193007850,https://github.com/whao246/crontab,whao246,2019-06-21T01:12:56Z
193006520,https://github.com/irisxinxin/AroundGo,irisxinxin,2019-06-21T01:00:09Z