27425067,https://github.com/dreamsxin/example,dreamsxin,2014-12-02T09:30:33Z
27425429,https://github.com/appfeel/analytics-google,appfeel,2014-12-02T09:40:34Z
27425677,https://github.com/izaakschroeder/auth-header,izaakschroeder,2014-12-02T09:47:08Z
27425497,https://github.com/michalboska/codingbeer-vertx,michalboska,2014-12-02T09:42:29Z
27425825,https://github.com/istex-archives/istex-widgets,istex-archives,2014-12-02T09:50:15Z
27423975,https://github.com/morinpic/nanika-gulp,morinpic,2014-12-02T09:01:50Z
27424494,https://github.com/fixjs/patterns.js,fixjs,2014-12-02T09:15:35Z
27425455,https://github.com/duskray/blog,duskray,2014-12-02T09:41:19Z
27425790,https://github.com/miguelmota/is-valid-coordinate,miguelmota,2014-12-02T09:49:28Z
27424943,https://github.com/winardiaris/codetechnos,winardiaris,2014-12-02T09:27:12Z
27425166,https://github.com/konglingyuan/pos,konglingyuan,2014-12-02T09:33:22Z
27425031,https://github.com/miraculixx/whereismypackage,miraculixx,2014-12-02T09:29:46Z
27424797,https://github.com/junozero/ntnode,junozero,2014-12-02T09:23:24Z
27425637,https://github.com/Wizcorp/deep-copy.js,Wizcorp,2014-12-02T09:45:56Z
27423994,https://github.com/miguelmota/is-valid-password,miguelmota,2014-12-02T09:02:24Z
27424591,https://github.com/fredshare/monitor,fredshare,2014-12-02T09:18:03Z
27424204,https://github.com/pdamb/jsut-demo-wug,pdamb,2014-12-02T09:07:44Z
27424215,https://github.com/taylorzr/tic-tac-toe,taylorzr,2014-12-02T09:08:12Z
27423917,https://github.com/locnt9889/wlappsample-webapp,locnt9889,2014-12-02T09:00:16Z
27423946,https://github.com/ianmin2/ue_r_webStat,ianmin2,2014-12-02T09:01:04Z
27424756,https://github.com/llyys/angular-registry,llyys,2014-12-02T09:22:14Z
27424833,https://github.com/jkhmnk/project,jkhmnk,2014-12-02T09:24:15Z
27425581,https://github.com/anru/async.emitter,anru,2014-12-02T09:44:34Z
27425054,https://github.com/mahmut070/schumacher,mahmut070,2014-12-02T09:30:14Z
27424835,https://github.com/ykamara/mirafraLeaveApp,ykamara,2014-12-02T09:24:20Z
27425464,https://github.com/shrikantdhotrepr/prisma_cms,shrikantdhotrepr,2014-12-02T09:41:30Z
27424892,https://github.com/f47h3r/ghostwriter,f47h3r,2014-12-02T09:25:48Z
27425510,https://github.com/adrianblynch/notes-on-generators,adrianblynch,2014-12-02T09:42:40Z
27425694,https://github.com/abstractsite/abstractfactory.io,abstractsite,2014-12-02T09:47:35Z
27424549,https://github.com/arnochauveau/project_frontend,arnochauveau,2014-12-02T09:17:07Z
27424040,https://github.com/jysdu2006/clock,jysdu2006,2014-12-02T09:03:32Z
27424120,https://github.com/Laboratory/Meteor-Mongo-Collections,Laboratory,2014-12-02T09:05:35Z
27425874,https://github.com/phucdkbk/QuantumShogiSinglePage,phucdkbk,2014-12-02T09:51:11Z
27423925,https://github.com/yoannck/timeline-flask,yoannck,2014-12-02T09:00:31Z
27425363,https://github.com/PaulCluver/ChiroSurvey,PaulCluver,2014-12-02T09:38:49Z
27426060,https://github.com/dvmtn/crampons,dvmtn,2014-12-02T09:55:42Z
27424441,https://github.com/antonysamy931/MeanFirst,antonysamy931,2014-12-02T09:13:56Z
27424951,https://github.com/ninjabadgerpirate/NodeMovieNight,ninjabadgerpirate,2014-12-02T09:27:24Z
27425726,https://github.com/romidane/extendible-modular-framework,romidane,2014-12-02T09:48:13Z
27425891,https://github.com/alexleonard/base-template,alexleonard,2014-12-02T09:51:37Z
27424284,https://github.com/blip456/FrontendProject,blip456,2014-12-02T09:09:56Z
27425621,https://github.com/2j0ye/Randomize,2j0ye,2014-12-02T09:45:32Z
27425322,https://github.com/raymondSeger/socketioexample2,raymondSeger,2014-12-02T09:37:36Z
27425116,https://github.com/jskopek/WebGL,jskopek,2014-12-02T09:32:10Z
27424587,https://github.com/PlatformSupport/FormAuthenticationViaAJAX,PlatformSupport,2014-12-02T09:18:00Z
27424394,https://github.com/DataEye/NodeApp,DataEye,2014-12-02T09:12:53Z
27424287,https://github.com/Kah0ona/slate_zneb,Kah0ona,2014-12-02T09:10:01Z
27424774,https://github.com/r0m4/nodeChat,r0m4,2014-12-02T09:22:40Z
27425473,https://github.com/booles/accumulation,booles,2014-12-02T09:41:48Z
27425841,https://github.com/kstamatov85/ghNEW,kstamatov85,2014-12-02T09:50:32Z
27424784,https://github.com/enixdark/django-rest-pratices,enixdark,2014-12-02T09:23:02Z
27424854,https://github.com/UniqueNL/slate_zneb,UniqueNL,2014-12-02T09:24:52Z
27424993,https://github.com/EriCatillon/miniRouter,EriCatillon,2014-12-02T09:28:42Z
27423990,https://github.com/timgluz/chat-client,timgluz,2014-12-02T09:02:12Z
27425189,https://github.com/designenrecherche/Design-en-Recherche,designenrecherche,2014-12-02T09:34:05Z
27425590,https://github.com/AldosAltybaev/Maze-Algorithm,AldosAltybaev,2014-12-02T09:44:45Z
27425187,https://github.com/masakah/multitheme,masakah,2014-12-02T09:34:02Z
27424858,https://github.com/nodejs-web/NPS,nodejs-web,2014-12-02T09:24:57Z
27425749,https://github.com/robertdenton/presentations,robertdenton,2014-12-02T09:48:37Z
27425936,https://github.com/eamanplay/eamanplay.github.io,eamanplay,2014-12-02T09:52:35Z