76756887,https://github.com/InceptionCode/Functional-Programming-Exercises,InceptionCode,2016-12-18T01:36:40Z
76757094,https://github.com/Azure/China-Data-Solutions,Azure,2016-12-18T01:43:41Z
76757182,https://github.com/wassgha/CalcTutor,wassgha,2016-12-18T01:46:06Z
76756905,https://github.com/max-marcus/spotifind,max-marcus,2016-12-18T01:37:35Z
76757471,https://github.com/xhrist14n/admin_template,xhrist14n,2016-12-18T01:54:53Z
76756385,https://github.com/brendonparker/node-red-contrib-nuimo,brendonparker,2016-12-18T01:21:16Z
76757175,https://github.com/oshalygin/npm-auth,oshalygin,2016-12-18T01:45:59Z
76756662,https://github.com/sandhawke/borc-refs,sandhawke,2016-12-18T01:29:33Z
76756756,https://github.com/ain-/react-redux-react-router-es6,ain-,2016-12-18T01:32:25Z
76756157,https://github.com/johnpaulvaughan/itunes-music-library-tracks,johnpaulvaughan,2016-12-18T01:12:48Z
76757193,https://github.com/doesdev/you-be-my-sun,doesdev,2016-12-18T01:46:20Z
76756357,https://github.com/vaidusia/neighborhood-map,vaidusia,2016-12-18T01:20:21Z
76756050,https://github.com/mrodrig/planningPoker,mrodrig,2016-12-18T01:09:15Z
76757181,https://github.com/explodingbarrel/unityCacheServer,explodingbarrel,2016-12-18T01:46:04Z
76757183,https://github.com/betaredex/kitsune-old,betaredex,2016-12-18T01:46:06Z
76756204,https://github.com/azmenak/jolly-rogers,azmenak,2016-12-18T01:14:52Z
76756292,https://github.com/mogaming217/serverless-with-dynamo-template,mogaming217,2016-12-18T01:18:24Z
76756348,https://github.com/xwxsummer/sleep-write,xwxsummer,2016-12-18T01:20:11Z
76757185,https://github.com/3axap4eHko/react-starter-spa,3axap4eHko,2016-12-18T01:46:08Z
76756685,https://github.com/Haloyum/express-wend,Haloyum,2016-12-18T01:30:18Z
76757436,https://github.com/pvojnov/siteManager,pvojnov,2016-12-18T01:53:30Z
76757474,https://github.com/vintagedaddyo/MyBB_Basic-Portfolio_Page,vintagedaddyo,2016-12-18T01:55:00Z
76757507,https://github.com/polyzer/VK_Space_Chat,polyzer,2016-12-18T01:56:17Z
76756885,https://github.com/BrianDassow/WebApplication,BrianDassow,2016-12-18T01:36:36Z
76756889,https://github.com/vaidusia/Feed-Reader-Testing,vaidusia,2016-12-18T01:36:45Z
76757422,https://github.com/rayros/img-ftp-opt,rayros,2016-12-18T01:52:55Z
76757444,https://github.com/alexmacy/SSRS-in-Google-Chrome,alexmacy,2016-12-18T01:53:50Z
76755953,https://github.com/IBM34/ecommerce,IBM34,2016-12-18T01:06:01Z
76756054,https://github.com/jboyce/midi-lights,jboyce,2016-12-18T01:09:26Z
76756973,https://github.com/strictlyaformality/rill,strictlyaformality,2016-12-18T01:39:42Z
76757101,https://github.com/adj80/nytreactsearch,adj80,2016-12-18T01:43:52Z
76756584,https://github.com/sbernheim4/angular-stack,sbernheim4,2016-12-18T01:26:49Z
76756752,https://github.com/bradley2W1DL/react-redux-isomorphic-app,bradley2W1DL,2016-12-18T01:32:02Z
76756846,https://github.com/gravity-addiction/ng2-webpack-header,gravity-addiction,2016-12-18T01:35:18Z
76756876,https://github.com/scanboss/telerik-test,scanboss,2016-12-18T01:36:19Z
76757467,https://github.com/seap/flex,seap,2016-12-18T01:54:46Z
76756370,https://github.com/snowling444/Amazing-Store,snowling444,2016-12-18T01:20:45Z
76756393,https://github.com/jugghardlife/large-roast-chicken,jugghardlife,2016-12-18T01:21:27Z
76756131,https://github.com/iMoe037/automotive,iMoe037,2016-12-18T01:11:49Z
76756926,https://github.com/jamesericson/prime_assignment_04,jamesericson,2016-12-18T01:38:06Z
76757011,https://github.com/BessemFer/ToDoList,BessemFer,2016-12-18T01:40:59Z
76757025,https://github.com/kalradivyanshu/videoChatNode,kalradivyanshu,2016-12-18T01:41:27Z
76756005,https://github.com/AquaMeria/FrameWork_bootstrap,AquaMeria,2016-12-18T01:07:45Z
76756011,https://github.com/dylanjsa90/advanced-redux-tutorial,dylanjsa90,2016-12-18T01:07:53Z
76756612,https://github.com/amandaghassaei/ReactionDiffusionPendantLamp,amandaghassaei,2016-12-18T01:27:36Z
76756884,https://github.com/srafi1/chat,srafi1,2016-12-18T01:36:33Z
76756900,https://github.com/fengxueyijiu/sleep-write,fengxueyijiu,2016-12-18T01:37:12Z
76756349,https://github.com/grguang/writing,grguang,2016-12-18T01:20:12Z
76756455,https://github.com/jinglily/sleep-write,jinglily,2016-12-18T01:22:46Z
76757295,https://github.com/Alex-CS/poke-team-builder,Alex-CS,2016-12-18T01:49:20Z
76757540,https://github.com/smrckln/groupme-bot,smrckln,2016-12-18T01:57:28Z
76756690,https://github.com/jasonody/react-rjsdaq-workshop,jasonody,2016-12-18T01:30:26Z
76756762,https://github.com/sunshineyanghui/shiny,sunshineyanghui,2016-12-18T01:32:30Z
76756976,https://github.com/MarissaFEP/React-list-items,MarissaFEP,2016-12-18T01:39:47Z
76755816,https://github.com/Hadh/miniSpaceInvaders,Hadh,2016-12-18T01:01:04Z
76756020,https://github.com/theYounger/Project_Euler,theYounger,2016-12-18T01:08:11Z
76756118,https://github.com/tork6730/Firm-Connection,tork6730,2016-12-18T01:11:31Z
76756169,https://github.com/aybezz/igo_test,aybezz,2016-12-18T01:13:33Z
76757188,https://github.com/amgoodman5/galvanizeswoll,amgoodman5,2016-12-18T01:46:11Z
76757339,https://github.com/dmurawsky/cookies,dmurawsky,2016-12-18T01:50:50Z
76756314,https://github.com/willysystem/jgroup,willysystem,2016-12-18T01:19:00Z
76756403,https://github.com/mmkader85/node-express,mmkader85,2016-12-18T01:21:45Z
76756609,https://github.com/codebling/paperjs-sequencer,codebling,2016-12-18T01:27:30Z
76756788,https://github.com/nextinterfaces/sofia,nextinterfaces,2016-12-18T01:33:20Z
76755935,https://github.com/Bmbul/NewButOld,Bmbul,2016-12-18T01:05:23Z
76755977,https://github.com/vintagedaddyo/MyBB-Theme_Colorize,vintagedaddyo,2016-12-18T01:06:58Z
76756589,https://github.com/KelvinLightner/barID,KelvinLightner,2016-12-18T01:26:59Z
76756873,https://github.com/jetspeed/stateworkflow,jetspeed,2016-12-18T01:36:15Z
76757104,https://github.com/tania531/fcc-api,tania531,2016-12-18T01:44:04Z
76756766,https://github.com/beautifuljty/sleep-write,beautifuljty,2016-12-18T01:32:37Z
76756852,https://github.com/ddd-demo/photoalbum-admin,ddd-demo,2016-12-18T01:35:34Z
76756194,https://github.com/LucasAntognoni/Web_Development,LucasAntognoni,2016-12-18T01:14:33Z
76756231,https://github.com/xDiego/testbranch,xDiego,2016-12-18T01:16:07Z
76756341,https://github.com/digitalartcrew/answorld,digitalartcrew,2016-12-18T01:20:01Z
76756008,https://github.com/aBape/NikkiSushi,aBape,2016-12-18T01:07:50Z
76757215,https://github.com/Havamere/FlickrFun,Havamere,2016-12-18T01:46:55Z
76757078,https://github.com/drknave/Pixelator,drknave,2016-12-18T01:43:04Z
76757124,https://github.com/aditiasap/twitter-hapi-auth,aditiasap,2016-12-18T01:44:41Z
76755906,https://github.com/julienkuehn/Screeps,julienkuehn,2016-12-18T01:04:15Z
76755922,https://github.com/sameerank/react_redux_todo,sameerank,2016-12-18T01:04:55Z
76757374,https://github.com/p--q/Calendar2_Blogger,p--q,2016-12-18T01:51:36Z
76757382,https://github.com/bvellek/blog-mongoose-app,bvellek,2016-12-18T01:51:50Z
76756818,https://github.com/Roman-Silva/Roman-Silva.github.io,Roman-Silva,2016-12-18T01:34:21Z
76756849,https://github.com/chiaramdelucia/TriviaGame,chiaramdelucia,2016-12-18T01:35:24Z
76755799,https://github.com/razzad/denon-alexa,razzad,2016-12-18T01:00:20Z
76755948,https://github.com/dylanjsa90/todo-react,dylanjsa90,2016-12-18T01:05:48Z
76756380,https://github.com/casbeebc/tweetdeck-angular,casbeebc,2016-12-18T01:21:10Z
76756487,https://github.com/zhangsiman/sleep-write,zhangsiman,2016-12-18T01:23:25Z
76756162,https://github.com/tuchandra/cc-harvest,tuchandra,2016-12-18T01:13:06Z
76757294,https://github.com/arvindr9/Canvas,arvindr9,2016-12-18T01:49:18Z
76756723,https://github.com/letrungkien0210/own_twitter_app,letrungkien0210,2016-12-18T01:31:20Z
76756325,https://github.com/richardjoin/sleep-write,richardjoin,2016-12-18T01:19:30Z
76756390,https://github.com/mattunderscorechampion/vcap-services-parser,mattunderscorechampion,2016-12-18T01:21:25Z
76756942,https://github.com/StephenHanzlik/sh_fullstack,StephenHanzlik,2016-12-18T01:38:42Z
76756568,https://github.com/Windfisch/stachelkugel,Windfisch,2016-12-18T01:26:24Z
76757224,https://github.com/johnnyzithers/tweetgrain,johnnyzithers,2016-12-18T01:47:19Z
76757267,https://github.com/CoreyGriffin/node-web-server,CoreyGriffin,2016-12-18T01:48:32Z
76757353,https://github.com/christo4b/hl7,christo4b,2016-12-18T01:51:07Z
76755822,https://github.com/ayebear/project-puck-server,ayebear,2016-12-18T01:01:17Z
76755919,https://github.com/Havamere/Server-Test,Havamere,2016-12-18T01:04:43Z
76755968,https://github.com/Roman-Silva/cavecampers,Roman-Silva,2016-12-18T01:06:26Z
76757558,https://github.com/sheeld/cins496project,sheeld,2016-12-18T01:58:23Z
76757590,https://github.com/dave4506/spctater,dave4506,2016-12-18T01:59:28Z
76756708,https://github.com/kevinbarabash/parafont,kevinbarabash,2016-12-18T01:30:59Z
76756770,https://github.com/vaidusia/website-optimization,vaidusia,2016-12-18T01:32:44Z
76757489,https://github.com/whatthetech/node-redis-example,whatthetech,2016-12-18T01:55:42Z
76757164,https://github.com/dpitic/beginning-nodejs,dpitic,2016-12-18T01:45:42Z
76756372,https://github.com/zhangsupper/sleep,zhangsupper,2016-12-18T01:20:55Z
76756506,https://github.com/afucher/aera,afucher,2016-12-18T01:24:09Z
76756786,https://github.com/mephysto/TextFitter,mephysto,2016-12-18T01:33:17Z
76756892,https://github.com/sslotsky/react-electron,sslotsky,2016-12-18T01:36:54Z
76755863,https://github.com/Tknott95/NodeAuthLogin,Tknott95,2016-12-18T01:02:58Z
76755942,https://github.com/nikhilnadagouda/BodyBrowser,nikhilnadagouda,2016-12-18T01:05:42Z
76756969,https://github.com/zhangloo333/UdemyJSstu,zhangloo333,2016-12-18T01:39:34Z