245779019,https://github.com/sps014/DrawToMesh,sps014,2020-03-08T08:35:28Z
245775800,https://github.com/chengjunchao/xuexitongScript,chengjunchao,2020-03-08T08:08:37Z
245775348,https://github.com/MagicFun1241/vk-message-deployer,MagicFun1241,2020-03-08T08:04:47Z
245777445,https://github.com/PCAaron/webpack-builder,PCAaron,2020-03-08T08:22:11Z
245776056,https://github.com/zikwall/telegram,zikwall,2020-03-08T08:10:57Z
245780969,https://github.com/lakshitaverma/Restaurant-Express-Api-Swagger-UI,lakshitaverma,2020-03-08T08:50:16Z
245781358,https://github.com/vladimirfomene/tic-tac-toe-web,vladimirfomene,2020-03-08T08:53:29Z
245777508,https://github.com/narayan-ghogale/BlockFraud,narayan-ghogale,2020-03-08T08:22:45Z
245780915,https://github.com/Sang-hwa96/-UTUBE,Sang-hwa96,2020-03-08T08:49:53Z
245776121,https://github.com/Abbazz2020/Drumster,Abbazz2020,2020-03-08T08:11:26Z
245780761,https://github.com/Siketyan/tailwind-sass,Siketyan,2020-03-08T08:48:44Z
245781425,https://github.com/Banaanas/calculator,Banaanas,2020-03-08T08:53:57Z
245781591,https://github.com/Chandranath22/Face-detection-react-app,Chandranath22,2020-03-08T08:55:14Z
245780328,https://github.com/ex-machine/chrome-extensions-list,ex-machine,2020-03-08T08:45:30Z
245777640,https://github.com/qingxiansheng/vue,qingxiansheng,2020-03-08T08:23:51Z
245775144,https://github.com/yourcarrot0214/MyTripAdviser,yourcarrot0214,2020-03-08T08:03:14Z
245780961,https://github.com/helloamarnath/SSR-Server-Side-Rendering,helloamarnath,2020-03-08T08:50:13Z
245775846,https://github.com/ibnusyawall/learnAI-1,ibnusyawall,2020-03-08T08:09:03Z
245780252,https://github.com/fandlyfr/TugasWeb,fandlyfr,2020-03-08T08:44:58Z
245777160,https://github.com/7Hero/Site-orar,7Hero,2020-03-08T08:19:42Z
245775599,https://github.com/czxa/streamgrapher,czxa,2020-03-08T08:06:57Z
245775757,https://github.com/Calbabreaker/chat-box,Calbabreaker,2020-03-08T08:08:17Z
245779831,https://github.com/labsvisual/recurse-db,labsvisual,2020-03-08T08:41:50Z
245776096,https://github.com/Debuffxb/PT-Script,Debuffxb,2020-03-08T08:11:11Z
245781735,https://github.com/ugochukwu95/weather,ugochukwu95,2020-03-08T08:56:19Z
245778597,https://github.com/sammok/fe_code_practices,sammok,2020-03-08T08:31:53Z
245774862,https://github.com/Kai-Maker1/JengaWorld--,Kai-Maker1,2020-03-08T08:00:53Z
245775919,https://github.com/ferdinand12345/kube-service-one,ferdinand12345,2020-03-08T08:09:45Z
245777315,https://github.com/Shreeya-27/Simon-Game,Shreeya-27,2020-03-08T08:21:01Z
245777585,https://github.com/YenTingWu/multiplication_table,YenTingWu,2020-03-08T08:23:29Z
245779416,https://github.com/einnar82/learning-react,einnar82,2020-03-08T08:38:37Z
245780089,https://github.com/rati-dzidziguri/xo-7d0f0194-d326-41b5-b55d-07a908146d62,rati-dzidziguri,2020-03-08T08:43:46Z
245779199,https://github.com/Ballardian/fe-maps,Ballardian,2020-03-08T08:36:59Z
245781399,https://github.com/dayalushanker/myles,dayalushanker,2020-03-08T08:53:44Z
245776330,https://github.com/Abrarulctg/issue-tracker,Abrarulctg,2020-03-08T08:13:19Z
245776387,https://github.com/ekupanda/shooter,ekupanda,2020-03-08T08:13:40Z
245777847,https://github.com/truongngoctuan/personal-site,truongngoctuan,2020-03-08T08:25:31Z
245780174,https://github.com/lmnnarciso/hackernews-react-apollo-tutorial,lmnnarciso,2020-03-08T08:44:29Z
245775687,https://github.com/martl/MyCoolApp,martl,2020-03-08T08:07:42Z
245781984,https://github.com/zachsa/zachsmith.co.za,zachsa,2020-03-08T08:58:11Z
245777573,https://github.com/mouer456/koa-test,mouer456,2020-03-08T08:23:20Z
245780781,https://github.com/FrancoisHps/RomanNumerals,FrancoisHps,2020-03-08T08:48:54Z
245778184,https://github.com/Lakshya-CTF/lakshya-ctf-2019,Lakshya-CTF,2020-03-08T08:28:35Z
245781180,https://github.com/CCharlieLi/passport-wechat-mp,CCharlieLi,2020-03-08T08:51:53Z
245776736,https://github.com/sdugao/GraduationWH,sdugao,2020-03-08T08:16:13Z
245780908,https://github.com/mvsowndapan/vespa-log,mvsowndapan,2020-03-08T08:49:51Z
245775268,https://github.com/read0more/react-todo,read0more,2020-03-08T08:04:10Z
245781395,https://github.com/fukuharataka/reactjs-pr,fukuharataka,2020-03-08T08:53:44Z
245781000,https://github.com/oktorakevinarigi/react-sass,oktorakevinarigi,2020-03-08T08:50:30Z
245776669,https://github.com/strkym/assessment,strkym,2020-03-08T08:15:48Z
245779830,https://github.com/maxwildersmith/vroom-vroom,maxwildersmith,2020-03-08T08:41:50Z
245778729,https://github.com/SAI-HARSHA-VARDHAN/Backend-API-for-ParkAway,SAI-HARSHA-VARDHAN,2020-03-08T08:33:00Z
245780590,https://github.com/rati-dzidziguri/xo-6706b9b7-7199-425c-89b2-f9cfb0adc6e1,rati-dzidziguri,2020-03-08T08:47:28Z
245780640,https://github.com/amitdasgupta/React-Recipe-App,amitdasgupta,2020-03-08T08:47:50Z
245780600,https://github.com/aaronlamvn/demo-project-redux,aaronlamvn,2020-03-08T08:47:32Z
245780889,https://github.com/mahmoudmheisen91/D3TreemapDiagram,mahmoudmheisen91,2020-03-08T08:49:40Z
245779740,https://github.com/timkohai/personal-blog,timkohai,2020-03-08T08:41:04Z
245780592,https://github.com/kiselek-bit/-budget-calculation,kiselek-bit,2020-03-08T08:47:29Z
245778960,https://github.com/kasunkula/expensify-app,kasunkula,2020-03-08T08:35:01Z
245776110,https://github.com/beevivo6/rtaobao,beevivo6,2020-03-08T08:11:20Z
245778264,https://github.com/tivonn/gluttonous-cat,tivonn,2020-03-08T08:29:21Z
245779786,https://github.com/gtsitsvidze/socialapp-exc-back,gtsitsvidze,2020-03-08T08:41:30Z
245780276,https://github.com/EvyatarHaim1/volenteerhood-deploy,EvyatarHaim1,2020-03-08T08:45:05Z
245778610,https://github.com/ChrisJMurdoch/ScreepsAI,ChrisJMurdoch,2020-03-08T08:32:01Z
245781526,https://github.com/ashwinbabu/Anonymous-and-IIFE-,ashwinbabu,2020-03-08T08:54:44Z
245776409,https://github.com/seulgiyoon/learning-react,seulgiyoon,2020-03-08T08:13:51Z
245776259,https://github.com/zsdiii/trekopaloh.github.io,zsdiii,2020-03-08T08:12:42Z
245776383,https://github.com/Shreeya-27/Drum-Kit-Website,Shreeya-27,2020-03-08T08:13:39Z
245775544,https://github.com/ReynardtDeminey/reactpics,ReynardtDeminey,2020-03-08T08:06:33Z
245777308,https://github.com/Aaradhya06/C28,Aaradhya06,2020-03-08T08:20:55Z
245781311,https://github.com/iamutsavparekh/TiKt,iamutsavparekh,2020-03-08T08:53:02Z
245780857,https://github.com/rochakravi/shop-dev,rochakravi,2020-03-08T08:49:23Z
245779027,https://github.com/laike/miniprogram-github,laike,2020-03-08T08:35:30Z
245777302,https://github.com/akhrorov/file-upload-front,akhrorov,2020-03-08T08:20:51Z
245780846,https://github.com/FACN8/marry-well,FACN8,2020-03-08T08:49:19Z
245774844,https://github.com/junpany/work_01,junpany,2020-03-08T08:00:48Z
245777443,https://github.com/JamesLHY/static-server-1,JamesLHY,2020-03-08T08:22:10Z
245778262,https://github.com/T-Shuta/my-first-node-js,T-Shuta,2020-03-08T08:29:16Z
245776602,https://github.com/NickPolakrit/about,NickPolakrit,2020-03-08T08:15:30Z
245780625,https://github.com/lorilewis/react-website,lorilewis,2020-03-08T08:47:42Z
245779864,https://github.com/Zhou-huan/zolbon,Zhou-huan,2020-03-08T08:42:06Z
245774953,https://github.com/demon-monk/md-image-ninja,demon-monk,2020-03-08T08:01:38Z
245781830,https://github.com/dxmari/easy-to-deploy-server,dxmari,2020-03-08T08:56:52Z
245780616,https://github.com/tsunemisan88/vuetreino,tsunemisan88,2020-03-08T08:47:39Z
245780664,https://github.com/ginmavis/buoi14,ginmavis,2020-03-08T08:47:59Z
245777238,https://github.com/RoshanLakmal/smart_face_recognition,RoshanLakmal,2020-03-08T08:20:17Z
245777095,https://github.com/edycakra/breakingbad-react,edycakra,2020-03-08T08:19:02Z
245779365,https://github.com/MMYD1234/SRMS,MMYD1234,2020-03-08T08:38:13Z
245778770,https://github.com/ChrisWongAtCUHK/node-init-util,ChrisWongAtCUHK,2020-03-08T08:33:21Z
245778628,https://github.com/vaddiram/Genpact-Project,vaddiram,2020-03-08T08:32:11Z
245781568,https://github.com/hardik3050/articles_ranking,hardik3050,2020-03-08T08:55:02Z
245779192,https://github.com/Altriur/YoRHa,Altriur,2020-03-08T08:36:55Z
245777038,https://github.com/FlyYogurt/roomShop,FlyYogurt,2020-03-08T08:18:39Z
245779223,https://github.com/natheboy/restful-api-nodejs-12,natheboy,2020-03-08T08:37:12Z
245777382,https://github.com/sakhawat330123/demo,sakhawat330123,2020-03-08T08:21:37Z
245780261,https://github.com/AudriusR/sfdx-project,AudriusR,2020-03-08T08:45:01Z
245775222,https://github.com/shivamangina/d3-bar-chart,shivamangina,2020-03-08T08:03:49Z
245775520,https://github.com/lkm777/gatsby-starter-netlify-cms,lkm777,2020-03-08T08:06:21Z
245779714,https://github.com/Ashlynn-Ella/movie-trend,Ashlynn-Ella,2020-03-08T08:40:51Z
245777763,https://github.com/dkuku/node-frontier-silicon,dkuku,2020-03-08T08:24:52Z
245779911,https://github.com/Jadowitypl/discordbot,Jadowitypl,2020-03-08T08:42:24Z
245781697,https://github.com/islanq/GAS-Type-Traits,islanq,2020-03-08T08:55:58Z
245779879,https://github.com/k/backend-coding-challenge,k,2020-03-08T08:42:10Z
245775113,https://github.com/spyoungtech/darkweb,spyoungtech,2020-03-08T08:03:04Z
245781514,https://github.com/sbohmann/vue,sbohmann,2020-03-08T08:54:40Z
245779244,https://github.com/s-no1ukno/portfolio,s-no1ukno,2020-03-08T08:37:20Z
245775968,https://github.com/djttfor/repo2,djttfor,2020-03-08T08:10:14Z
245775691,https://github.com/HarshitJoshi9152/Space-fighters,HarshitJoshi9152,2020-03-08T08:07:44Z
245775460,https://github.com/lwh147/GIS,lwh147,2020-03-08T08:05:42Z
245780586,https://github.com/yaoningvital/go-chess-with-redux,yaoningvital,2020-03-08T08:47:26Z
245776810,https://github.com/pushpavarsha/Practice,pushpavarsha,2020-03-08T08:16:47Z
245778235,https://github.com/RunSaRuol/RestApiNodeJs,RunSaRuol,2020-03-08T08:28:59Z
245777826,https://github.com/maciekekseke96/Tic-Tac-Toe-Game,maciekekseke96,2020-03-08T08:25:22Z
245775327,https://github.com/Lycra-98/vue_shop,Lycra-98,2020-03-08T08:04:39Z
245775064,https://github.com/HJXia114/HJXia114.github.io,HJXia114,2020-03-08T08:02:39Z
245776095,https://github.com/yizhichengSpring/springboot-es-blog,yizhichengSpring,2020-03-08T08:11:11Z
245779265,https://github.com/herrmannplatz/vue-realtime-charts,herrmannplatz,2020-03-08T08:37:29Z
245778651,https://github.com/ryooo13/react_app,ryooo13,2020-03-08T08:32:21Z
245781630,https://github.com/aaronlamvn/demo-project-react-router-with-hooks,aaronlamvn,2020-03-08T08:55:32Z
245777928,https://github.com/andrew-hc/nodejs-dependency-validator,andrew-hc,2020-03-08T08:26:18Z
245781722,https://github.com/tsunashima-coffee/shitsucomi-front,tsunashima-coffee,2020-03-08T08:56:11Z
245780626,https://github.com/zhuhanming/gaming-life,zhuhanming,2020-03-08T08:47:42Z
245779758,https://github.com/evincarr/JavaScript-Projects,evincarr,2020-03-08T08:41:15Z
245780122,https://github.com/steven-r/yup-i18n-de,steven-r,2020-03-08T08:44:01Z
245780096,https://github.com/likeclem30/GuessNumber,likeclem30,2020-03-08T08:43:49Z
245778277,https://github.com/java-IO/-,java-IO,2020-03-08T08:29:25Z
245779008,https://github.com/SCOTTY0101/While-loop,SCOTTY0101,2020-03-08T08:35:25Z
245779202,https://github.com/oodmumc3/bithumb-trading-volume,oodmumc3,2020-03-08T08:37:01Z
245774958,https://github.com/devandreyilin/parser_vk.php,devandreyilin,2020-03-08T08:01:41Z
245776407,https://github.com/saefullohmaslul/React-From-Scratch,saefullohmaslul,2020-03-08T08:13:50Z
245777265,https://github.com/shubhangi9886/Counter-aap,shubhangi9886,2020-03-08T08:20:31Z
245781089,https://github.com/andychiare/cookie-alert-demo,andychiare,2020-03-08T08:51:09Z
245775569,https://github.com/bachhm-dev/react-native,bachhm-dev,2020-03-08T08:06:44Z
245776319,https://github.com/amradelata/full-CRUD-ajax-app-relode-with-disin-,amradelata,2020-03-08T08:13:12Z
245777908,https://github.com/Tatiana-256/Home-page-work,Tatiana-256,2020-03-08T08:26:05Z
245778761,https://github.com/radus94/home-work-12,radus94,2020-03-08T08:33:17Z
245778413,https://github.com/Anonymous390/Sling-shot,Anonymous390,2020-03-08T08:30:22Z
245775536,https://github.com/dogsoclopp/my-first-node-js,dogsoclopp,2020-03-08T08:06:30Z
245775977,https://github.com/Shreeya-27/Dice-Roll,Shreeya-27,2020-03-08T08:10:17Z
245777145,https://github.com/iamsonal/lwc-axios,iamsonal,2020-03-08T08:19:33Z
245777334,https://github.com/SHoruh/iteration-process,SHoruh,2020-03-08T08:21:14Z
245778117,https://github.com/TuanVu321/remote-tv,TuanVu321,2020-03-08T08:27:58Z
245776269,https://github.com/Syauqi-ty/abdul-mobile,Syauqi-ty,2020-03-08T08:12:48Z
245777814,https://github.com/EasonLiu0913/test-ccc,EasonLiu0913,2020-03-08T08:25:13Z
245781741,https://github.com/saidur-rahman1/js-battleship,saidur-rahman1,2020-03-08T08:56:22Z
245780864,https://github.com/nigel-stewart/vs-code-to-windows-terminal-scheme,nigel-stewart,2020-03-08T08:49:25Z
245780034,https://github.com/tingcar/Learning_Projects,tingcar,2020-03-08T08:43:22Z
245781636,https://github.com/denvercoder/mcseedexplorer,denvercoder,2020-03-08T08:55:34Z
245780736,https://github.com/FACN8/Wazzafak,FACN8,2020-03-08T08:48:35Z
245778450,https://github.com/hsgw/webhid_qmk,hsgw,2020-03-08T08:30:36Z
245779079,https://github.com/FraserTooth/docker_getting_started,FraserTooth,2020-03-08T08:35:52Z
245780628,https://github.com/alexe0110/django_huadi,alexe0110,2020-03-08T08:47:43Z
245776532,https://github.com/lmnnarciso/react-redux-saga-tutorial,lmnnarciso,2020-03-08T08:15:00Z
245781454,https://github.com/shaikhsdf/chatbot,shaikhsdf,2020-03-08T08:54:11Z
245775418,https://github.com/kotetehtt/kotetehtt.github.io,kotetehtt,2020-03-08T08:05:23Z
245776204,https://github.com/RianKhanafi/mobile-personalApps,RianKhanafi,2020-03-08T08:12:16Z
245780454,https://github.com/shrikantgond/demo_kkw,shrikantgond,2020-03-08T08:46:26Z
245780841,https://github.com/danagain/react-website,danagain,2020-03-08T08:49:19Z
245775773,https://github.com/abhi-parmar/CodeShastra6.0-VATS,abhi-parmar,2020-03-08T08:08:26Z
245780545,https://github.com/GIMPASOT202A/step1,GIMPASOT202A,2020-03-08T08:47:10Z
245777636,https://github.com/AnshiAggarwal/weather-app,AnshiAggarwal,2020-03-08T08:23:49Z
245777277,https://github.com/sum1els3/sample-nodejs,sum1els3,2020-03-08T08:20:40Z
245775426,https://github.com/soumyaevan/WebdriverIOTutorial,soumyaevan,2020-03-08T08:05:25Z
245781309,https://github.com/SetSailYu/Asp.Net_Core_MVC_Test1,SetSailYu,2020-03-08T08:53:01Z
245777191,https://github.com/davidloco/Programas,davidloco,2020-03-08T08:19:54Z
245776438,https://github.com/sangkukbae/react-final-form,sangkukbae,2020-03-08T08:14:08Z
245777812,https://github.com/mchtctn/react-counter-app,mchtctn,2020-03-08T08:25:11Z
245775120,https://github.com/OmarIbrahim991/markdown-previewer,OmarIbrahim991,2020-03-08T08:03:07Z
245779278,https://github.com/jaysonleal/learning-react,jaysonleal,2020-03-08T08:37:35Z
245780184,https://github.com/antiquehj/nomad_todo,antiquehj,2020-03-08T08:44:32Z
245781548,https://github.com/DarkDisasters/temporalPCA,DarkDisasters,2020-03-08T08:54:54Z
245779458,https://github.com/Abbbbbbbbbbbhi/HW11-Express,Abbbbbbbbbbbhi,2020-03-08T08:38:52Z
245774965,https://github.com/oblily/excel-aws-add-in-visualstudio-code,oblily,2020-03-08T08:01:43Z
245776582,https://github.com/RamMahe1110/KINGSLEY-ROWE-FRONTEND-WEB,RamMahe1110,2020-03-08T08:15:22Z
245777527,https://github.com/sjj122/Small_programdemo,sjj122,2020-03-08T08:22:54Z
245779297,https://github.com/Maks0bs/reactTestsJS,Maks0bs,2020-03-08T08:37:41Z
245775304,https://github.com/vanduc2514/demo-oopJS-ninjaLeadRacing,vanduc2514,2020-03-08T08:04:28Z
245777405,https://github.com/Thevyansh/notes-app,Thevyansh,2020-03-08T08:21:51Z
245777554,https://github.com/bhargavkanda/ecom-platform,bhargavkanda,2020-03-08T08:23:06Z
245777654,https://github.com/MrZhou-jj/mimall,MrZhou-jj,2020-03-08T08:24:02Z
245780775,https://github.com/MaxJeong/exercise-tracker,MaxJeong,2020-03-08T08:48:49Z
245777633,https://github.com/Kotfil/Ignat_task,Kotfil,2020-03-08T08:23:49Z
245780780,https://github.com/Leon-1122/KujiAdmin,Leon-1122,2020-03-08T08:48:53Z
245780099,https://github.com/KieraDEV/Pyron,KieraDEV,2020-03-08T08:43:50Z
245779393,https://github.com/barceolga/hooksCourse,barceolga,2020-03-08T08:38:23Z
245778715,https://github.com/HelloKowshik/issue-tracker,HelloKowshik,2020-03-08T08:32:49Z
245779428,https://github.com/cedric28/learning-react,cedric28,2020-03-08T08:38:39Z
245782167,https://github.com/zkldaddy/zkldaddy.github.io,zkldaddy,2020-03-08T08:59:40Z
245780990,https://github.com/jackjjzh/platform,jackjjzh,2020-03-08T08:50:26Z
245775041,https://github.com/YashJipkate/my-first-app,YashJipkate,2020-03-08T08:02:28Z
245775975,https://github.com/swapypatil/github-actions-for-ci,swapypatil,2020-03-08T08:10:16Z
245775723,https://github.com/yokattasama/react-practice,yokattasama,2020-03-08T08:07:58Z
245778909,https://github.com/rati-dzidziguri/xo-b3332643-0545-4dc5-8386-e778900fa145,rati-dzidziguri,2020-03-08T08:34:33Z
245781501,https://github.com/hui0518/movie-react,hui0518,2020-03-08T08:54:33Z
245779845,https://github.com/theone98/Upside-Down-Full-stack-Devp.-Project-,theone98,2020-03-08T08:41:57Z
245780350,https://github.com/DJTwoTone/Todo-List,DJTwoTone,2020-03-08T08:45:36Z
245778377,https://github.com/xuhaofeng1927/hkzf-project,xuhaofeng1927,2020-03-08T08:30:04Z
245775337,https://github.com/AnalistaProgrammatore/esercizi-javascript-05-03-AldoCar,AnalistaProgrammatore,2020-03-08T08:04:42Z
245780555,https://github.com/Marshu668/hkzf-react-mobile,Marshu668,2020-03-08T08:47:17Z
245779757,https://github.com/0-yy-0/wxapp,0-yy-0,2020-03-08T08:41:15Z
245780655,https://github.com/atko87/Form-Validator-Intro-,atko87,2020-03-08T08:47:56Z
245781659,https://github.com/malienist/reactdemo,malienist,2020-03-08T08:55:42Z
245779857,https://github.com/lgsandy/SchoolClintApp,lgsandy,2020-03-08T08:42:03Z
245776953,https://github.com/SHoruh/recursion,SHoruh,2020-03-08T08:17:55Z
245779538,https://github.com/Andonee/bookshelf-app,Andonee,2020-03-08T08:39:35Z
245776816,https://github.com/kanaiyabhanu/SongsAPI,kanaiyabhanu,2020-03-08T08:16:50Z
245780546,https://github.com/Yarkin13/human-readable-number,Yarkin13,2020-03-08T08:47:11Z
245775533,https://github.com/swapnil-bhamat/to-do,swapnil-bhamat,2020-03-08T08:06:30Z
245778346,https://github.com/mickykebe/egghead-todo-netlify-fauna,mickykebe,2020-03-08T08:29:54Z
245778408,https://github.com/ValentinFed/fetch__08.03,ValentinFed,2020-03-08T08:30:20Z
245778203,https://github.com/blueink-bkk/237-blue-update,blueink-bkk,2020-03-08T08:28:45Z
245780982,https://github.com/jordanph/unioracle,jordanph,2020-03-08T08:50:22Z
245779207,https://github.com/vxncetxn/nori,vxncetxn,2020-03-08T08:37:03Z
245779609,https://github.com/djaffer/Random-Flickr,djaffer,2020-03-08T08:40:04Z
245779299,https://github.com/Markov88/wireframe,Markov88,2020-03-08T08:37:43Z
245780569,https://github.com/maritzalopez/plotly-challenge,maritzalopez,2020-03-08T08:47:21Z
245778189,https://github.com/leond08/pisokonek-ui,leond08,2020-03-08T08:28:38Z
245776921,https://github.com/mandee-onine/Calculator,mandee-onine,2020-03-08T08:17:45Z
245775871,https://github.com/GIMPASOT202A/TUTORIALS,GIMPASOT202A,2020-03-08T08:09:22Z
245780366,https://github.com/locol23/learn-rome,locol23,2020-03-08T08:45:47Z
245782109,https://github.com/palvikas5/image-list,palvikas5,2020-03-08T08:59:16Z
245778936,https://github.com/codetest/kbone-typescript,codetest,2020-03-08T08:34:49Z
245776832,https://github.com/Madhavic1/Eat-Da-Burger-Restaurant-App,Madhavic1,2020-03-08T08:16:59Z
245775905,https://github.com/zzzaim/blank-node,zzzaim,2020-03-08T08:09:38Z
245778140,https://github.com/vSterlin/Catabase,vSterlin,2020-03-08T08:28:12Z
245781043,https://github.com/kyleseto2/kyleseto2.github.io,kyleseto2,2020-03-08T08:50:50Z
245780495,https://github.com/xuwuben-china/some-util,xuwuben-china,2020-03-08T08:46:46Z
245774723,https://github.com/abhishek305/sendGrid-Nodejs,abhishek305,2020-03-08T08:00:00Z
245775877,https://github.com/tailim123/brasomon,tailim123,2020-03-08T08:09:24Z
245778940,https://github.com/skybye02/positivity,skybye02,2020-03-08T08:34:50Z
245780078,https://github.com/penghuachen/jQueryTodoList,penghuachen,2020-03-08T08:43:42Z
245778785,https://github.com/rati-dzidziguri/xo-f8d924a5-b29a-4fb0-a848-4f0ad681ef08,rati-dzidziguri,2020-03-08T08:33:31Z
245777910,https://github.com/pegasusmob/cookingsubscribe.github.io,pegasusmob,2020-03-08T08:26:07Z
245780168,https://github.com/sihe212/sihe212.github.io,sihe212,2020-03-08T08:44:27Z
245777173,https://github.com/abdelrahmanABE/module_4,abdelrahmanABE,2020-03-08T08:19:47Z
245777678,https://github.com/minhho89/funix-web-pj3,minhho89,2020-03-08T08:24:12Z
245779046,https://github.com/taidanniel/TESTNeversitup,taidanniel,2020-03-08T08:35:39Z
245779939,https://github.com/park971124/NODE-JS-TextBook,park971124,2020-03-08T08:42:35Z
245781512,https://github.com/applemasterz17/movie_app,applemasterz17,2020-03-08T08:54:39Z
245778769,https://github.com/Prachi95/Blog-app,Prachi95,2020-03-08T08:33:21Z
245778421,https://github.com/s-haya-123/pdf-comic-viewer,s-haya-123,2020-03-08T08:30:25Z
245775045,https://github.com/inblack67/Algorithms-Data-Structures-JS,inblack67,2020-03-08T08:02:32Z
245780701,https://github.com/dennise909/googleAPI_testing,dennise909,2020-03-08T08:48:17Z
245777965,https://github.com/vikramjain09/new-repo-for-npm,vikramjain09,2020-03-08T08:26:41Z
245781237,https://github.com/minhtrih/LetterForYou,minhtrih,2020-03-08T08:52:22Z
245778864,https://github.com/shubhangi9886/Button,shubhangi9886,2020-03-08T08:34:08Z
245779430,https://github.com/ugurctaygun/canvas-maze,ugurctaygun,2020-03-08T08:38:40Z
245778788,https://github.com/rve-git/git-social-network,rve-git,2020-03-08T08:33:32Z
245780836,https://github.com/ymayers/first_project,ymayers,2020-03-08T08:49:16Z
245776015,https://github.com/orwells-ghost/share-my-place,orwells-ghost,2020-03-08T08:10:32Z
245775292,https://github.com/jhonbryanjinang/brasomon,jhonbryanjinang,2020-03-08T08:04:22Z
245776328,https://github.com/tal2k4xj/nodejs-microservice,tal2k4xj,2020-03-08T08:13:19Z
245776839,https://github.com/tantan31418/EdormWasherBot,tantan31418,2020-03-08T08:17:04Z
245779309,https://github.com/zachsa/msc-2018-couchapps,zachsa,2020-03-08T08:37:47Z
245781107,https://github.com/beef-or-noodles/plugin_demo,beef-or-noodles,2020-03-08T08:51:18Z
245777649,https://github.com/jidan745le/CORS-demonstration,jidan745le,2020-03-08T08:23:55Z
245775690,https://github.com/santoshvijapure/url-shrinker,santoshvijapure,2020-03-08T08:07:44Z
245780050,https://github.com/rangi-ruru-girls-school/digitech-coding,rangi-ruru-girls-school,2020-03-08T08:43:29Z
245775815,https://github.com/fridaysunnyd/Front-end-knowledge-quick-check,fridaysunnyd,2020-03-08T08:08:45Z