109624323,https://github.com/Chevereto/installer,Chevereto,2017-11-05T23:05:19Z
109625643,https://github.com/seeker1983/google-drive-upload-download-image,seeker1983,2017-11-05T23:32:01Z
109624712,https://github.com/RobinTheHood/Terminal,RobinTheHood,2017-11-05T23:13:42Z
109624157,https://github.com/nswitzer/d8_starter,nswitzer,2017-11-05T23:01:54Z
109624533,https://github.com/TanukaN/PDO,TanukaN,2017-11-05T23:10:05Z
109625221,https://github.com/krhemanth/pdoproject1,krhemanth,2017-11-05T23:23:25Z
109625547,https://github.com/nikdow/uploads-spelfabet,nikdow,2017-11-05T23:29:50Z
109624716,https://github.com/Bartpy/PAI,Bartpy,2017-11-05T23:13:48Z
109626826,https://github.com/HenriqueFernandes/php,HenriqueFernandes,2017-11-05T23:55:41Z
109624276,https://github.com/givdapps/GivDapps,givdapps,2017-11-05T23:04:14Z
109624961,https://github.com/GRAnimated/Fireboard2,GRAnimated,2017-11-05T23:18:33Z
109624652,https://github.com/huguera10/website-laravel,huguera10,2017-11-05T23:12:27Z
109624640,https://github.com/adelgadorioja/batallaNaval,adelgadorioja,2017-11-05T23:12:10Z
109625049,https://github.com/marzi974/laramap,marzi974,2017-11-05T23:20:04Z
109626877,https://github.com/surabhithakare2128/pdo,surabhithakare2128,2017-11-05T23:56:45Z
109624336,https://github.com/gtormo/UserManagment,gtormo,2017-11-05T23:05:35Z
109626251,https://github.com/Lorkas-Team/codeExamples,Lorkas-Team,2017-11-05T23:43:43Z
109624539,https://github.com/Dykyi/PhpCalcCI,Dykyi,2017-11-05T23:10:08Z
109624428,https://github.com/josusols/Corto-3-Solis-Rodriguez-,josusols,2017-11-05T23:07:35Z
109625546,https://github.com/shazaman23/portfolio,shazaman23,2017-11-05T23:29:50Z
109624948,https://github.com/seancosgrove/scozyspizza,seancosgrove,2017-11-05T23:18:24Z
109624074,https://github.com/adamin/g4m,adamin,2017-11-05T23:00:27Z
109626525,https://github.com/mayusa/ashublog,mayusa,2017-11-05T23:49:18Z
109624658,https://github.com/mobilkiwfis/PrivateLessonsService,mobilkiwfis,2017-11-05T23:12:33Z
109624611,https://github.com/josusols/Corto-4-Solis-Chavez-,josusols,2017-11-05T23:11:34Z
109626592,https://github.com/Dubsnectar/phpmyadmin,Dubsnectar,2017-11-05T23:50:35Z
109625735,https://github.com/suavid/SystemCore,suavid,2017-11-05T23:33:45Z
109624946,https://github.com/m-f-1998/database_transactions,m-f-1998,2017-11-05T23:18:23Z
109624506,https://github.com/fokushimasan/phpavancadocomoo,fokushimasan,2017-11-05T23:09:37Z
109625682,https://github.com/vidyakv30/Week7_pdo,vidyakv30,2017-11-05T23:32:42Z
109625861,https://github.com/robertocrlp/Butu,robertocrlp,2017-11-05T23:36:21Z
109624473,https://github.com/got7s/xdd,got7s,2017-11-05T23:08:34Z