48952569,https://github.com/mnabialek/laravel-modular,mnabialek,2016-01-03T16:27:44Z
48953025,https://github.com/adamoutler/RaspberryPiGPIOControl,adamoutler,2016-01-03T16:42:11Z
48952853,https://github.com/maxkirchoff/isitsnowinginpdx,maxkirchoff,2016-01-03T16:36:52Z
48951815,https://github.com/hedukor/hedukor.com,hedukor,2016-01-03T16:03:46Z
48952122,https://github.com/ronaldfalcao/novidades-php7,ronaldfalcao,2016-01-03T16:13:26Z
48952418,https://github.com/bumptakayuki/DreamMarket,bumptakayuki,2016-01-03T16:22:40Z
48952710,https://github.com/lecuong732/demo_github,lecuong732,2016-01-03T16:31:50Z
48953484,https://github.com/laniley/meethub_backend,laniley,2016-01-03T16:56:23Z
48952156,https://github.com/salvarubiomartinez/esad_php,salvarubiomartinez,2016-01-03T16:14:27Z
48953191,https://github.com/mimikm/nauka,mimikm,2016-01-03T16:47:14Z
48952890,https://github.com/stubbles/stubbles-streams,stubbles,2016-01-03T16:37:55Z
48952910,https://github.com/tsubo/bug_tracker,tsubo,2016-01-03T16:38:20Z
48952311,https://github.com/LVPlayground/bot-saber,LVPlayground,2016-01-03T16:19:09Z
48952801,https://github.com/qk514112/PhpProject1,qk514112,2016-01-03T16:35:06Z
48952753,https://github.com/gcapo/news_php,gcapo,2016-01-03T16:33:37Z
48952096,https://github.com/kaattt/BazyDanych,kaattt,2016-01-03T16:12:21Z