3621132,https://github.com/vernes/PHPReport,vernes,2012-03-04T20:55:04Z
3620987,https://github.com/AkademiskaSangforeningen/Akademiska-Sangforeningens-intranat,AkademiskaSangforeningen,2012-03-04T20:32:04Z
3620950,https://github.com/dourouc05/TcIndexBundle,dourouc05,2012-03-04T20:27:56Z
3620797,https://github.com/linqiu/Startupbus_Stockticker,linqiu,2012-03-04T20:06:57Z
3621080,https://github.com/jomaras/Scholar,jomaras,2012-03-04T20:46:33Z