109446153,https://github.com/WordPressUtilities/wpusimilar,WordPressUtilities,2017-11-03T21:54:24Z
109443241,https://github.com/creativewave/ps-cwcartrulelabel,creativewave,2017-11-03T21:11:18Z
109444331,https://github.com/ymclinux/dclamp,ymclinux,2017-11-03T21:26:50Z
109445646,https://github.com/jennulrich/tplogin_php,jennulrich,2017-11-03T21:46:00Z
109445071,https://github.com/agnescunha/hotel,agnescunha,2017-11-03T21:36:37Z
109443062,https://github.com/foof/holmstrom.me,foof,2017-11-03T21:08:48Z
109443386,https://github.com/algm/mss,algm,2017-11-03T21:13:07Z
109444551,https://github.com/drvelasquezq/adminpracticaaplicada,drvelasquezq,2017-11-03T21:29:56Z
109444619,https://github.com/Nishanthprabhu2/Morris-charts,Nishanthprabhu2,2017-11-03T21:30:37Z
109443614,https://github.com/batherto/phpfirstproject,batherto,2017-11-03T21:16:07Z
109446478,https://github.com/simison/WikimediaCommonsPotdWpLogin,simison,2017-11-03T21:59:15Z
109443825,https://github.com/AlexNiko01/urg,AlexNiko01,2017-11-03T21:19:20Z
109443795,https://github.com/CuBoulder/promotionentity,CuBoulder,2017-11-03T21:18:51Z
109446168,https://github.com/FiskFuji/cst336_project,FiskFuji,2017-11-03T21:54:39Z
109444300,https://github.com/agharium/estoque-de-moveis,agharium,2017-11-03T21:26:23Z
109442894,https://github.com/sambit-mhptr/form-ajax-submit-with-core-php,sambit-mhptr,2017-11-03T21:06:38Z
109444590,https://github.com/fredp1edu/web-calendar_json,fredp1edu,2017-11-03T21:30:17Z
109445476,https://github.com/nathanjosiah/wpcw-certificate-editor,nathanjosiah,2017-11-03T21:43:32Z
109446144,https://github.com/icfeavoir/ajcAppBackend,icfeavoir,2017-11-03T21:54:13Z
109445076,https://github.com/fliegen-tech/br,fliegen-tech,2017-11-03T21:36:42Z
109443128,https://github.com/abrandao/brindes,abrandao,2017-11-03T21:09:45Z
109442843,https://github.com/pantz/orm,pantz,2017-11-03T21:05:54Z
109443707,https://github.com/n1ceS/Myworld,n1ceS,2017-11-03T21:17:37Z
109446093,https://github.com/rossanorb/reserva_salas,rossanorb,2017-11-03T21:53:27Z
109446313,https://github.com/reale-nicolas/debondi,reale-nicolas,2017-11-03T21:56:28Z
109443650,https://github.com/lisiujaw/gnomes,lisiujaw,2017-11-03T21:16:47Z
109444821,https://github.com/cclair12/php-revamp,cclair12,2017-11-03T21:32:59Z
109443669,https://github.com/nicolasdewez/competRunning,nicolasdewez,2017-11-03T21:17:05Z
109444406,https://github.com/erab17/Anax-Flat,erab17,2017-11-03T21:27:53Z
109446397,https://github.com/ProgRafa/PHP-DAO,ProgRafa,2017-11-03T21:57:52Z
109446181,https://github.com/mjfauzy/laravel-basic-tutorialspoint,mjfauzy,2017-11-03T21:54:54Z
109443084,https://github.com/androrim/stormteck-assessment,androrim,2017-11-03T21:09:15Z