137087445,https://github.com/damnever/goctl,damnever,2018-06-12T14:55:45Z
137084221,https://github.com/phocs/vde_plug_docker,phocs,2018-06-12T14:31:51Z
137085787,https://github.com/aderraik/httpredirect,aderraik,2018-06-12T14:43:25Z
137081512,https://github.com/hstruebe/gochain,hstruebe,2018-06-12T14:12:48Z
137086138,https://github.com/aevox/go-teemoproject,aevox,2018-06-12T14:45:53Z
137084220,https://github.com/filipovi/event-message-consumer,filipovi,2018-06-12T14:31:51Z
137086670,https://github.com/virmani/go-aaapi-server,virmani,2018-06-12T14:49:54Z
137082121,https://github.com/xrrrx1/Go-Graphql-React,xrrrx1,2018-06-12T14:17:04Z
137084835,https://github.com/lanshenjialidun/Golang-Learning,lanshenjialidun,2018-06-12T14:36:26Z
137081204,https://github.com/sicher/defold-moony-gems,sicher,2018-06-12T14:10:36Z
137084412,https://github.com/bncbodrogi/go.generate.csv,bncbodrogi,2018-06-12T14:33:18Z
137087742,https://github.com/dimaqq/go-without-for,dimaqq,2018-06-12T14:58:07Z
137087750,https://github.com/r-medina/climatic,r-medina,2018-06-12T14:58:10Z
137082841,https://github.com/andrepinto/hzcheck,andrepinto,2018-06-12T14:22:09Z
137081583,https://github.com/moonwalker/logger,moonwalker,2018-06-12T14:13:14Z
137086066,https://github.com/MozyOk/go-safari,MozyOk,2018-06-12T14:45:18Z
137087564,https://github.com/roamer7038/go-distribution,roamer7038,2018-06-12T14:56:43Z
137080977,https://github.com/nayzawoo/datetime,nayzawoo,2018-06-12T14:08:55Z
137083346,https://github.com/donnffd/mongo_go_rest,donnffd,2018-06-12T14:25:48Z
137085480,https://github.com/tomoyat1/yet-another-todo-app,tomoyat1,2018-06-12T14:41:11Z
137083148,https://github.com/nosixtools/dingtalk-chatbot-go,nosixtools,2018-06-12T14:24:20Z
137080512,https://github.com/SGZW/zw6.824-2018,SGZW,2018-06-12T14:04:58Z
137085675,https://github.com/wangshuai90/the-way-to-go_ZH_CN,wangshuai90,2018-06-12T14:42:40Z
137085248,https://github.com/arck123/go,arck123,2018-06-12T14:39:22Z
137082411,https://github.com/sdminonne/crd-webhook,sdminonne,2018-06-12T14:19:04Z