2448688,https://github.com/paulaoliveira/paulaoliveira.github.com,paulaoliveira,2011-09-24T06:59:35Z
2448649,https://github.com/jfly/Hackathon2011,jfly,2011-09-24T06:41:14Z
2448556,https://github.com/dvberkel/luminis-renderer,dvberkel,2011-09-24T06:01:36Z
2448676,https://github.com/yiannisk/Dynamic.js,yiannisk,2011-09-24T06:54:24Z
2448673,https://github.com/thejdev/thejdev.com,thejdev,2011-09-24T06:54:13Z
2448654,https://github.com/phated/jquery-df-calc,phated,2011-09-24T06:44:16Z