151327938,https://github.com/estrattonbailey/poppy,estrattonbailey,2018-10-02T21:48:35Z
151325161,https://github.com/Autodesk/biomolecular-design-database,Autodesk,2018-10-02T21:22:00Z
151326325,https://github.com/ssbc/ssb-device-address,ssbc,2018-10-02T21:33:14Z
151328138,https://github.com/moltimate/moltimate-frontend,moltimate,2018-10-02T21:50:44Z
151327958,https://github.com/energychain/CorrentlyWallet,energychain,2018-10-02T21:48:47Z
151325846,https://github.com/markbmullins/CordTrax-Discord-Bot,markbmullins,2018-10-02T21:29:01Z
151323001,https://github.com/enieber/batch,enieber,2018-10-02T21:01:53Z
151326230,https://github.com/roigme/DinnerBell,roigme,2018-10-02T21:32:23Z
151326247,https://github.com/pilotbe2man/anime,pilotbe2man,2018-10-02T21:32:33Z
151323711,https://github.com/teddynted/aws-cognito-user-authentication,teddynted,2018-10-02T21:08:49Z
151328034,https://github.com/jeffprestes/cpsmpa,jeffprestes,2018-10-02T21:49:40Z
151322907,https://github.com/nudoru/s01-habitat,nudoru,2018-10-02T21:01:03Z
151326241,https://github.com/ghuniyu/igracias-auto-survey,ghuniyu,2018-10-02T21:32:28Z
151328498,https://github.com/codelectron/crossbar-game-astray,codelectron,2018-10-02T21:54:42Z
151323780,https://github.com/pintapoff/weaselpromise.js,pintapoff,2018-10-02T21:09:37Z
151326121,https://github.com/elminson/multiplearray_permutations,elminson,2018-10-02T21:31:26Z
151324842,https://github.com/alexdimitrov2000/SIS_HandmadeHTTPServer,alexdimitrov2000,2018-10-02T21:19:14Z
151325372,https://github.com/NonDutch/monthly-meeting-slack-bot,NonDutch,2018-10-02T21:24:12Z
151325920,https://github.com/m59peacemaker/js-topological-sort,m59peacemaker,2018-10-02T21:29:37Z
151326572,https://github.com/DiegoValenciaRoman/EditorColaborativo,DiegoValenciaRoman,2018-10-02T21:35:33Z
151323772,https://github.com/chaosbunker/cryptpad-docker,chaosbunker,2018-10-02T21:09:34Z
151324202,https://github.com/Byzantine-Works/UberDEX,Byzantine-Works,2018-10-02T21:13:20Z
151326030,https://github.com/artdecocode/completest,artdecocode,2018-10-02T21:30:39Z
151323436,https://github.com/mkronenfeld/mkronenfeld-de,mkronenfeld,2018-10-02T21:06:07Z
151325299,https://github.com/cesarrdzs/express-boilerplate-mvc,cesarrdzs,2018-10-02T21:23:20Z
151328619,https://github.com/unshift/levenshtein-match,unshift,2018-10-02T21:56:00Z
151328295,https://github.com/nyvang/continuous-php-deployment,nyvang,2018-10-02T21:52:23Z
151328189,https://github.com/everton0991/react-ebook-store,everton0991,2018-10-02T21:51:20Z
151325949,https://github.com/cannadayr/loan-api,cannadayr,2018-10-02T21:29:56Z
151324531,https://github.com/project2105/clicky-game,project2105,2018-10-02T21:16:16Z
151323244,https://github.com/MattisBtn/expressapi,MattisBtn,2018-10-02T21:04:23Z
151325789,https://github.com/TylerSustare/journal-app,TylerSustare,2018-10-02T21:28:29Z
151326555,https://github.com/zamd/haraka-email-facade,zamd,2018-10-02T21:35:25Z
151326886,https://github.com/bkukhar/fibonachi_numbers,bkukhar,2018-10-02T21:38:43Z
151327879,https://github.com/marianoftes/robofriends,marianoftes,2018-10-02T21:48:00Z
151327607,https://github.com/rajivjagirdar/API-Project,rajivjagirdar,2018-10-02T21:45:22Z
151328775,https://github.com/Flodersdsdsdsdsd/DDDDDDDDDDDDDDDDDx28,Flodersdsdsdsdsd,2018-10-02T21:57:31Z
151328970,https://github.com/Flodersdsdsdsdsd/DDDDDDDDDDDDDDDDDx30,Flodersdsdsdsdsd,2018-10-02T21:59:40Z
151325038,https://github.com/laskeym/socketiochat,laskeym,2018-10-02T21:20:52Z
151324191,https://github.com/vivekvaishnani/react-NYT-articles,vivekvaishnani,2018-10-02T21:13:13Z
151327751,https://github.com/dfamilk/ripeIO_McDonalds,dfamilk,2018-10-02T21:46:35Z
151325476,https://github.com/austriker27/slatarian-snacks-vue,austriker27,2018-10-02T21:25:09Z
151325922,https://github.com/stevecaldwell77/hebo-notification-handler-sns,stevecaldwell77,2018-10-02T21:29:40Z
151325682,https://github.com/stevecaldwell77/hebo-event-repository-dynamodb,stevecaldwell77,2018-10-02T21:27:18Z
151324549,https://github.com/inosy22/react-redux-test-example,inosy22,2018-10-02T21:16:23Z
151323346,https://github.com/kennethtran91/MadMath,kennethtran91,2018-10-02T21:05:07Z
151323543,https://github.com/rendnil/Mod3-Final-Project,rendnil,2018-10-02T21:07:10Z
151323566,https://github.com/danovity/picmeup-client,danovity,2018-10-02T21:07:29Z
151324064,https://github.com/fellipetenorio/blockchainnd-restfulapi,fellipetenorio,2018-10-02T21:12:02Z
151322982,https://github.com/juanse962/ChatbotIT,juanse962,2018-10-02T21:01:43Z
151325258,https://github.com/JSoifer/sudoku,JSoifer,2018-10-02T21:22:56Z
151328884,https://github.com/Aglaevdz/Aglaevdz.github.io,Aglaevdz,2018-10-02T21:58:38Z
151324718,https://github.com/dwilson3/RestApi,dwilson3,2018-10-02T21:17:58Z
151324365,https://github.com/BiTies/painted-paws,BiTies,2018-10-02T21:14:37Z
151326816,https://github.com/AmirHosseinifar/bulletin-board,AmirHosseinifar,2018-10-02T21:37:59Z
151328488,https://github.com/GuidovdRiet/next-blog,GuidovdRiet,2018-10-02T21:54:35Z
151328517,https://github.com/postalPain/AssigmentProject,postalPain,2018-10-02T21:54:50Z
151328645,https://github.com/DarricAlexander/Hangman,DarricAlexander,2018-10-02T21:56:11Z
151328667,https://github.com/tcuneo/pacdog,tcuneo,2018-10-02T21:56:23Z
151324155,https://github.com/Yamazaki93/JIRA-Service-Desk-Share-With-Customer-Customization,Yamazaki93,2018-10-02T21:12:53Z
151324165,https://github.com/jyi428/react-portfolio,jyi428,2018-10-02T21:13:00Z
151323654,https://github.com/potsdambearcon/potsdambearcon,potsdambearcon,2018-10-02T21:08:11Z
151323715,https://github.com/abdulroc1/dream,abdulroc1,2018-10-02T21:08:53Z
151323742,https://github.com/Keuchsieu/quizGen,Keuchsieu,2018-10-02T21:09:12Z
151327017,https://github.com/tickstudiu/vue-firebase,tickstudiu,2018-10-02T21:39:47Z
151326815,https://github.com/brennanclark/TinyApp,brennanclark,2018-10-02T21:37:58Z
151326058,https://github.com/kevinbandy/breweryList,kevinbandy,2018-10-02T21:30:56Z
151327380,https://github.com/Flodersdsdsdsdsd/DDDDDDDDDDDDDDDDDx17,Flodersdsdsdsdsd,2018-10-02T21:43:05Z
151325731,https://github.com/drawwithcode/2018-02-TheOnlyDeer,drawwithcode,2018-10-02T21:27:53Z
151323234,https://github.com/jplwood/learning-the-things,jplwood,2018-10-02T21:04:14Z
151324436,https://github.com/MarioKrstevski/GoodVsBadCode-Presentation,MarioKrstevski,2018-10-02T21:15:20Z
151327981,https://github.com/felipeferreiraads/jmalucelli,felipeferreiraads,2018-10-02T21:49:00Z
151327836,https://github.com/TMPHAM1/coffeeandcode,TMPHAM1,2018-10-02T21:47:31Z
151323175,https://github.com/MSzeTu/Curtain_Fire,MSzeTu,2018-10-02T21:03:34Z
151325785,https://github.com/geoerika/TinyApp,geoerika,2018-10-02T21:28:28Z
151325795,https://github.com/stevecaldwell77/hebo-snapshot-repository-s3,stevecaldwell77,2018-10-02T21:28:34Z
151324229,https://github.com/nickfp1985/nytreact,nickfp1985,2018-10-02T21:13:35Z
151328556,https://github.com/nbunner-personal/avm-wordpress-test,nbunner-personal,2018-10-02T21:55:20Z
151324206,https://github.com/lambda8421/progress-upload,lambda8421,2018-10-02T21:13:22Z
151324254,https://github.com/cmarkwell/wave-tv,cmarkwell,2018-10-02T21:13:44Z
151326570,https://github.com/noopuram/Day2Array,noopuram,2018-10-02T21:35:31Z
151323994,https://github.com/M4dNation/data-manufactory,M4dNation,2018-10-02T21:11:18Z
151324138,https://github.com/filipCurcic/Bookmarker,filipCurcic,2018-10-02T21:12:43Z
151325083,https://github.com/maxchernin/petshepherd,maxchernin,2018-10-02T21:21:15Z
151325945,https://github.com/raghavareddyc/HTML-CSS-JS,raghavareddyc,2018-10-02T21:29:54Z
151327463,https://github.com/mchaconTechtonic/library-platform,mchaconTechtonic,2018-10-02T21:43:54Z
151325107,https://github.com/raghavareddyc/React-AddPosts,raghavareddyc,2018-10-02T21:21:29Z
151325254,https://github.com/fantypants/Phoenix-React-Boot,fantypants,2018-10-02T21:22:51Z
151325479,https://github.com/elizabethc10/module5-solution,elizabethc10,2018-10-02T21:25:10Z
151324308,https://github.com/makennawold/makennas-madlib-project,makennawold,2018-10-02T21:14:05Z
151328612,https://github.com/Dysplexus/SRP,Dysplexus,2018-10-02T21:55:56Z
151323350,https://github.com/tang-suzi/nodejs,tang-suzi,2018-10-02T21:05:09Z
151323461,https://github.com/yura-yatseyko/todo-api,yura-yatseyko,2018-10-02T21:06:23Z
151327665,https://github.com/someError/waves-task,someError,2018-10-02T21:45:50Z
151328505,https://github.com/jplabadie/covermi,jplabadie,2018-10-02T21:54:44Z
151328912,https://github.com/EricOlaf/raw-trails,EricOlaf,2018-10-02T21:58:55Z
151328985,https://github.com/merielleimpreso/codility-lessons,merielleimpreso,2018-10-02T21:59:49Z
151326532,https://github.com/tebaker/CMPS160,tebaker,2018-10-02T21:35:12Z
151325461,https://github.com/grosaict/margille-1st-version,grosaict,2018-10-02T21:24:57Z
151326844,https://github.com/lavieenrosy/tinyapp,lavieenrosy,2018-10-02T21:38:15Z
151327784,https://github.com/Flodersdsdsdsdsd/DDDDDDDDDDDDDDDDDx23,Flodersdsdsdsdsd,2018-10-02T21:46:59Z
151327980,https://github.com/TeodorIsaacs/SpotifyWebApp,TeodorIsaacs,2018-10-02T21:48:59Z
151327615,https://github.com/MaggieWalker/Ambient2,MaggieWalker,2018-10-02T21:45:26Z
151327032,https://github.com/jamesMeier/GTM,jamesMeier,2018-10-02T21:39:56Z
151325842,https://github.com/KamenkoAlexandr/Godel-Test-Room-Timer,KamenkoAlexandr,2018-10-02T21:28:59Z
151326076,https://github.com/xggax/company,xggax,2018-10-02T21:31:04Z
151327419,https://github.com/rinatsafin/techicalInterviewAssignments,rinatsafin,2018-10-02T21:43:25Z
151327485,https://github.com/iszarb01/groupme-trollbot,iszarb01,2018-10-02T21:44:05Z
151327502,https://github.com/zachjackson/zachjackson.github.io,zachjackson,2018-10-02T21:44:15Z
151323245,https://github.com/JonatasRodriguesReis/AprendendoNodeJs,JonatasRodriguesReis,2018-10-02T21:04:23Z
151325008,https://github.com/tbarmann/electron-tasky,tbarmann,2018-10-02T21:20:34Z
151324831,https://github.com/alertapp-cucuta/alertapp-cucuta.github.io,alertapp-cucuta,2018-10-02T21:19:06Z
151323676,https://github.com/Terence1991/tinyProject,Terence1991,2018-10-02T21:08:25Z
151323123,https://github.com/fshauge/ifi-navet-webcal,fshauge,2018-10-02T21:03:04Z
151325796,https://github.com/IvaTsu/belive_test,IvaTsu,2018-10-02T21:28:35Z
151324731,https://github.com/anselb/story-api,anselb,2018-10-02T21:18:06Z
151324301,https://github.com/TUMxInteractionProgramming/challenges-week-5-ChrissyMaria,TUMxInteractionProgramming,2018-10-02T21:14:03Z
151324098,https://github.com/Benimation/fb-ad-planner,Benimation,2018-10-02T21:12:23Z
151325886,https://github.com/adroit-team/agile-trello,adroit-team,2018-10-02T21:29:21Z
151326085,https://github.com/Rainamay/Lab2_RainaMay,Rainamay,2018-10-02T21:31:07Z
151326096,https://github.com/mcelis13/mod3-frontEnd,mcelis13,2018-10-02T21:31:09Z
151327460,https://github.com/Marangal/blockchain-secured-parcel-service,Marangal,2018-10-02T21:43:52Z
151325168,https://github.com/euyemura/LearnWeek1,euyemura,2018-10-02T21:22:02Z
151325487,https://github.com/robbiejaeger/generic-sensor-magnetometer,robbiejaeger,2018-10-02T21:25:16Z
151323267,https://github.com/jchritton/jc-exercisetracker,jchritton,2018-10-02T21:04:33Z
151323826,https://github.com/jorgerodriguez434/mintgypsygoods.com,jorgerodriguez434,2018-10-02T21:10:00Z
151328621,https://github.com/gtrmonkey/mongodbtodolist,gtrmonkey,2018-10-02T21:56:00Z
151327212,https://github.com/DiscordTools/KaijiBot,DiscordTools,2018-10-02T21:41:29Z
151326203,https://github.com/agatticelli/heroku-jira-webhooks,agatticelli,2018-10-02T21:32:07Z
151325763,https://github.com/nmercky/gatsby-starter-netlify-cms,nmercky,2018-10-02T21:28:14Z
151326460,https://github.com/pawankjada/hw-7,pawankjada,2018-10-02T21:34:32Z
151327799,https://github.com/Flodersdsdsdsdsd/DDDDDDDDDDDDDDDDDx24,Flodersdsdsdsdsd,2018-10-02T21:47:09Z
151327575,https://github.com/hectormendoza18/hectormendoza18.github.io,hectormendoza18,2018-10-02T21:44:58Z
151324527,https://github.com/awo-cato/indecision-app,awo-cato,2018-10-02T21:16:15Z
151324261,https://github.com/IvaTsu/bstqst,IvaTsu,2018-10-02T21:13:47Z
151325764,https://github.com/MattShi/csmastercourses,MattShi,2018-10-02T21:28:15Z
151325813,https://github.com/glopzvega/tallerdjangotec,glopzvega,2018-10-02T21:28:44Z
151323141,https://github.com/vickyjackson/wk15_d2,vickyjackson,2018-10-02T21:03:14Z
151326197,https://github.com/xcensui/ES6-SMS-Emulator,xcensui,2018-10-02T21:32:03Z
151328943,https://github.com/ObliviousCloud/plotly_app_heroku,ObliviousCloud,2018-10-02T21:59:20Z
151328954,https://github.com/shadab97/feed-reader-testing,shadab97,2018-10-02T21:59:28Z
151328615,https://github.com/Flodersdsdsdsdsd/DDDDDDDDDDDDDDDDDx25,Flodersdsdsdsdsd,2018-10-02T21:55:58Z
151324935,https://github.com/RileyHunter/TXLabSite,RileyHunter,2018-10-02T21:20:05Z
151324787,https://github.com/KamenkoAlexandr/Godel-Test-Room-Labyrinth,KamenkoAlexandr,2018-10-02T21:18:37Z
151323040,https://github.com/klodale9491/redcapd,klodale9491,2018-10-02T21:02:17Z
151327468,https://github.com/eemmamartin/eemmamartin.github.io,eemmamartin,2018-10-02T21:43:57Z
151325575,https://github.com/eggplantParmesan/dm_dataGenerator,eggplantParmesan,2018-10-02T21:26:06Z
151325615,https://github.com/EvianTan/web_dev,EvianTan,2018-10-02T21:26:40Z
151325662,https://github.com/jumarinr/put_a_good_app_name_here,jumarinr,2018-10-02T21:27:06Z
151326744,https://github.com/krishna-chandran/ftd-interview,krishna-chandran,2018-10-02T21:37:12Z
151324794,https://github.com/AntonySaputra/Cart-of-Awareness,AntonySaputra,2018-10-02T21:18:40Z
151327253,https://github.com/gonzalezsoriano777/REACT,gonzalezsoriano777,2018-10-02T21:41:52Z
151327309,https://github.com/jubileesoft/ember-meinewelt,jubileesoft,2018-10-02T21:42:23Z
151326158,https://github.com/ssk13/sarahklein,ssk13,2018-10-02T21:31:47Z
151325814,https://github.com/Martex10/warbler-server,Martex10,2018-10-02T21:28:45Z
151327688,https://github.com/ptiloup007/ptiloup007.github.io,ptiloup007,2018-10-02T21:46:03Z
151326616,https://github.com/Aloving/node-jest-env,Aloving,2018-10-02T21:36:00Z
151326651,https://github.com/juniorsk8/js,juniorsk8,2018-10-02T21:36:19Z
151322789,https://github.com/noopuram/ArrayDay2,noopuram,2018-10-02T21:00:08Z
151328140,https://github.com/stevenheffner/ufa-concept-site,stevenheffner,2018-10-02T21:50:44Z
151324926,https://github.com/bluersx03/Jekins,bluersx03,2018-10-02T21:20:01Z
151324205,https://github.com/fantypants/PureReactPlayground,fantypants,2018-10-02T21:13:22Z
151325856,https://github.com/koandamb01/JAVA-FUNDAMENTAL,koandamb01,2018-10-02T21:29:04Z
151325988,https://github.com/DannyV99/memoryGame,DannyV99,2018-10-02T21:30:16Z
151327543,https://github.com/osbrowncoles/osbrowncoles.github.io,osbrowncoles,2018-10-02T21:44:35Z
151328778,https://github.com/facundofpaz/eJSimp,facundofpaz,2018-10-02T21:57:33Z
151323593,https://github.com/ConorMoschella/TrainSchedule,ConorMoschella,2018-10-02T21:07:44Z
151323177,https://github.com/ZoeKavanagh/ReduxSimpleStarter,ZoeKavanagh,2018-10-02T21:03:34Z
151323188,https://github.com/howardop/Project-5---Restaurant-Reviews,howardop,2018-10-02T21:03:43Z
151325403,https://github.com/wamazn/zakamed-api,wamazn,2018-10-02T21:24:26Z
151325456,https://github.com/quinnrobepicodus/pig-latin2,quinnrobepicodus,2018-10-02T21:24:54Z
151327589,https://github.com/jok999/gj-spkdajanaaaaaakpdfjgkpdjgkpjdskpg,jok999,2018-10-02T21:45:08Z
151328534,https://github.com/Prisleey/seguran-a,Prisleey,2018-10-02T21:55:07Z
151328710,https://github.com/justan0therdave/handlebars-playground,justan0therdave,2018-10-02T21:56:50Z
151325478,https://github.com/danrigs13/customMaps,danrigs13,2018-10-02T21:25:10Z
151325749,https://github.com/vacas5/drive-digger,vacas5,2018-10-02T21:28:03Z
151324498,https://github.com/austin1985/reactjs-basics,austin1985,2018-10-02T21:16:02Z
151323229,https://github.com/BonitaBlack/Learning-Jasmine,BonitaBlack,2018-10-02T21:04:08Z
151326379,https://github.com/gordongab/remedialHW1,gordongab,2018-10-02T21:33:49Z
151328221,https://github.com/vassjozsef/webrtc-p2p-video,vassjozsef,2018-10-02T21:51:39Z
151323734,https://github.com/ankitmohokar/TwilioSend,ankitmohokar,2018-10-02T21:09:09Z
151323976,https://github.com/AlexanderNelson/myreads2,AlexanderNelson,2018-10-02T21:11:10Z
151324062,https://github.com/atdyer/alloy-mesh-vis,atdyer,2018-10-02T21:11:59Z
151324156,https://github.com/sobikashi/SimpleGameWarriors,sobikashi,2018-10-02T21:12:53Z
151324363,https://github.com/OgirdorX/node-server,OgirdorX,2018-10-02T21:14:34Z
151324773,https://github.com/toniclark42/ecommercereact,toniclark42,2018-10-02T21:18:29Z
151326383,https://github.com/axe-z/reactMongoGQLApollo,axe-z,2018-10-02T21:33:54Z
151324722,https://github.com/kiwi-23/outlast,kiwi-23,2018-10-02T21:18:02Z
151323034,https://github.com/experttyce/frontend-angular-6,experttyce,2018-10-02T21:02:15Z
151328063,https://github.com/qbeauperin/gamepage-prototype,qbeauperin,2018-10-02T21:49:58Z
151328225,https://github.com/JavaVista/Book-Library,JavaVista,2018-10-02T21:51:41Z
151326102,https://github.com/ashdham10/shapeUp,ashdham10,2018-10-02T21:31:15Z
151327402,https://github.com/Flodersdsdsdsdsd/DDDDDDDDDDDDDDDDDx18,Flodersdsdsdsdsd,2018-10-02T21:43:15Z
151325494,https://github.com/Red33333/Red3,Red33333,2018-10-02T21:25:21Z
151325580,https://github.com/fuqlouie/fuqlouie,fuqlouie,2018-10-02T21:26:12Z
151323203,https://github.com/LuisAntonio23/web-server,LuisAntonio23,2018-10-02T21:03:53Z
151323416,https://github.com/yeshwanth1312/kube,yeshwanth1312,2018-10-02T21:05:54Z
151323530,https://github.com/qchen3301/react-stock-app,qchen3301,2018-10-02T21:07:00Z
151323538,https://github.com/mfushimi09/smartbrain,mfushimi09,2018-10-02T21:07:04Z
151323973,https://github.com/wmahathre/HW-7-,wmahathre,2018-10-02T21:11:09Z
151323982,https://github.com/saponte87/bottega_madlibs,saponte87,2018-10-02T21:11:14Z
151324009,https://github.com/joguindez/bottega-madlibs,joguindez,2018-10-02T21:11:26Z
151324033,https://github.com/marats-playground/tic-tac-toe-game,marats-playground,2018-10-02T21:11:41Z
151328756,https://github.com/Flodersdsdsdsdsd/DDDDDDDDDDDDDDDDDx27,Flodersdsdsdsdsd,2018-10-02T21:57:19Z
151327845,https://github.com/suwignyo/user-search,suwignyo,2018-10-02T21:47:37Z
151327628,https://github.com/HarryStevens/parse-hurricane-data,HarryStevens,2018-10-02T21:45:32Z
151323336,https://github.com/VincentCastelli/mft-site-prod,VincentCastelli,2018-10-02T21:05:05Z
151327216,https://github.com/Flodersdsdsdsdsd/DDDDDDDDDDDDDDDDDx16,Flodersdsdsdsdsd,2018-10-02T21:41:30Z
151326129,https://github.com/momak/ReactCore,momak,2018-10-02T21:31:32Z
151326163,https://github.com/blockstack/blockstack-trezor-signer,blockstack,2018-10-02T21:31:48Z
151326543,https://github.com/ALMALEVISOL/project--mallory-furniture,ALMALEVISOL,2018-10-02T21:35:19Z
151328381,https://github.com/will-ferens/rec-engine,will-ferens,2018-10-02T21:53:22Z
151325418,https://github.com/dzejsien/core2.1,dzejsien,2018-10-02T21:24:33Z
151327625,https://github.com/cdang95/cdang95.github.io,cdang95,2018-10-02T21:45:32Z
151328957,https://github.com/Flodersdsdsdsdsd/DDDDDDDDDDDDDDDDDx29,Flodersdsdsdsdsd,2018-10-02T21:59:31Z
151323366,https://github.com/Vladislav747/React_stock,Vladislav747,2018-10-02T21:05:23Z
151324683,https://github.com/sicoyle/SoftwareEngineering,sicoyle,2018-10-02T21:17:38Z
151327046,https://github.com/pompan129/Bloc-todo,pompan129,2018-10-02T21:40:05Z
151327112,https://github.com/KentaKodashima/21DayCodingChallenge,KentaKodashima,2018-10-02T21:40:31Z
151327126,https://github.com/CMCarlsen/beav_bot,CMCarlsen,2018-10-02T21:40:40Z
151326644,https://github.com/nosavvy33/relearning-js,nosavvy33,2018-10-02T21:36:15Z
151322906,https://github.com/gitrldn/node-course-2-todo-api,gitrldn,2018-10-02T21:01:03Z
151327503,https://github.com/HansG26/car-modification-app,HansG26,2018-10-02T21:44:15Z
151325143,https://github.com/highmountaintea/truedate,highmountaintea,2018-10-02T21:21:48Z
151325284,https://github.com/aaronrryan/docker-react,aaronrryan,2018-10-02T21:23:13Z
151324470,https://github.com/fbl11/week5-airportJS,fbl11,2018-10-02T21:15:44Z
151323581,https://github.com/showduhtung/dishPlease,showduhtung,2018-10-02T21:07:36Z
151323989,https://github.com/aliai/p-webpack,aliai,2018-10-02T21:11:17Z
151323999,https://github.com/carsonbeus/bottega-madlibs-app,carsonbeus,2018-10-02T21:11:21Z
151324184,https://github.com/ang-st/erc-faucet,ang-st,2018-10-02T21:13:10Z
151328477,https://github.com/deedubbya/simpleweb,deedubbya,2018-10-02T21:54:25Z
151326618,https://github.com/nataki/crew-management-app,nataki,2018-10-02T21:36:02Z
151322864,https://github.com/AlexeyTcapaev/backend,AlexeyTcapaev,2018-10-02T21:00:40Z
151326036,https://github.com/mbrodt/youtube-downloader,mbrodt,2018-10-02T21:30:44Z
151327452,https://github.com/tomMulholland/testPhotoSwipePage,tomMulholland,2018-10-02T21:43:49Z
151327544,https://github.com/jmccoy2/jmccoy2.github.io,jmccoy2,2018-10-02T21:44:35Z
151327562,https://github.com/caittpayne/simple-http-node-server,caittpayne,2018-10-02T21:44:45Z
151325185,https://github.com/haggisbreakfast/tiny-app,haggisbreakfast,2018-10-02T21:22:10Z
151323981,https://github.com/joshh450/bottega-madlibs-jh,joshh450,2018-10-02T21:11:14Z
151327042,https://github.com/midorich19/Vue-JS,midorich19,2018-10-02T21:40:04Z
151325549,https://github.com/jhoyos135/vue.js_todo_app,jhoyos135,2018-10-02T21:25:50Z
151323323,https://github.com/VeteranNinja/PongGame,VeteranNinja,2018-10-02T21:04:59Z
151323427,https://github.com/WHATommy/blogging-app,WHATommy,2018-10-02T21:05:59Z
151326538,https://github.com/tianasama/attridejqueryhw,tianasama,2018-10-02T21:35:16Z
151326853,https://github.com/dbertella/cascina-rampina,dbertella,2018-10-02T21:38:19Z
151328451,https://github.com/instabot42/trader-docs,instabot42,2018-10-02T21:54:07Z
151328583,https://github.com/virgafox/node-fps,virgafox,2018-10-02T21:55:39Z
151327202,https://github.com/fchikwekwe/contractor-charity-tracker,fchikwekwe,2018-10-02T21:41:22Z
151326169,https://github.com/iareintelligent/serverless-tutorial,iareintelligent,2018-10-02T21:31:52Z
151325742,https://github.com/joagora/week15_day2_hw_itunes,joagora,2018-10-02T21:27:56Z
151323444,https://github.com/hmazomba/Huey,hmazomba,2018-10-02T21:06:10Z
151326089,https://github.com/akaswen/javascript_tic_tac_toe,akaswen,2018-10-02T21:31:08Z
151327496,https://github.com/Flodersdsdsdsdsd/DDDDDDDDDDDDDDDDDx19,Flodersdsdsdsdsd,2018-10-02T21:44:14Z
151328944,https://github.com/nomilogic/webview,nomilogic,2018-10-02T21:59:20Z
151328960,https://github.com/olegblishch88/blog-node.js-mLab-mongoDB-,olegblishch88,2018-10-02T21:59:34Z
151323859,https://github.com/mateograu/js1-10,mateograu,2018-10-02T21:10:18Z
151323966,https://github.com/Jaxsonman/madlibs,Jaxsonman,2018-10-02T21:11:06Z
151323970,https://github.com/eidanfili/bottega-madlibs,eidanfili,2018-10-02T21:11:07Z
151327603,https://github.com/Kiranvirdi6/.Net-Projects,Kiranvirdi6,2018-10-02T21:45:19Z
151328476,https://github.com/DaviesCreations/p5,DaviesCreations,2018-10-02T21:54:25Z
151326860,https://github.com/markmoomoo/tour,markmoomoo,2018-10-02T21:38:24Z
151326843,https://github.com/batzlerg/8NotesDownloader,batzlerg,2018-10-02T21:38:13Z
151328582,https://github.com/jozefmizerik/animals,jozefmizerik,2018-10-02T21:55:38Z
151324884,https://github.com/Oddert/socket-examples,Oddert,2018-10-02T21:19:39Z
151327719,https://github.com/ImSuperZin/SpaceStore,ImSuperZin,2018-10-02T21:46:18Z
151327923,https://github.com/mendoza-com/face-autenticator,mendoza-com,2018-10-02T21:48:29Z
151327579,https://github.com/jenizza8/jenizza8.github.io,jenizza8,2018-10-02T21:44:59Z
151327634,https://github.com/Flodersdsdsdsdsd/DDDDDDDDDDDDDDDDDx22,Flodersdsdsdsdsd,2018-10-02T21:45:35Z
151327650,https://github.com/mskiran0542/Bac-apac,mskiran0542,2018-10-02T21:45:41Z
151325760,https://github.com/190n/p5-tetris,190n,2018-10-02T21:28:13Z
151324018,https://github.com/dmay26/madlibs,dmay26,2018-10-02T21:11:31Z
151326005,https://github.com/averyduffin/blog,averyduffin,2018-10-02T21:30:27Z
151325179,https://github.com/arambula1980/Work_Scripts,arambula1980,2018-10-02T21:22:08Z
151325465,https://github.com/jdangerx/busybody,jdangerx,2018-10-02T21:25:02Z
151325718,https://github.com/xpectro93/Third-set,xpectro93,2018-10-02T21:27:43Z
151326357,https://github.com/PhyllisWong/Cookie-Clicker,PhyllisWong,2018-10-02T21:33:36Z
151327564,https://github.com/jorsebsant/lz-cli,jorsebsant,2018-10-02T21:44:47Z
151327033,https://github.com/joshua-hurn/Shape_Up_or_Shape_Out,joshua-hurn,2018-10-02T21:39:57Z
151326714,https://github.com/wwiki/gulp,wwiki,2018-10-02T21:36:58Z
151327276,https://github.com/stefegg/vfz,stefegg,2018-10-02T21:42:06Z
151327920,https://github.com/jamestouri/w7d2,jamestouri,2018-10-02T21:48:28Z
151328435,https://github.com/ctoynbee/react_native_boilerplate,ctoynbee,2018-10-02T21:53:58Z
151323021,https://github.com/mauro-ferrario/html-page-to-save-txt-and-send-osc-data,mauro-ferrario,2018-10-02T21:02:04Z
151326018,https://github.com/edganery/meteor,edganery,2018-10-02T21:30:33Z
151327534,https://github.com/Flodersdsdsdsdsd/DDDDDDDDDDDDDDDDDx20,Flodersdsdsdsdsd,2018-10-02T21:44:30Z
151323337,https://github.com/ByronPRoberts/Word-Guess-Game,ByronPRoberts,2018-10-02T21:05:05Z
151324875,https://github.com/RickBr0wn/react-redux-poketimes,RickBr0wn,2018-10-02T21:19:36Z
151325032,https://github.com/limo2018/Udacity-FEND-Restaurant-Stage-1,limo2018,2018-10-02T21:20:47Z
151324058,https://github.com/SHDMorris/ecommerce,SHDMorris,2018-10-02T21:11:57Z
151324074,https://github.com/sonusandeep/lyric-search-,sonusandeep,2018-10-02T21:12:06Z
151324109,https://github.com/JSoifer/roman-numerals-testing,JSoifer,2018-10-02T21:12:29Z
151327153,https://github.com/bloo0178/ISP3,bloo0178,2018-10-02T21:40:57Z
151325496,https://github.com/alexbryant23/HW-7,alexbryant23,2018-10-02T21:25:22Z
151324644,https://github.com/AlesxRdz92/chat_app,AlesxRdz92,2018-10-02T21:17:21Z
151326373,https://github.com/marqueslu/airbnb-server,marqueslu,2018-10-02T21:33:47Z
151325816,https://github.com/sarathrasher/now-you-snow,sarathrasher,2018-10-02T21:28:46Z
151324379,https://github.com/Dougwan/TODO-LIST,Dougwan,2018-10-02T21:14:43Z
151328688,https://github.com/yekrojam/mtweb,yekrojam,2018-10-02T21:56:36Z
151324784,https://github.com/alanzzant/PlatziVideo,alanzzant,2018-10-02T21:18:35Z
151324814,https://github.com/SanthoshRaghav/portfolio,SanthoshRaghav,2018-10-02T21:18:51Z
151324826,https://github.com/brac/jots,brac,2018-10-02T21:19:00Z
151324828,https://github.com/SMenke94/react-gifs,SMenke94,2018-10-02T21:19:03Z
151323561,https://github.com/highmountaintea/truetime,highmountaintea,2018-10-02T21:07:24Z
151324028,https://github.com/tiffmfolta/bottegamadlibs,tiffmfolta,2018-10-02T21:11:37Z
151328242,https://github.com/keerthanaveena/keerthanaveena.github.io,keerthanaveena,2018-10-02T21:51:52Z
151326023,https://github.com/danieljonesdmj/deck-of-cards,danieljonesdmj,2018-10-02T21:30:37Z
151327500,https://github.com/Martex10/warbler-client,Martex10,2018-10-02T21:44:15Z
151327546,https://github.com/rrosenlof/DataStructuresAssignment,rrosenlof,2018-10-02T21:44:37Z
151325777,https://github.com/danimauro/NodeSequelizeMysql,danimauro,2018-10-02T21:28:24Z
151326475,https://github.com/n1ckfg/three_wasd,n1ckfg,2018-10-02T21:34:40Z
151326841,https://github.com/thibaudrobin/malware-js,thibaudrobin,2018-10-02T21:38:12Z
151328620,https://github.com/Flodersdsdsdsdsd/DDDDDDDDDDDDDDDDDx26,Flodersdsdsdsdsd,2018-10-02T21:56:00Z
151328294,https://github.com/mattos83/verk,mattos83,2018-10-02T21:52:23Z
151322892,https://github.com/thundereye2k/Quantum-Bot,thundereye2k,2018-10-02T21:00:58Z
151322950,https://github.com/andreichayeuski/cwp-06,andreichayeuski,2018-10-02T21:01:25Z
151323082,https://github.com/sarishbiswas/Web-Application-Development-with-JavaScript-and-MongoDB-Coursera-2018,sarishbiswas,2018-10-02T21:02:41Z
151324636,https://github.com/vijaykumardev/LearningVue,vijaykumardev,2018-10-02T21:17:14Z
151323308,https://github.com/raghavareddyc/React-weather-Search,raghavareddyc,2018-10-02T21:04:55Z
151324221,https://github.com/belengarcia/aclo-Api,belengarcia,2018-10-02T21:13:32Z
151327605,https://github.com/Flodersdsdsdsdsd/DDDDDDDDDDDDDDDDDx21,Flodersdsdsdsdsd,2018-10-02T21:45:21Z
151327677,https://github.com/burningion/example-node-test,burningion,2018-10-02T21:45:57Z
151325514,https://github.com/IvaTsu/messenger,IvaTsu,2018-10-02T21:25:31Z