40337690,https://github.com/twobin/react-lazyload,twobin,2015-08-07T02:49:25Z
40336311,https://github.com/johnfmorton/generator-buildabanner,johnfmorton,2015-08-07T02:13:19Z
40335847,https://github.com/Stuk/eslint-plugin-header,Stuk,2015-08-07T02:01:07Z
40336848,https://github.com/taoyuan/slu-seed,taoyuan,2015-08-07T02:27:15Z
40337394,https://github.com/XiaoMuCOOL/mutouch,XiaoMuCOOL,2015-08-07T02:41:38Z
40336404,https://github.com/officert/electron-angular-boilerplate,officert,2015-08-07T02:15:27Z
40336689,https://github.com/ronwe/owl-spy,ronwe,2015-08-07T02:23:13Z
40337951,https://github.com/bitcoinjs/bip69,bitcoinjs,2015-08-07T02:55:40Z
40337600,https://github.com/gandonov/gandonov.github.io,gandonov,2015-08-07T02:47:20Z
40336468,https://github.com/cyberwizardinstitute/playground,cyberwizardinstitute,2015-08-07T02:16:54Z
40338074,https://github.com/claytonsuplinski/audio_visualizer,claytonsuplinski,2015-08-07T02:58:41Z
40337099,https://github.com/littlekfc/react-2048,littlekfc,2015-08-07T02:33:43Z
40337769,https://github.com/aethermx/spree-ember-paypal-express,aethermx,2015-08-07T02:51:03Z
40336654,https://github.com/qihong1983/generator-hawk,qihong1983,2015-08-07T02:22:03Z
40337890,https://github.com/HR-Athena/Athena,HR-Athena,2015-08-07T02:54:38Z
40335904,https://github.com/CITguy/jester-spa,CITguy,2015-08-07T02:02:52Z
40337447,https://github.com/GunB/Plantilla_Espaniol-EDGE,GunB,2015-08-07T02:43:04Z
40337674,https://github.com/jakofranko/javascript-paint,jakofranko,2015-08-07T02:49:06Z
40336812,https://github.com/jeremyckahn/aenima,jeremyckahn,2015-08-07T02:26:11Z
40338022,https://github.com/volkovasystems/komento,volkovasystems,2015-08-07T02:57:25Z
40337149,https://github.com/davidisaaclee/grind,davidisaaclee,2015-08-07T02:35:00Z
40337295,https://github.com/brettkan/algorithms,brettkan,2015-08-07T02:38:46Z
40337684,https://github.com/dirtyhero/overlay,dirtyhero,2015-08-07T02:49:17Z
40337771,https://github.com/chilleren/ng-tutorial,chilleren,2015-08-07T02:51:06Z
40336621,https://github.com/jnis77diver/blackjack,jnis77diver,2015-08-07T02:21:25Z
40335886,https://github.com/peterwmwong/xvdom,peterwmwong,2015-08-07T02:02:25Z
40336278,https://github.com/TrumpyTheMagical/TrumpyTheMagical.github.io,TrumpyTheMagical,2015-08-07T02:12:00Z
40337300,https://github.com/dsy88/quantscreen,dsy88,2015-08-07T02:38:52Z
40336862,https://github.com/jnis77diver/mytunes,jnis77diver,2015-08-07T02:27:34Z
40336943,https://github.com/bkpradhan/NaiveBayesClassifier,bkpradhan,2015-08-07T02:29:40Z
40337059,https://github.com/loveinbox/GGGG,loveinbox,2015-08-07T02:32:54Z
40337497,https://github.com/jnis77diver/shortly-express,jnis77diver,2015-08-07T02:44:25Z
40337629,https://github.com/zschro/game_of_life_js,zschro,2015-08-07T02:48:05Z
40336113,https://github.com/RnzoBel/Forms,RnzoBel,2015-08-07T02:08:11Z
40336177,https://github.com/fgabrieli/learningnode,fgabrieli,2015-08-07T02:09:47Z
40336261,https://github.com/dwoodfork/Woodfork_Devin_1508,dwoodfork,2015-08-07T02:11:41Z
40338065,https://github.com/bhammett/jQuery-Betting-Game,bhammett,2015-08-07T02:58:23Z
40337587,https://github.com/xingmi/Framework,xingmi,2015-08-07T02:46:59Z
40337989,https://github.com/qihong1983/gulp-hawkjs,qihong1983,2015-08-07T02:56:32Z
40335821,https://github.com/ZackBoe/rpush,ZackBoe,2015-08-07T02:00:42Z
40335854,https://github.com/battlescript/Omar-Auth-Approach,battlescript,2015-08-07T02:01:25Z
40338104,https://github.com/conniegiann/eloquentJS,conniegiann,2015-08-07T02:59:19Z
40336856,https://github.com/PolarBearAndrew/react-redux-isomorphic-todolist,PolarBearAndrew,2015-08-07T02:27:26Z
40337558,https://github.com/jnis77diver/subclass-dance-party,jnis77diver,2015-08-07T02:46:07Z
40335998,https://github.com/vevo-ken-wang/hackathon-ii-intune,vevo-ken-wang,2015-08-07T02:05:20Z
40336861,https://github.com/jnis77diver/databases,jnis77diver,2015-08-07T02:27:34Z
40336150,https://github.com/safdar211ali/HU,safdar211ali,2015-08-07T02:09:11Z
40336241,https://github.com/veeracs/isomorphic-flux,veeracs,2015-08-07T02:11:01Z
40337634,https://github.com/jnis77diver/watchout,jnis77diver,2015-08-07T02:48:12Z
40337652,https://github.com/stanleycyang/mocha-chai-demo,stanleycyang,2015-08-07T02:48:35Z
40337683,https://github.com/mtcrushmore/deepspace,mtcrushmore,2015-08-07T02:49:17Z
40335893,https://github.com/gitaeks/bs-html-examples,gitaeks,2015-08-07T02:02:35Z
40336781,https://github.com/jnis77diver/chatterbox-server,jnis77diver,2015-08-07T02:25:28Z
40336946,https://github.com/xxxkonyi/juluo-product,xxxkonyi,2015-08-07T02:29:44Z
40336068,https://github.com/rapbore/dnchallenge,rapbore,2015-08-07T02:06:56Z
40336955,https://github.com/jnis77diver/shortly-angular,jnis77diver,2015-08-07T02:29:56Z
40337537,https://github.com/fossamagna/nodeschool_workshoppers,fossamagna,2015-08-07T02:45:22Z
40337903,https://github.com/feichao/wan-carousel,feichao,2015-08-07T02:54:51Z
40337991,https://github.com/jnis77diver/famous-webGL,jnis77diver,2015-08-07T02:56:34Z
40335844,https://github.com/battlescript/SyntaxHighlight,battlescript,2015-08-07T02:01:05Z
40336783,https://github.com/jnis77diver/data-structures,jnis77diver,2015-08-07T02:25:28Z
40337306,https://github.com/gerow-hi/fcwm-app,gerow-hi,2015-08-07T02:39:03Z
40336338,https://github.com/alefq/uca-2015-javaee,alefq,2015-08-07T02:14:01Z
40336722,https://github.com/steare573/fun-with-motion,steare573,2015-08-07T02:23:53Z
40336819,https://github.com/jiaxiang521/common,jiaxiang521,2015-08-07T02:26:25Z
40336907,https://github.com/jnis77diver/n-queens,jnis77diver,2015-08-07T02:28:55Z
40336940,https://github.com/jnis77diver/recursion,jnis77diver,2015-08-07T02:29:36Z
40336951,https://github.com/gogorush/crypto-js,gogorush,2015-08-07T02:29:50Z
40337204,https://github.com/juanmougan/snippetParseCsv,juanmougan,2015-08-07T02:36:16Z
40335993,https://github.com/TrumpyTheMagical/Project-5,TrumpyTheMagical,2015-08-07T02:05:07Z
40337614,https://github.com/jnis77diver/underbar,jnis77diver,2015-08-07T02:47:44Z
40337024,https://github.com/rjdj7/WIA,rjdj7,2015-08-07T02:31:58Z
40336100,https://github.com/Gadao/traveler,Gadao,2015-08-07T02:07:49Z
40336155,https://github.com/johnelliott/imagestreamtest,johnelliott,2015-08-07T02:09:16Z
40336562,https://github.com/junsikshim/SsoaRun,junsikshim,2015-08-07T02:19:28Z
40336623,https://github.com/hienthitruong/checkout,hienthitruong,2015-08-07T02:21:26Z
40336451,https://github.com/JohnnyLamb/oop-zoo,JohnnyLamb,2015-08-07T02:16:34Z
40336505,https://github.com/chrisdiana/loclii,chrisdiana,2015-08-07T02:17:50Z
40337602,https://github.com/jnis77diver/taxonomy,jnis77diver,2015-08-07T02:47:21Z
40337656,https://github.com/jnis77diver/web-historian,jnis77diver,2015-08-07T02:48:41Z
40337267,https://github.com/jayaregalinada/jayaregalinada.github.io.old,jayaregalinada,2015-08-07T02:37:46Z
40336595,https://github.com/matthewdordal/express-rest-api,matthewdordal,2015-08-07T02:20:52Z
40337941,https://github.com/covernal/Node-Socket-Chat,covernal,2015-08-07T02:55:30Z
40335879,https://github.com/asthinasthi/mean_simple,asthinasthi,2015-08-07T02:02:11Z
40336782,https://github.com/jnis77diver/chatterbox-client,jnis77diver,2015-08-07T02:25:28Z
40336181,https://github.com/tokichie/react-sample,tokichie,2015-08-07T02:09:50Z