9849326,https://github.com/hughsk/fps,hughsk,2013-05-04T04:31:40Z
9849271,https://github.com/isis/widgeteventtest,isis,2013-05-04T04:25:58Z
9849197,https://github.com/aslvrstn/gitmonkey,aslvrstn,2013-05-04T04:17:14Z
9849221,https://github.com/ProperLLC/epcr-portal,ProperLLC,2013-05-04T04:21:31Z
9849227,https://github.com/gokulvanan/JSUtils,gokulvanan,2013-05-04T04:21:47Z
9849409,https://github.com/haribabuthilakar/zaxan-signup,haribabuthilakar,2013-05-04T04:41:00Z
9849410,https://github.com/leonnardo/fb_hackathon,leonnardo,2013-05-04T04:41:04Z
9849515,https://github.com/investment/investment.github.com,investment,2013-05-04T04:53:16Z
9849251,https://github.com/haejeong87/Telebears,haejeong87,2013-05-04T04:23:58Z
9849428,https://github.com/haribabuthilakar/zaxan,haribabuthilakar,2013-05-04T04:43:07Z
9849506,https://github.com/sdf333/MVCDEMO,sdf333,2013-05-04T04:52:27Z
9849195,https://github.com/ferclaverino/movimientorsu,ferclaverino,2013-05-04T04:17:09Z
9849259,https://github.com/manoelneto/jquery-plention,manoelneto,2013-05-04T04:24:49Z
9849397,https://github.com/jonathanolson/slides-scenery,jonathanolson,2013-05-04T04:39:31Z