13221347,https://github.com/AsynchronousGenerators/agen-spec,AsynchronousGenerators,2013-09-30T17:03:17Z
13221271,https://github.com/tiger-swallowtails-2013/liars-dice,tiger-swallowtails-2013,2013-09-30T17:00:03Z
13222337,https://github.com/KrisHedges/fluidity-ui,KrisHedges,2013-09-30T17:47:43Z
13221359,https://github.com/mosstest/mosstest-game-default,mosstest,2013-09-30T17:03:44Z
13221919,https://github.com/andryou/facebookninja,andryou,2013-09-30T17:30:46Z
13221859,https://github.com/tresbailey/hubpy-demo,tresbailey,2013-09-30T17:27:45Z
13222186,https://github.com/FlorianWendelborn/symlinker,FlorianWendelborn,2013-09-30T17:41:14Z
13222228,https://github.com/pavlo-svirin/LOVA,pavlo-svirin,2013-09-30T17:42:53Z
13221329,https://github.com/stewartwatts/HS,stewartwatts,2013-09-30T17:02:39Z
13221913,https://github.com/dameninngenn/chrome-ext-shinchoku-san,dameninngenn,2013-09-30T17:30:33Z
13222001,https://github.com/jeremyherr/apollonius,jeremyherr,2013-09-30T17:34:06Z
13222232,https://github.com/jshetler/Shetler_Jami_WPF,jshetler,2013-09-30T17:43:01Z
13221458,https://github.com/apbodnar/CezzBall,apbodnar,2013-09-30T17:08:19Z
13221620,https://github.com/bbbales2/stochkit_ode,bbbales2,2013-09-30T17:15:47Z
13222366,https://github.com/mirubid/tfs-bookmarklets,mirubid,2013-09-30T17:48:53Z
13222213,https://github.com/shwetahumnabadkar/Tourism_in_India,shwetahumnabadkar,2013-09-30T17:42:32Z
13222543,https://github.com/knu/userjs-skip_matome_headlines,knu,2013-09-30T17:56:25Z
13221939,https://github.com/luisibanez/Git-Introduction-Part-I,luisibanez,2013-09-30T17:31:41Z
13222323,https://github.com/davidecavaliere/drunken-nemesis,davidecavaliere,2013-09-30T17:46:58Z
13222580,https://github.com/nolsen7187/MSSE680_Week6,nolsen7187,2013-09-30T17:58:10Z
13221287,https://github.com/johnsocf/Infinite-Slider,johnsocf,2013-09-30T17:00:39Z
13222530,https://github.com/alu0100450705/prueba,alu0100450705,2013-09-30T17:56:09Z
13221685,https://github.com/GatineauOuverte/election-gatineau,GatineauOuverte,2013-09-30T17:19:03Z
13222079,https://github.com/sundaysenergy/integral-therapy,sundaysenergy,2013-09-30T17:37:14Z