77898934,https://github.com/graniet/operative-framework,graniet,2017-01-03T08:38:59Z
77896558,https://github.com/humpback/humpback-center,humpback,2017-01-03T08:05:40Z
77899841,https://github.com/prettyyjnic/scauFight,prettyyjnic,2017-01-03T08:51:25Z
77899018,https://github.com/tongson/gh_audit,tongson,2017-01-03T08:40:14Z
77899474,https://github.com/Bornholm/fantasy-world,Bornholm,2017-01-03T08:46:39Z
77897122,https://github.com/liqiaohui/go,liqiaohui,2017-01-03T08:14:06Z
77897911,https://github.com/Makeblock-official/arduino101load,Makeblock-official,2017-01-03T08:25:18Z
77897633,https://github.com/northtyphoon/ballpen,northtyphoon,2017-01-03T08:21:52Z
77898670,https://github.com/onelastbeer/circles,onelastbeer,2017-01-03T08:35:40Z
77900090,https://github.com/Revanitspa/Arbol-binario-en-go,Revanitspa,2017-01-03T08:54:34Z
77898238,https://github.com/minzhang2110/goIP,minzhang2110,2017-01-03T08:29:51Z
77899335,https://github.com/rvarlikli/terraform-provider-swarmandservice,rvarlikli,2017-01-03T08:44:41Z
77899010,https://github.com/billyhotjava/go_tourist,billyhotjava,2017-01-03T08:40:09Z