12316364,https://github.com/Crinsane/LaravelCalendar,Crinsane,2013-08-23T06:37:01Z
12315806,https://github.com/JanTvrdik/NetteDocumentationEditor,JanTvrdik,2013-08-23T06:03:14Z
12316445,https://github.com/GearFramework/Gear,GearFramework,2013-08-23T06:43:17Z
12315997,https://github.com/young-steveo/require_cake,young-steveo,2013-08-23T06:14:47Z
12316418,https://github.com/Timotty/Timobackpack,Timotty,2013-08-23T06:41:07Z
12316571,https://github.com/ThreeDRadio/SupporterBase,ThreeDRadio,2013-08-23T06:50:35Z
12316213,https://github.com/nighteleve/opentutorials-nighteleve,nighteleve,2013-08-23T06:28:26Z
12316376,https://github.com/kimi2k/yandex-direct-api,kimi2k,2013-08-23T06:38:24Z
12315812,https://github.com/phluid61/tactic-tac-toe,phluid61,2013-08-23T06:03:38Z
12315921,https://github.com/abelass/arp,abelass,2013-08-23T06:10:34Z
12316591,https://github.com/gippy/gipsweb,gippy,2013-08-23T06:51:31Z
12316401,https://github.com/delorenzana/anytv-sf2,delorenzana,2013-08-23T06:40:04Z