11965239,https://github.com/ghousseyn/phiber,ghousseyn,2013-08-08T02:04:11Z
11965189,https://github.com/mboynes/permalinks-wp-cli,mboynes,2013-08-08T02:00:20Z
11965547,https://github.com/sillybean/Hide-Deep-Pages,sillybean,2013-08-08T02:21:43Z
11965543,https://github.com/licianeandreatta/teste-git,licianeandreatta,2013-08-08T02:21:34Z
11965360,https://github.com/whatcq/tools,whatcq,2013-08-08T02:11:49Z
11965883,https://github.com/foxydot/rendigs,foxydot,2013-08-08T02:40:35Z
11965429,https://github.com/jonsnow1357/scry,jonsnow1357,2013-08-08T02:15:26Z
11966141,https://github.com/queso/qcicon,queso,2013-08-08T02:55:12Z
11965536,https://github.com/beck24/unfiltered_admin,beck24,2013-08-08T02:21:20Z
11965763,https://github.com/patofsa/os-class,patofsa,2013-08-08T02:34:49Z