214822235,https://github.com/TROUBLE-1/Type-juggling,TROUBLE-1,2019-10-13T13:10:12Z
214815978,https://github.com/eerol1978/Cinema-tracker,eerol1978,2019-10-13T12:26:54Z
214823313,https://github.com/KishanSavaliya/magehelper-magento2-approve-customer-account,KishanSavaliya,2019-10-13T13:16:35Z
214824061,https://github.com/mayank54s/e-commerce_Site,mayank54s,2019-10-13T13:21:15Z
214828165,https://github.com/b-viguier/ForumPhp2019-LT,b-viguier,2019-10-13T13:47:33Z
214826088,https://github.com/fizechan/FizePlus,fizechan,2019-10-13T13:34:18Z
214822579,https://github.com/erfanhemmati/Laravel-Sms-Authentication,erfanhemmati,2019-10-13T13:12:09Z
214820401,https://github.com/GameTactic/Users,GameTactic,2019-10-13T12:58:06Z
214827997,https://github.com/desu-project/konachan-sdk,desu-project,2019-10-13T13:46:26Z
214828228,https://github.com/siamislam1603/E-Commerce-Website,siamislam1603,2019-10-13T13:47:58Z
214828765,https://github.com/solo4444/Fast-Invest,solo4444,2019-10-13T13:51:30Z
214812848,https://github.com/nanolo/app,nanolo,2019-10-13T12:04:14Z
214820910,https://github.com/ulummudin/spa-laravel-react,ulummudin,2019-10-13T13:01:25Z
214820340,https://github.com/decke/phpmonitor,decke,2019-10-13T12:57:45Z
214819296,https://github.com/cristian-g/magento-first-module,cristian-g,2019-10-13T12:50:58Z
214829312,https://github.com/joemrk/phpSmtpMail,joemrk,2019-10-13T13:54:51Z
214825108,https://github.com/thamidu/test_packagist,thamidu,2019-10-13T13:28:09Z
214824072,https://github.com/KhaledElOrbany/Software-Internship-Project-PHP-JS-MySQL-,KhaledElOrbany,2019-10-13T13:21:20Z
214823442,https://github.com/KornelijusGlinskas/1-PHP-INTRO-NFQ,KornelijusGlinskas,2019-10-13T13:17:22Z
214815093,https://github.com/laizapaulino/sistema-biblioteca,laizapaulino,2019-10-13T12:20:43Z
214820158,https://github.com/bggshe4ka/selena-test,bggshe4ka,2019-10-13T12:56:28Z
214829666,https://github.com/easir/oauth2-server,easir,2019-10-13T13:57:03Z
214822848,https://github.com/Chyika/BlogLaravel,Chyika,2019-10-13T13:13:41Z
214825812,https://github.com/Roey-coding/revolution-submarines-game,Roey-coding,2019-10-13T13:32:35Z
214819901,https://github.com/zinovchik/translater-wp,zinovchik,2019-10-13T12:54:45Z
214816669,https://github.com/datagutten/xmltv-browser,datagutten,2019-10-13T12:32:08Z
214813890,https://github.com/osahady/edwin_onetomany,osahady,2019-10-13T12:11:44Z
214814081,https://github.com/wahyuhidayat1510/wahyu1,wahyuhidayat1510,2019-10-13T12:13:06Z
214816109,https://github.com/Alice12456/Huiswerk,Alice12456,2019-10-13T12:27:50Z
214820048,https://github.com/pnu-reem/mangaco,pnu-reem,2019-10-13T12:55:46Z
214823483,https://github.com/phawit-s/PSIT-Project-2019,phawit-s,2019-10-13T13:17:36Z
214814842,https://github.com/evgeny-yakovets/code_example,evgeny-yakovets,2019-10-13T12:18:48Z
214829822,https://github.com/moneytrik/bigtoken,moneytrik,2019-10-13T13:58:06Z
214821914,https://github.com/Tiagelska/lesson4,Tiagelska,2019-10-13T13:08:15Z
214826790,https://github.com/giovannythebault/Annonceo,giovannythebault,2019-10-13T13:38:44Z
214815413,https://github.com/atpers/docker-lamp-mysql5.7,atpers,2019-10-13T12:22:53Z
214818554,https://github.com/atpers/docker-lamp-mysql-8.0,atpers,2019-10-13T12:45:53Z
214829464,https://github.com/Open-RSC/Website-Portal,Open-RSC,2019-10-13T13:55:57Z
214828462,https://github.com/VerinskiiNikita/olasha,VerinskiiNikita,2019-10-13T13:49:33Z
214823258,https://github.com/MyosotisArae/solfege,MyosotisArae,2019-10-13T13:16:13Z
214826909,https://github.com/Rubzy0422/rush00,Rubzy0422,2019-10-13T13:39:27Z
214824870,https://github.com/DaniilYusha/MatrixMVC,DaniilYusha,2019-10-13T13:26:34Z
214812792,https://github.com/AbuSaryaOBD/OneToOne,AbuSaryaOBD,2019-10-13T12:03:48Z
214818235,https://github.com/arikaim/share-extension,arikaim,2019-10-13T12:43:48Z
214822414,https://github.com/GameTactic/ApiTemplate,GameTactic,2019-10-13T13:11:15Z
214825015,https://github.com/minhquang31011998/PHP21,minhquang31011998,2019-10-13T13:27:28Z
214816489,https://github.com/Zarubaxa/test,Zarubaxa,2019-10-13T12:30:51Z
214820591,https://github.com/thangdqhust/Project-3,thangdqhust,2019-10-13T12:59:15Z
214829248,https://github.com/Nenad36/Laravel-Bookmark,Nenad36,2019-10-13T13:54:31Z
214812747,https://github.com/osahady/edwin_onetoone,osahady,2019-10-13T12:03:32Z
214813845,https://github.com/AbuSaryaOBD/OneToMany,AbuSaryaOBD,2019-10-13T12:11:33Z
214817377,https://github.com/abhihyder/wpFundamentals,abhihyder,2019-10-13T12:37:24Z
214812476,https://github.com/martipurpurpur/php-project-lvl1,martipurpurpur,2019-10-13T12:01:30Z
214812953,https://github.com/405412460/laravel-shop,405412460,2019-10-13T12:04:59Z
214822459,https://github.com/candy0414/campaign_CI,candy0414,2019-10-13T13:11:30Z
214828300,https://github.com/Rajitha2Day/Double-Submit-Cookie-Pattern,Rajitha2Day,2019-10-13T13:48:29Z
214816553,https://github.com/rajramch/Complaint-Management-System,rajramch,2019-10-13T12:31:15Z
214827842,https://github.com/BASICEXE/php-password-generator,BASICEXE,2019-10-13T13:45:25Z
214825585,https://github.com/kabir-Hasan-Bappy/wordpress-airi-theme,kabir-Hasan-Bappy,2019-10-13T13:31:12Z
214829261,https://github.com/chhunainsadiq/PHP_CustomMVC_CRUD,chhunainsadiq,2019-10-13T13:54:35Z
214816516,https://github.com/sxckmymemes/tracker,sxckmymemes,2019-10-13T12:31:00Z
214818558,https://github.com/Stavrospanakakis/LAMP-w-Docker,Stavrospanakakis,2019-10-13T12:45:54Z
214829289,https://github.com/friedteeth/doggos,friedteeth,2019-10-13T13:54:44Z
214825740,https://github.com/TechLead-21/Laravel-Pet-Project,TechLead-21,2019-10-13T13:32:09Z
214818296,https://github.com/laurence001/rframe,laurence001,2019-10-13T12:44:15Z
214827189,https://github.com/SenchiloVictor/phalcon,SenchiloVictor,2019-10-13T13:41:11Z
214813714,https://github.com/19IkedaSuguru/reizoko,19IkedaSuguru,2019-10-13T12:10:48Z
214825787,https://github.com/AlaaMShaban96/system,AlaaMShaban96,2019-10-13T13:32:27Z
214822501,https://github.com/YoggiYoghurt/forsum_se,YoggiYoghurt,2019-10-13T13:11:42Z
214827232,https://github.com/kevincornish/ShoppingList,kevincornish,2019-10-13T13:41:28Z
214827835,https://github.com/Edvinaz/php-intro_homework,Edvinaz,2019-10-13T13:45:23Z
214823034,https://github.com/SupianIDz/OctopyZone,SupianIDz,2019-10-13T13:14:47Z
214821497,https://github.com/Nazukai/Nectic,Nazukai,2019-10-13T13:05:20Z
214826098,https://github.com/MrCyjaneK/OneFileBlog,MrCyjaneK,2019-10-13T13:34:21Z
214816468,https://github.com/NguyenTranHoangThang/symfony-event,NguyenTranHoangThang,2019-10-13T12:30:35Z
214820194,https://github.com/Yasir657/laravel_tutorial,Yasir657,2019-10-13T12:56:42Z
214818615,https://github.com/siddhantpadma/php,siddhantpadma,2019-10-13T12:46:19Z
214819343,https://github.com/aljonleynes11/onlinereviewer,aljonleynes11,2019-10-13T12:51:15Z
214819576,https://github.com/mateuszao/AulasPHP,mateuszao,2019-10-13T12:52:37Z
214813360,https://github.com/sreckokuz/Decorator-pattern,sreckokuz,2019-10-13T12:08:05Z
214818093,https://github.com/KaniSama/SmartHome-php,KaniSama,2019-10-13T12:42:50Z
214825062,https://github.com/sweigoh/news_api,sweigoh,2019-10-13T13:27:48Z
214824261,https://github.com/masariuman/larareact,masariuman,2019-10-13T13:22:43Z
214818980,https://github.com/parthdomadia/Share_Market_Application,parthdomadia,2019-10-13T12:48:50Z
214822570,https://github.com/hammadshahir/Todo-App-in-Laravel,hammadshahir,2019-10-13T13:12:06Z
214827787,https://github.com/wengjianyong/admin,wengjianyong,2019-10-13T13:45:03Z
214825455,https://github.com/nicoContigliani/lscraping,nicoContigliani,2019-10-13T13:30:23Z
214827262,https://github.com/Nenad36/Laravel-Business-list,Nenad36,2019-10-13T13:41:38Z
214814567,https://github.com/chrismcligeyo/laravel_photogallery,chrismcligeyo,2019-10-13T12:16:43Z
214813573,https://github.com/Arcikaka/rest_api_movie,Arcikaka,2019-10-13T12:09:42Z
214820156,https://github.com/KrzychuW/gamefly.pl,KrzychuW,2019-10-13T12:56:28Z
214818092,https://github.com/SangeethanMalliganthan/report-02,SangeethanMalliganthan,2019-10-13T12:42:48Z
214817950,https://github.com/Rachana-Shenoy/database-project,Rachana-Shenoy,2019-10-13T12:41:45Z
214812637,https://github.com/rafaelmontarroyos/docker_laravel6,rafaelmontarroyos,2019-10-13T12:02:39Z
214826050,https://github.com/prabeous73/ReachMe,prabeous73,2019-10-13T13:34:06Z
214829172,https://github.com/zekagithub/bakusporting,zekagithub,2019-10-13T13:53:59Z
214820867,https://github.com/Rajitha2Day/CSRF-SynchonizerPattern,Rajitha2Day,2019-10-13T13:01:05Z
214827278,https://github.com/sinouw/Laravel-WebApi-PassportAuth,sinouw,2019-10-13T13:41:44Z
214817716,https://github.com/cr0manty/itech_labs.github.io,cr0manty,2019-10-13T12:40:05Z
214827660,https://github.com/Toyody/Todo,Toyody,2019-10-13T13:44:10Z
https://github.com/yariks0n/b24_activities,False,2019-10-13T12:11:04Z
https://github.com/Sanjeev-Singla/admin-panel,False,2019-10-13T13:35:47Z
https://github.com/wenig/timetracker,False,2019-10-13T12:29:34Z
https://github.com/cnankervis/pci,False,2019-10-13T12:42:15Z
https://github.com/yesigye/scafolda,False,2019-10-13T13:33:24Z
https://github.com/irnbru-dev/ukon,False,2019-10-13T13:36:05Z
https://github.com/Yahirrro/SimplePostAndVote,False,2019-10-13T13:33:17Z
https://github.com/vili4inskiy/vili4inskiy.github.io,False,2019-10-13T13:29:15Z
https://github.com/Nenad36/Laravel-forum,False,2019-10-13T13:36:20Z
https://github.com/adecandrawanzona46/adecandrawanzona46,False,2019-10-13T13:57:30Z
https://github.com/katanasam/eva_drupal,False,2019-10-13T13:33:00Z
https://github.com/KIevlev/PHP,False,2019-10-13T13:26:01Z
https://github.com/Aezo27/Only_Testing,False,2019-10-13T12:38:38Z
https://github.com/atpers/docker-lamp-mariadb-10.1,False,2019-10-13T12:16:14Z
https://github.com/Grga-Pitic/simple-online-shop,False,2019-10-13T12:48:20Z
https://github.com/chac0/cchan-prj,False,2019-10-13T12:42:42Z
https://github.com/seannowotny/raddite,False,2019-10-13T12:47:20Z
https://github.com/Vamosz/UNIDEB_2019_1_1_A-Csoda-Csapat,False,2019-10-13T13:20:45Z
https://github.com/RaulVS14/course-plugin,False,2019-10-13T12:40:17Z
https://github.com/krishnadevz/php-webapp-using-html-mysql,False,2019-10-13T12:25:32Z
https://github.com/Divyansh-28/iith-print,False,2019-10-13T13:59:43Z
https://github.com/Yaroslav31121986/check_in,False,2019-10-13T12:34:21Z
https://github.com/CahyaProject/SpamSms,False,2019-10-13T12:26:13Z
https://github.com/JustQu/piscine-php,False,2019-10-13T12:26:23Z
https://github.com/uyennhi/phpcrudDB,False,2019-10-13T13:05:28Z
https://github.com/kkos1979/ecsite2,False,2019-10-13T12:00:10Z
https://github.com/ThistleApps/simplestudiofull,False,2019-10-13T12:39:03Z
https://github.com/Nenad36/Sipmle-Laravel-contact-list,False,2019-10-13T12:57:31Z
https://github.com/NxtUserHD1/LobbySystem,False,2019-10-13T13:01:21Z
https://github.com/yluo56/Final_handover,False,2019-10-13T13:33:14Z
https://github.com/Ken-dia/Gestion_RV_Hopital,False,2019-10-13T13:15:56Z
https://github.com/apsuma/BiCar,False,2019-10-13T13:28:39Z