193141245,https://github.com/soumyadip007/PHP-JS-Basics-Architecture-Form-CURD-Registration-Login,soumyadip007,2019-06-21T18:09:02Z
193137929,https://github.com/suporteb7web/b7crud,suporteb7web,2019-06-21T17:38:42Z
193145286,https://github.com/ixiumu/laravel_meetup,ixiumu,2019-06-21T18:44:13Z
193138660,https://github.com/manuwhat/strip-tags,manuwhat,2019-06-21T17:45:08Z
193137778,https://github.com/MilesChou/pherm-ui,MilesChou,2019-06-21T17:37:48Z
193145690,https://github.com/WebDevStudios/php-coding-standards,WebDevStudios,2019-06-21T18:48:03Z
193135780,https://github.com/sergiosgc/negotiated-output-components,sergiosgc,2019-06-21T17:20:45Z
193136676,https://github.com/YashwantSingh7062/Bankswork.in,YashwantSingh7062,2019-06-21T17:28:45Z
193145877,https://github.com/libelle/statgal2,libelle,2019-06-21T18:49:47Z
193143219,https://github.com/bedus-creation/PHP-Design-Pattern,bedus-creation,2019-06-21T18:26:03Z
193137428,https://github.com/laddoms/recipe,laddoms,2019-06-21T17:35:21Z
193140322,https://github.com/talentant/yii2-skeleton,talentant,2019-06-21T18:00:53Z
193136330,https://github.com/ausrys/Namu-darbai,ausrys,2019-06-21T17:25:55Z
193139360,https://github.com/ThanhHieu0195/woocommerce-theme,ThanhHieu0195,2019-06-21T17:51:28Z
193140052,https://github.com/itfinden/Shoota,itfinden,2019-06-21T17:58:18Z
193141956,https://github.com/ControlledChaos/way-framework,ControlledChaos,2019-06-21T18:15:22Z
193145501,https://github.com/roelofjan-elsinga/aloia-cms-gui,roelofjan-elsinga,2019-06-21T18:46:17Z
193143664,https://github.com/ixiumu/laravel_tricks,ixiumu,2019-06-21T18:30:20Z
193140850,https://github.com/AananthV/Expense-Tracker,AananthV,2019-06-21T18:05:37Z
193134158,https://github.com/GabrielDeFreitas/Pol_Estudos,GabrielDeFreitas,2019-06-21T17:06:45Z
193135216,https://github.com/noobie-1999/votesafe,noobie-1999,2019-06-21T17:15:53Z
193138429,https://github.com/hmj0429/PHP,hmj0429,2019-06-21T17:42:52Z
193140291,https://github.com/YarHovor/simple_chat_exam,YarHovor,2019-06-21T18:00:37Z
193142939,https://github.com/Lusito/ziano-type,Lusito,2019-06-21T18:23:46Z
193136529,https://github.com/Transatel/grafana-simple-json-datasource-centreon,Transatel,2019-06-21T17:27:34Z
193144812,https://github.com/HodaEbrahim/LarStart,HodaEbrahim,2019-06-21T18:39:57Z
193140903,https://github.com/S-Istvan/DT080AGardenProject,S-Istvan,2019-06-21T18:06:04Z
193144356,https://github.com/indiana-university/iukb-api-doc-content-php,indiana-university,2019-06-21T18:36:09Z
193144236,https://github.com/indiana-university/iukb-api-php,indiana-university,2019-06-21T18:35:11Z
193142309,https://github.com/reefki/stein-kit,reefki,2019-06-21T18:18:44Z
193138117,https://github.com/AuliaVailo/absensi,AuliaVailo,2019-06-21T17:40:12Z
193139090,https://github.com/echambon/almanach,echambon,2019-06-21T17:49:21Z
193143299,https://github.com/sp360/Hotelv2,sp360,2019-06-21T18:26:57Z
193146043,https://github.com/koutamercado/sms-masivos-api-client,koutamercado,2019-06-21T18:51:12Z
193141130,https://github.com/RobertoArtEH/galvanic-therapy,RobertoArtEH,2019-06-21T18:07:57Z
193136445,https://github.com/evasyakin/testovoe-m1shop,evasyakin,2019-06-21T17:26:52Z
193138509,https://github.com/monte-jasss/BusBooking,monte-jasss,2019-06-21T17:43:43Z
193140451,https://github.com/dave325/mentorListing,dave325,2019-06-21T18:01:57Z
193141070,https://github.com/cortizmardones/proyectoServiuPHP,cortizmardones,2019-06-21T18:07:30Z
193137248,https://github.com/nnishant48/credit-management,nnishant48,2019-06-21T17:33:43Z
193139983,https://github.com/carloseduardo95/Crud-php-puro,carloseduardo95,2019-06-21T17:57:39Z
193146497,https://github.com/codersharer/mini-crawler,codersharer,2019-06-21T18:55:25Z
193144997,https://github.com/zakiya/baseless,zakiya,2019-06-21T18:41:50Z
193133916,https://github.com/mdlorey/laravel-qa,mdlorey,2019-06-21T17:04:50Z
193136121,https://github.com/ashrafshovo/stuff_india,ashrafshovo,2019-06-21T17:23:57Z
193138947,https://github.com/wzhang14/BasicPHPWebsite,wzhang14,2019-06-21T17:48:08Z
193137488,https://github.com/unickortega/unyson-extention-ct-socials,unickortega,2019-06-21T17:35:59Z
193139358,https://github.com/jneumann22/freshproject,jneumann22,2019-06-21T17:51:28Z
193138544,https://github.com/SudarshanHV/DemoTask,SudarshanHV,2019-06-21T17:44:00Z
193138311,https://github.com/ishoe/multiFactorAuthentication,ishoe,2019-06-21T17:41:49Z
193135779,https://github.com/victorcpereira/Imagex-assignment,victorcpereira,2019-06-21T17:20:44Z
193135965,https://github.com/ShiroWorks/PHP-CRUD-with-search-pagination-and-image-upload,ShiroWorks,2019-06-21T17:22:29Z
193146719,https://github.com/dweinerATL/laravel-model-abstraction-helper,dweinerATL,2019-06-21T18:57:40Z
193142142,https://github.com/Sayang99/bom,Sayang99,2019-06-21T18:17:08Z
193146287,https://github.com/cirote/brew,cirote,2019-06-21T18:53:33Z
193135334,https://github.com/PapiHack/php-blog-app,PapiHack,2019-06-21T17:17:02Z
193138380,https://github.com/GiovanaRocha/petShop,GiovanaRocha,2019-06-21T17:42:25Z
193143507,https://github.com/xtianmpimbaza/poe-backend,xtianmpimbaza,2019-06-21T18:28:57Z
193144894,https://github.com/mohosin16103308/symfony-CRUD,mohosin16103308,2019-06-21T18:40:50Z
193144274,https://github.com/RayRedGoose/personal-blog,RayRedGoose,2019-06-21T18:35:35Z
193140834,https://github.com/RashidMall/blog-abstract-symfony-API,RashidMall,2019-06-21T18:05:30Z
193142901,https://github.com/StandardIndustriesWP/301_Redirects,StandardIndustriesWP,2019-06-21T18:23:26Z
193134989,https://github.com/logiclocker/aquergy_wp,logiclocker,2019-06-21T17:13:57Z
193135069,https://github.com/tsiky97/wefashion,tsiky97,2019-06-21T17:14:33Z
193138972,https://github.com/nathandariva/TCC,nathandariva,2019-06-21T17:48:22Z
193139762,https://github.com/gerardozimapan/mt,gerardozimapan,2019-06-21T17:55:21Z
193135417,https://github.com/chebypax/beejee,chebypax,2019-06-21T17:17:39Z
193144100,https://github.com/indiana-university/status-api-php,indiana-university,2019-06-21T18:34:08Z
193144190,https://github.com/santoshirimal/Project2,santoshirimal,2019-06-21T18:34:51Z
193144910,https://github.com/DGornakashvili/Yii2_2,DGornakashvili,2019-06-21T18:40:59Z
193146627,https://github.com/Agomozova/masterHan,Agomozova,2019-06-21T18:56:40Z
193143788,https://github.com/Shahidzbi4213/Login-System,Shahidzbi4213,2019-06-21T18:31:10Z
193139982,https://github.com/typoluxe/view-model,typoluxe,2019-06-21T17:57:39Z
193133625,https://github.com/bima-digiponic/api-pugga,bima-digiponic,2019-06-21T17:02:27Z
193138336,https://github.com/inpuro/php-classes,inpuro,2019-06-21T17:41:59Z
193141894,https://github.com/chaozzj/garitas,chaozzj,2019-06-21T18:14:48Z
193141381,https://github.com/johnbrookson/microservices,johnbrookson,2019-06-21T18:10:24Z
193145161,https://github.com/mitulp660/MInIProjEtOne,mitulp660,2019-06-21T18:43:07Z
193138031,https://github.com/Nikolay0710/test-task1_guest-book,Nikolay0710,2019-06-21T17:39:32Z
193138298,https://github.com/wilztan/hrsys,wilztan,2019-06-21T17:41:42Z
193140957,https://github.com/ZvP22/Licenta,ZvP22,2019-06-21T18:06:37Z
193139413,https://github.com/aguilarrajme/testLaravel1,aguilarrajme,2019-06-21T17:51:59Z
193142045,https://github.com/ControlledChaos/way-plugin,ControlledChaos,2019-06-21T18:16:16Z
193142976,https://github.com/shahnotes/php-design-patterns,shahnotes,2019-06-21T18:24:10Z
193139637,https://github.com/the-launch-tech/wordpress-starter-template,the-launch-tech,2019-06-21T17:54:19Z
193138929,https://github.com/thekra/Ajer-wa-Ojra,thekra,2019-06-21T17:47:58Z
193134792,https://github.com/amsoft2017/poligon,amsoft2017,2019-06-21T17:12:12Z
193145089,https://github.com/janckoMaria/Distribuidos,janckoMaria,2019-06-21T18:42:31Z