4691752,https://github.com/doepud/testing123,doepud,2012-06-17T12:50:24Z
4691531,https://github.com/2broscc/motor,2broscc,2012-06-17T12:10:53Z
4691740,https://github.com/leonlee/MTA-CMS,leonlee,2012-06-17T12:49:05Z