44916431,https://github.com/h87kg/log4go,h87kg,2015-10-25T15:42:12Z
44916727,https://github.com/hamo/go-chronos,hamo,2015-10-25T15:48:47Z
44915418,https://github.com/ironiridis/rawzip,ironiridis,2015-10-25T15:17:37Z
44916167,https://github.com/royvandewater/etcdsync,royvandewater,2015-10-25T15:35:57Z