190348615,https://github.com/mwat56/kaliber,mwat56,2019-06-05T07:39:30Z
190346130,https://github.com/ranjeet-floyd/golang-rest-api,ranjeet-floyd,2019-06-05T07:22:38Z
190342811,https://github.com/codexnetwork/trunk,codexnetwork,2019-06-05T07:01:18Z
190347014,https://github.com/ken-aio/go-worker-example,ken-aio,2019-06-05T07:28:26Z
190345845,https://github.com/aluxian/Netcraft-Cryptopuff,aluxian,2019-06-05T07:20:43Z
190347335,https://github.com/dnaproject2/dna-tool,dnaproject2,2019-06-05T07:30:21Z
190346584,https://github.com/sethpawas/grpcMultiplication,sethpawas,2019-06-05T07:25:37Z
190349555,https://github.com/ArielPhoenix/openbilibili,ArielPhoenix,2019-06-05T07:45:33Z
190344120,https://github.com/kergeodeta/kergeodeta-userhandling-tutorial,kergeodeta,2019-06-05T07:09:40Z
190344795,https://github.com/astro-repository/piscine-go,astro-repository,2019-06-05T07:14:15Z
190349802,https://github.com/digital-idea/dipath,digital-idea,2019-06-05T07:47:23Z
190351208,https://github.com/cranewill/MyGolang,cranewill,2019-06-05T07:56:11Z
190347130,https://github.com/dnaproject2/dna-go-sdk,dnaproject2,2019-06-05T07:29:07Z
190343799,https://github.com/praglody/widesocks,praglody,2019-06-05T07:07:43Z
190348160,https://github.com/mhy2011/gin-examples,mhy2011,2019-06-05T07:36:14Z
190347517,https://github.com/zianwar/agcp,zianwar,2019-06-05T07:31:30Z
190346715,https://github.com/dan-maximov/notepad-back,dan-maximov,2019-06-05T07:26:34Z
190347512,https://github.com/guange2015/git-migration,guange2015,2019-06-05T07:31:28Z
190349283,https://github.com/jrichart/Notch,jrichart,2019-06-05T07:43:36Z
190343202,https://github.com/jiro4989/imgctl,jiro4989,2019-06-05T07:03:52Z
190346231,https://github.com/hiqinternational/exampletesting,hiqinternational,2019-06-05T07:23:16Z
190343633,https://github.com/highloadltd/connmgr,highloadltd,2019-06-05T07:06:39Z
190345829,https://github.com/March-deng/mess,March-deng,2019-06-05T07:20:38Z
190344931,https://github.com/Kysumi/CEngineGo,Kysumi,2019-06-05T07:15:08Z
190350491,https://github.com/liangjfblue/TestNsqColony,liangjfblue,2019-06-05T07:51:42Z