38380455,https://github.com/davidkpiano/sassport,davidkpiano,2015-07-01T15:58:25Z
38377661,https://github.com/patternpack/patternpack,patternpack,2015-07-01T15:05:27Z
38379237,https://github.com/360Learning/jquery-select-areas,360Learning,2015-07-01T15:34:44Z
38380227,https://github.com/gosquared/mmdb-reader,gosquared,2015-07-01T15:54:08Z
38377527,https://github.com/tyoshikawa1106/lightning-chart-view,tyoshikawa1106,2015-07-01T15:03:11Z
38378373,https://github.com/o5r/mongoS3,o5r,2015-07-01T15:18:44Z
38379956,https://github.com/eiurur/Save-to-Kawpaa,eiurur,2015-07-01T15:48:10Z
38379538,https://github.com/yaopengfei/webCAD,yaopengfei,2015-07-01T15:39:58Z
38380150,https://github.com/lmwebdesign/Sketch3-ColorSwitch,lmwebdesign,2015-07-01T15:52:21Z
38380075,https://github.com/bananaoomarang/webtask-ifttt-tutorial,bananaoomarang,2015-07-01T15:50:31Z
38379861,https://github.com/vdefilip/smart-search,vdefilip,2015-07-01T15:45:54Z
38377817,https://github.com/br-adam-newman/raml-jsonschema-expander,br-adam-newman,2015-07-01T15:08:40Z
38377587,https://github.com/dotsunited/off-canvas-navigation,dotsunited,2015-07-01T15:04:04Z
38378818,https://github.com/etiennesegonzac/snappy-twitter,etiennesegonzac,2015-07-01T15:26:53Z
38378397,https://github.com/creeperyang/chay.js,creeperyang,2015-07-01T15:19:06Z
38379435,https://github.com/angelozerr/tern-jquery-extension,angelozerr,2015-07-01T15:38:08Z
38380229,https://github.com/digisfera/iphone-inline-video,digisfera,2015-07-01T15:54:11Z
38377655,https://github.com/shane13hsi/ehr-seed,shane13hsi,2015-07-01T15:05:21Z
38378694,https://github.com/chazzlabs/angular_example,chazzlabs,2015-07-01T15:24:54Z
38378036,https://github.com/alucard263096/IPonDoDictionary,alucard263096,2015-07-01T15:12:54Z
38379532,https://github.com/duheng/sapp,duheng,2015-07-01T15:39:54Z
38377529,https://github.com/Hurqalia/suspend_activate_filters,Hurqalia,2015-07-01T15:03:11Z
38380180,https://github.com/reimertz/gistploy,reimertz,2015-07-01T15:53:03Z
38379095,https://github.com/yidi/yidi.github.com,yidi,2015-07-01T15:32:00Z
38377563,https://github.com/syzer/open-data-management,syzer,2015-07-01T15:03:42Z
38380349,https://github.com/beinan/a_judge,beinan,2015-07-01T15:56:33Z
38379898,https://github.com/mideveloper/storehouse,mideveloper,2015-07-01T15:46:36Z
38379561,https://github.com/vitaliyshvarz/blacktweetyApp,vitaliyshvarz,2015-07-01T15:40:15Z
38379457,https://github.com/mideveloper/assent,mideveloper,2015-07-01T15:38:26Z
38379249,https://github.com/sjoerdvisscher/firebase-workshop,sjoerdvisscher,2015-07-01T15:35:00Z
38379319,https://github.com/accordionpeas/gulp-css-selector-limit,accordionpeas,2015-07-01T15:36:09Z
38379540,https://github.com/willemodendaal/browserify-gulp-react-sample,willemodendaal,2015-07-01T15:39:58Z
38379969,https://github.com/fernandezcuesta/calepin,fernandezcuesta,2015-07-01T15:48:34Z
38378165,https://github.com/jsmulrow/trip-planner-static,jsmulrow,2015-07-01T15:15:02Z
38378730,https://github.com/ndlongit/longnd-data,ndlongit,2015-07-01T15:25:33Z
38377426,https://github.com/hiroxto/hiroxto.github.io,hiroxto,2015-07-01T15:01:06Z
38378243,https://github.com/dmigo/people,dmigo,2015-07-01T15:16:16Z
38377406,https://github.com/ilcheivanovski/SOURCICO,ilcheivanovski,2015-07-01T15:00:38Z
38378513,https://github.com/kevinselwyn/drng,kevinselwyn,2015-07-01T15:21:04Z
38379559,https://github.com/czqing/Js-Lab,czqing,2015-07-01T15:40:13Z
38380015,https://github.com/sherylpeebee/diet,sherylpeebee,2015-07-01T15:49:33Z
38379320,https://github.com/sonnyp/clusterMQ,sonnyp,2015-07-01T15:36:12Z
38378273,https://github.com/janastu/audio-tagger,janastu,2015-07-01T15:16:49Z
38378391,https://github.com/ssokurenko/svg-box,ssokurenko,2015-07-01T15:18:56Z
38378993,https://github.com/hymCode/sublimeConfig,hymCode,2015-07-01T15:30:06Z
38379916,https://github.com/tvpham11/Directives101,tvpham11,2015-07-01T15:47:01Z
38377935,https://github.com/adamschmid/blackmarket,adamschmid,2015-07-01T15:10:54Z
38380030,https://github.com/katguzmann/tabs,katguzmann,2015-07-01T15:49:46Z
38379697,https://github.com/AhmadRusyaid/Logika,AhmadRusyaid,2015-07-01T15:42:46Z
38377501,https://github.com/siabroo/gwt-ckeditor,siabroo,2015-07-01T15:02:49Z
38378769,https://github.com/ethangodt/portfolio,ethangodt,2015-07-01T15:26:14Z
38379727,https://github.com/nbfuhao/myHybridApp,nbfuhao,2015-07-01T15:43:19Z
38380542,https://github.com/akernizan/sounds-and-shapes,akernizan,2015-07-01T15:59:53Z
38377671,https://github.com/karl368/firepath,karl368,2015-07-01T15:05:38Z
38379744,https://github.com/MatchingIdeas/testapp,MatchingIdeas,2015-07-01T15:43:41Z
38379882,https://github.com/lazarov/simple_eurobusiness_prototype,lazarov,2015-07-01T15:46:25Z
38377854,https://github.com/grisoni77/monetine,grisoni77,2015-07-01T15:09:18Z
38378033,https://github.com/MaximilienS/Blog,MaximilienS,2015-07-01T15:12:52Z
38379739,https://github.com/caseyrieder/mini_apps,caseyrieder,2015-07-01T15:43:28Z
38378598,https://github.com/limikael/tabby-cookie,limikael,2015-07-01T15:22:44Z
38378079,https://github.com/andersonascimento/andersonascimento.github.io,andersonascimento,2015-07-01T15:13:53Z
38378242,https://github.com/justYves/trip-planner,justYves,2015-07-01T15:16:14Z
38380446,https://github.com/herohead049/backupSupport,herohead049,2015-07-01T15:58:14Z
38378549,https://github.com/rlargman/react-tutorial,rlargman,2015-07-01T15:21:41Z
38378734,https://github.com/teland/mtto,teland,2015-07-01T15:25:41Z
38379702,https://github.com/algol007/PakWayan,algol007,2015-07-01T15:42:52Z
38378157,https://github.com/xseignard/leapbird,xseignard,2015-07-01T15:14:51Z
38379333,https://github.com/KinveyApps/TestDrive-MICProvider,KinveyApps,2015-07-01T15:36:25Z
38379170,https://github.com/tizianaercolani/Valentino,tizianaercolani,2015-07-01T15:33:23Z
38380464,https://github.com/plamoureux/osm-business,plamoureux,2015-07-01T15:58:33Z
38377969,https://github.com/roopunk/fashionove,roopunk,2015-07-01T15:11:36Z
38378851,https://github.com/carolinaisaza1/ApkClient,carolinaisaza1,2015-07-01T15:27:33Z
38378093,https://github.com/snk7891/rapid-dev,snk7891,2015-07-01T15:14:08Z
38378588,https://github.com/nirmohi0605/TripPlanner,nirmohi0605,2015-07-01T15:22:27Z
38378861,https://github.com/mattantonelli/contacts-manager,mattantonelli,2015-07-01T15:27:42Z
38379934,https://github.com/thevizmachine/subte,thevizmachine,2015-07-01T15:47:35Z
38377756,https://github.com/smturek/endless-runner-game,smturek,2015-07-01T15:07:33Z
38380214,https://github.com/AStaroverov/dota2about,AStaroverov,2015-07-01T15:53:49Z
38380315,https://github.com/phuochuy-github/simpletshirt,phuochuy-github,2015-07-01T15:55:58Z
38377547,https://github.com/PixelBreeze/PotatoScript,PixelBreeze,2015-07-01T15:03:25Z
38377850,https://github.com/klaussa/lodas,klaussa,2015-07-01T15:09:11Z
38377833,https://github.com/unboxed/cheers,unboxed,2015-07-01T15:08:57Z
38377609,https://github.com/praveengogula/Azure-DocumentDB-Example,praveengogula,2015-07-01T15:04:24Z
38378754,https://github.com/yoyo2002270/womany,yoyo2002270,2015-07-01T15:25:58Z
38378963,https://github.com/MNFrankie/DisQussForum,MNFrankie,2015-07-01T15:29:26Z
38379028,https://github.com/loiclesaout/alfresco-share-site-logo-customization,loiclesaout,2015-07-01T15:30:59Z
38378463,https://github.com/tiggerwwc/codelab,tiggerwwc,2015-07-01T15:20:11Z
38378521,https://github.com/cez213/trip-planner,cez213,2015-07-01T15:21:11Z
38378316,https://github.com/DrJest/jQuery-SlideOver,DrJest,2015-07-01T15:17:42Z
38379892,https://github.com/samsmo/uncontext-music,samsmo,2015-07-01T15:46:29Z
38380538,https://github.com/bthallion/tttserver,bthallion,2015-07-01T15:59:50Z
38380467,https://github.com/shuaibiyy/learndot-desktop,shuaibiyy,2015-07-01T15:58:37Z
38379963,https://github.com/rtrvrtg/owlcarousel1-thumbnails,rtrvrtg,2015-07-01T15:48:22Z
38378773,https://github.com/mkumarishir/ShipOS,mkumarishir,2015-07-01T15:26:16Z
38377472,https://github.com/andrewgreenh/font-awesome-icon-picker,andrewgreenh,2015-07-01T15:02:12Z
38377666,https://github.com/PlatformSupport/contacts-tutorial,PlatformSupport,2015-07-01T15:05:35Z
38378021,https://github.com/mathbiol/redcap,mathbiol,2015-07-01T15:12:42Z
38378438,https://github.com/bosung/Loyola_lostbook,bosung,2015-07-01T15:19:45Z
38379004,https://github.com/vonpoland/framework-defense,vonpoland,2015-07-01T15:30:23Z
38379893,https://github.com/bishopjun11/VacationWebPages,bishopjun11,2015-07-01T15:46:29Z
38379471,https://github.com/djmcdonald/code-dojo-nodejs,djmcdonald,2015-07-01T15:38:44Z
38377525,https://github.com/phillycc/IZEA_exercise,phillycc,2015-07-01T15:03:09Z
38378860,https://github.com/javiaa/random,javiaa,2015-07-01T15:27:42Z
38379174,https://github.com/blakeprobinson/mobileApp,blakeprobinson,2015-07-01T15:33:26Z
38379778,https://github.com/EastCoastProduct/Todo-App,EastCoastProduct,2015-07-01T15:44:15Z
38378606,https://github.com/Uriol/music_player,Uriol,2015-07-01T15:23:02Z
38378713,https://github.com/annielcook/trip-planner,annielcook,2015-07-01T15:25:13Z
38380312,https://github.com/toddler4372/Resolute-Innovation,toddler4372,2015-07-01T15:55:56Z
38379280,https://github.com/edgiru/openfire-jappix,edgiru,2015-07-01T15:35:30Z