24341073,https://github.com/hashbangcode/vlad,hashbangcode,2014-09-22T18:51:01Z
24339937,https://github.com/nekudo/jitt.li,nekudo,2014-09-22T18:20:09Z
24340547,https://github.com/wallcreeper/ch.bfh.bti7054.w2014.q.uTag,wallcreeper,2014-09-22T18:36:46Z
24341026,https://github.com/Tyralcori/RedSheepFramework,Tyralcori,2014-09-22T18:49:40Z
24341094,https://github.com/scotchfield/hoodie,scotchfield,2014-09-22T18:51:39Z
24339232,https://github.com/rossriley/bolt-extension-starter,rossriley,2014-09-22T18:00:12Z
24341157,https://github.com/mipmip/scheduler_debug,mipmip,2014-09-22T18:53:34Z
24339703,https://github.com/EdJohnsen/Coursera-Data-Scripts,EdJohnsen,2014-09-22T18:13:23Z
24339564,https://github.com/flgdev/phpcms,flgdev,2014-09-22T18:09:50Z
24340097,https://github.com/Klinche/achworks,Klinche,2014-09-22T18:24:26Z
24340329,https://github.com/itananika/dayBook,itananika,2014-09-22T18:30:49Z
24340594,https://github.com/mpetrowi/enrol_backuptest,mpetrowi,2014-09-22T18:38:01Z
24339543,https://github.com/daohoangson/laravel-blog,daohoangson,2014-09-22T18:09:03Z
24339266,https://github.com/guiwoda/laravel-domain-requirements-example,guiwoda,2014-09-22T18:01:16Z
24340511,https://github.com/ztaoing/hd,ztaoing,2014-09-22T18:35:24Z
24340507,https://github.com/josephting/lolapi-4-laravel,josephting,2014-09-22T18:35:20Z
24339365,https://github.com/ArNic/SAllFY-Framework-3,ArNic,2014-09-22T18:04:27Z
24339588,https://github.com/shagstaphone/lostmoon,shagstaphone,2014-09-22T18:10:38Z
24340846,https://github.com/arikan/yereldemok,arikan,2014-09-22T18:45:10Z
24340744,https://github.com/jiteshtandel/04CP018_no_son,jiteshtandel,2014-09-22T18:42:25Z
24340682,https://github.com/schum30/ch.bfh.bti7054.w2014.q.bwl,schum30,2014-09-22T18:40:29Z
24340779,https://github.com/duggo1/ch.bfh.bti7054.w2014.q.mywgzimmer,duggo1,2014-09-22T18:43:14Z
24341287,https://github.com/cahnrswebteam/cahnrs-impact-reports,cahnrswebteam,2014-09-22T18:57:14Z
24341334,https://github.com/RojasMiguel/Portafolio,RojasMiguel,2014-09-22T18:58:37Z
24341322,https://github.com/NuclleaR/phalcon-test,NuclleaR,2014-09-22T18:58:18Z
24340946,https://github.com/ac8wv/-4-keyless-entry,ac8wv,2014-09-22T18:47:38Z
24340018,https://github.com/123digi/Woocommerce-Event-Product-Type,123digi,2014-09-22T18:22:21Z
24340189,https://github.com/rhymeandreasonca/SlashSlashToDo,rhymeandreasonca,2014-09-22T18:26:44Z
24341228,https://github.com/JonathanEstay/allways,JonathanEstay,2014-09-22T18:55:35Z
24340497,https://github.com/glebv/OpenExchangeRate-Silex-Angular,glebv,2014-09-22T18:35:02Z
24340627,https://github.com/kunalmaheshwari/oneminutestory,kunalmaheshwari,2014-09-22T18:38:53Z