211610119,https://github.com/honsty/hsql,honsty,2019-09-29T05:47:49Z
211610891,https://github.com/anirudhganwal06/blog-api-with-golang,anirudhganwal06,2019-09-29T05:55:19Z
211611013,https://github.com/btubbs/goqu-examples,btubbs,2019-09-29T05:56:34Z
211609287,https://github.com/jarrettkong/go-http,jarrettkong,2019-09-29T05:39:13Z
211610541,https://github.com/qianyaozu/ratelimit,qianyaozu,2019-09-29T05:52:05Z
211609832,https://github.com/ichiban/truncate,ichiban,2019-09-29T05:44:55Z
211606528,https://github.com/urawa72/hello-grpc,urawa72,2019-09-29T05:09:05Z
211610513,https://github.com/lazyderek/example-go,lazyderek,2019-09-29T05:51:45Z
211609671,https://github.com/rio197/Go-TCP-and-UDP-Client-and-Server-Exercise,rio197,2019-09-29T05:43:12Z
211609386,https://github.com/hgsgtk/go-concurrency-hands-on,hgsgtk,2019-09-29T05:40:08Z
211609461,https://github.com/cbfield/golang-restapi,cbfield,2019-09-29T05:41:01Z
211611131,https://github.com/GZH524198104/go-assets-management,GZH524198104,2019-09-29T05:57:35Z