48937469,https://github.com/idcos/osinstall-ui,idcos,2016-01-03T07:10:11Z
48937268,https://github.com/kgryte/npm-registry-package-info,kgryte,2016-01-03T07:01:18Z
48938324,https://github.com/leeif/super_mario_game,leeif,2016-01-03T07:47:05Z
48937978,https://github.com/yinrong/node-line-stream-util,yinrong,2016-01-03T07:32:42Z
48938279,https://github.com/softwarezhu/zcrawler,softwarezhu,2016-01-03T07:45:25Z
48938589,https://github.com/shunirr/livestreaming-tv,shunirr,2016-01-03T07:59:24Z
48937560,https://github.com/jessedoyle/coffee-script-source,jessedoyle,2016-01-03T07:14:46Z
48937590,https://github.com/qazsato/mecab-search-console,qazsato,2016-01-03T07:16:11Z
48938552,https://github.com/Rich-Neighbors/Rich-Neighbors,Rich-Neighbors,2016-01-03T07:57:45Z
48937903,https://github.com/marty5499/scratchxweb,marty5499,2016-01-03T07:29:41Z
48937290,https://github.com/SmallDev/bookEdit,SmallDev,2016-01-03T07:02:24Z
48938445,https://github.com/kevinbarabash/game-engine,kevinbarabash,2016-01-03T07:52:37Z
48937652,https://github.com/davidascher/constructive,davidascher,2016-01-03T07:19:00Z
48937753,https://github.com/Rebeccaliao/final-test,Rebeccaliao,2016-01-03T07:23:34Z
48938181,https://github.com/inuduka-shino/zaimUtil,inuduka-shino,2016-01-03T07:41:30Z
48937459,https://github.com/gulci-poz/wtfjs,gulci-poz,2016-01-03T07:09:52Z
48937962,https://github.com/lexarx/image,lexarx,2016-01-03T07:32:13Z
48937525,https://github.com/gpsoft/spring_lanmap,gpsoft,2016-01-03T07:13:08Z
48938161,https://github.com/chandnib/Uber-Prototype---BackEnd,chandnib,2016-01-03T07:40:48Z
48937519,https://github.com/Zashy/NWMCC_2015,Zashy,2016-01-03T07:12:44Z
48938529,https://github.com/MichaelHuy/playvideo_ionic,MichaelHuy,2016-01-03T07:56:28Z
48938212,https://github.com/xinzhengzhang/ztv,xinzhengzhang,2016-01-03T07:42:32Z
48937284,https://github.com/kiranvsk1/rest-api,kiranvsk1,2016-01-03T07:02:02Z
48938486,https://github.com/chaurasiyaumesh9/test-mean-01,chaurasiyaumesh9,2016-01-03T07:54:26Z
48938023,https://github.com/YushengLi/WebduinoXTelegram,YushengLi,2016-01-03T07:34:17Z
48937638,https://github.com/YonasBerhe/ReactMeteorRouting,YonasBerhe,2016-01-03T07:18:21Z
48938184,https://github.com/irealva/irealva.github.io,irealva,2016-01-03T07:41:36Z
48937262,https://github.com/douraymi/laomaWeChat,douraymi,2016-01-03T07:01:00Z
48938342,https://github.com/nguyen-le/lunchux,nguyen-le,2016-01-03T07:48:05Z
48938549,https://github.com/jbobron/dolofm,jbobron,2016-01-03T07:57:38Z
48937539,https://github.com/stvrbbns/New-Lands,stvrbbns,2016-01-03T07:13:41Z
48937420,https://github.com/RandyDavis/RESTfulWebServicesWithNodeAndExpress,RandyDavis,2016-01-03T07:08:22Z
48937616,https://github.com/David90sev/ProyectoSACSIS2016,David90sev,2016-01-03T07:17:05Z
48937815,https://github.com/vikramcse/react-twitter-clone,vikramcse,2016-01-03T07:26:27Z
48938243,https://github.com/guoquan/jupyter-scroll,guoquan,2016-01-03T07:44:14Z
48938352,https://github.com/nukr/api-boilerplate,nukr,2016-01-03T07:48:27Z
48938265,https://github.com/royguo/leetcode4python,royguo,2016-01-03T07:45:03Z