162786632,https://github.com/xuexb/DevOps,xuexb,2018-12-22T06:12:34Z
162788838,https://github.com/Kadam-Tushar/FundChain,Kadam-Tushar,2018-12-22T06:52:21Z
162787251,https://github.com/zkpki/zkpki,zkpki,2018-12-22T06:23:27Z
162786773,https://github.com/jhinch/nginx-linter,jhinch,2018-12-22T06:15:01Z
162788359,https://github.com/iCGY96/Depth-Estimation-Web,iCGY96,2018-12-22T06:42:56Z
162788698,https://github.com/projectmana/proyectmana,projectmana,2018-12-22T06:49:44Z
162787776,https://github.com/jisi724/webpack4-starter-Standard-PostCSS,jisi724,2018-12-22T06:32:40Z
162788459,https://github.com/mcabrex/portfolio,mcabrex,2018-12-22T06:44:46Z
162786326,https://github.com/whylisa/vuex-stepbystep,whylisa,2018-12-22T06:06:58Z
162786193,https://github.com/SailorCai/node-socket,SailorCai,2018-12-22T06:04:28Z
162786419,https://github.com/ankitamasand/react-chrome-ext-boilerplate,ankitamasand,2018-12-22T06:08:46Z
162786698,https://github.com/mind-hack-zombie/frontend,mind-hack-zombie,2018-12-22T06:13:46Z
162788150,https://github.com/ahungry/diffable,ahungry,2018-12-22T06:39:32Z
162787230,https://github.com/kdilip17/yearbook,kdilip17,2018-12-22T06:23:06Z
162789062,https://github.com/dai-shi/apollo-server-patch-playground-example,dai-shi,2018-12-22T06:55:49Z
162788458,https://github.com/shengjon/vue-project,shengjon,2018-12-22T06:44:44Z
162788385,https://github.com/KeonYeong/2013012115.github.io,KeonYeong,2018-12-22T06:43:33Z
162787101,https://github.com/Arjun-tp/loginform,Arjun-tp,2018-12-22T06:21:08Z
162786126,https://github.com/war-turtle/Obscura_5.5_backend,war-turtle,2018-12-22T06:03:08Z
162788750,https://github.com/elmmo/sgo,elmmo,2018-12-22T06:50:47Z
162789308,https://github.com/amitgupta13/shopping-cartv2,amitgupta13,2018-12-22T06:59:59Z
162788192,https://github.com/AskilD85/askild85.github.io,AskilD85,2018-12-22T06:40:15Z
162788502,https://github.com/simultechnology/SampleHtmlSite,simultechnology,2018-12-22T06:45:37Z
162786132,https://github.com/wdeanmedical/react-starter-app,wdeanmedical,2018-12-22T06:03:13Z
162788748,https://github.com/dev-z/fashioncloud-cachingserver,dev-z,2018-12-22T06:50:46Z
162787088,https://github.com/bsbimalbose/test,bsbimalbose,2018-12-22T06:20:53Z
162787216,https://github.com/xzzdd/my_tx,xzzdd,2018-12-22T06:22:50Z
162789122,https://github.com/Xiaoyuwang9370/GraduationProgram,Xiaoyuwang9370,2018-12-22T06:56:53Z
162786055,https://github.com/dkafewou/sample-react,dkafewou,2018-12-22T06:01:57Z
162786465,https://github.com/Tepeli/www-hootee,Tepeli,2018-12-22T06:09:38Z
162787463,https://github.com/grace-ko/music-player,grace-ko,2018-12-22T06:27:08Z
162787962,https://github.com/tbatishcheva/conditional-rendering,tbatishcheva,2018-12-22T06:36:19Z
162788265,https://github.com/Zerg00s/ts-kata,Zerg00s,2018-12-22T06:41:31Z
162788636,https://github.com/yunbow/sample-moment-js,yunbow,2018-12-22T06:48:20Z
162786635,https://github.com/oldbk/bookmaker,oldbk,2018-12-22T06:12:39Z
162789026,https://github.com/rukminihere/LTP_Project,rukminihere,2018-12-22T06:55:13Z
162787743,https://github.com/Thangarajcs/Pig_game_JavaScript_DOM,Thangarajcs,2018-12-22T06:31:55Z
162787465,https://github.com/ChaCha4/react-subNav,ChaCha4,2018-12-22T06:27:09Z
162787545,https://github.com/Sonvendra/JavaScript_Completed_Files,Sonvendra,2018-12-22T06:28:38Z
162787577,https://github.com/klavestad/meteor-pupeteer,klavestad,2018-12-22T06:29:10Z
162787974,https://github.com/leobaixinxin/reader,leobaixinxin,2018-12-22T06:36:29Z
162788293,https://github.com/SergeyNekrasoff/saver-bot,SergeyNekrasoff,2018-12-22T06:41:55Z
162788952,https://github.com/cloverhearts/javascript-module-boilerplate,cloverhearts,2018-12-22T06:54:03Z
162788054,https://github.com/Srivani1291/gnits_play,Srivani1291,2018-12-22T06:37:55Z
162786325,https://github.com/shubham028/Spinner,shubham028,2018-12-22T06:06:58Z
162789144,https://github.com/Treast/dipper.js,Treast,2018-12-22T06:57:20Z
162789286,https://github.com/davidraygoza/react_samples,davidraygoza,2018-12-22T06:59:37Z
162786901,https://github.com/davidroyer/nuxt-collections,davidroyer,2018-12-22T06:17:31Z
162787446,https://github.com/irfanfauzi293/nodejs-backend,irfanfauzi293,2018-12-22T06:26:55Z
162787255,https://github.com/belteshazzar543/4lifevida,belteshazzar543,2018-12-22T06:23:32Z
162787782,https://github.com/beeran/Project2,beeran,2018-12-22T06:32:45Z
162788983,https://github.com/wolftotem4/new-drag.js,wolftotem4,2018-12-22T06:54:30Z
162786189,https://github.com/LoongMiss/vue,LoongMiss,2018-12-22T06:04:25Z
162788390,https://github.com/zongjl/RXThinkV2.0_ThinkPhp3.2_Layui2.4.5,zongjl,2018-12-22T06:43:35Z
162789236,https://github.com/bymys/bee1.github.io,bymys,2018-12-22T06:58:48Z
162789266,https://github.com/Scarnouse/lifecicle-old-react-way,Scarnouse,2018-12-22T06:59:16Z
162789057,https://github.com/dothecoolwip/help2,dothecoolwip,2018-12-22T06:55:45Z
162786930,https://github.com/madukai/React1,madukai,2018-12-22T06:18:07Z
162788067,https://github.com/CODEMCD/npmtest,CODEMCD,2018-12-22T06:38:05Z
162787237,https://github.com/SamvelPapyan/Samvel-Papyan,SamvelPapyan,2018-12-22T06:23:14Z
162786119,https://github.com/war-turtle/Obscura_5.5_frontend,war-turtle,2018-12-22T06:03:01Z
162788435,https://github.com/tangjienan/wechat_clone,tangjienan,2018-12-22T06:44:19Z
162788635,https://github.com/naoto0309/client,naoto0309,2018-12-22T06:48:20Z
162789255,https://github.com/beppu/peerstreet-server,beppu,2018-12-22T06:59:04Z
162788378,https://github.com/munouse/HanaWeb,munouse,2018-12-22T06:43:20Z
162786697,https://github.com/MSalmanAwan5/selenium_ecommerce,MSalmanAwan5,2018-12-22T06:13:41Z
162787421,https://github.com/tingzhouu/bitcoin-ticker,tingzhouu,2018-12-22T06:26:24Z
162787607,https://github.com/rmaharja/mailChimpAPI,rmaharja,2018-12-22T06:29:41Z
162787314,https://github.com/dennisholee/my-gcp-function,dennisholee,2018-12-22T06:24:34Z
162787673,https://github.com/dungthetenanhla/api,dungthetenanhla,2018-12-22T06:30:38Z
162787717,https://github.com/zlyoung/VirtualCity,zlyoung,2018-12-22T06:31:31Z
162786177,https://github.com/remynguyen96/pwa-christmas,remynguyen96,2018-12-22T06:04:09Z
162788015,https://github.com/venkateshreddy/students-api,venkateshreddy,2018-12-22T06:37:10Z
162788653,https://github.com/iamrashed01/redux-basics,iamrashed01,2018-12-22T06:48:40Z
162789305,https://github.com/dasherzx/dibots,dasherzx,2018-12-22T06:59:58Z
162787334,https://github.com/Vaish-V/Tic-Tac-Toe,Vaish-V,2018-12-22T06:25:00Z
162787496,https://github.com/futurefantasy/futurefantasy.github.io,futurefantasy,2018-12-22T06:27:51Z
162787543,https://github.com/c4evth/corrosion,c4evth,2018-12-22T06:28:34Z
162787822,https://github.com/lukzhang/token_sale,lukzhang,2018-12-22T06:33:30Z
162786216,https://github.com/codejoncode/Chore-Door,codejoncode,2018-12-22T06:04:50Z
162785964,https://github.com/rgarregrah/Vue-js_Todo_Tutorial,rgarregrah,2018-12-22T06:00:05Z
162785997,https://github.com/arshmakker/c3-react-test,arshmakker,2018-12-22T06:00:47Z
162786305,https://github.com/philanderson888/react,philanderson888,2018-12-22T06:06:37Z
162788076,https://github.com/awitherow/admin,awitherow,2018-12-22T06:38:11Z
162787781,https://github.com/Meqn/gwo,Meqn,2018-12-22T06:32:42Z
162787861,https://github.com/youthquare/youthquare-server,youthquare,2018-12-22T06:34:21Z
162786130,https://github.com/fissioner/runner_gunner,fissioner,2018-12-22T06:03:10Z
162788751,https://github.com/GildaFebriandini23/Node-Mysql,GildaFebriandini23,2018-12-22T06:50:49Z
162789036,https://github.com/jamesoppp/dounai_admin,jamesoppp,2018-12-22T06:55:22Z
162788679,https://github.com/Mdax77xR1/TrixMc-BroadCast,Mdax77xR1,2018-12-22T06:49:13Z
162789089,https://github.com/leejw0913/17th-Appjam-App,leejw0913,2018-12-22T06:56:17Z
162788311,https://github.com/alex-griffiths/ember-super-rentals,alex-griffiths,2018-12-22T06:42:13Z
162788851,https://github.com/vsxingchen/swxdev,vsxingchen,2018-12-22T06:52:30Z
162788940,https://github.com/dca123/food-web,dca123,2018-12-22T06:53:53Z
162787548,https://github.com/jswang5787/whqy,jswang5787,2018-12-22T06:28:42Z
162786088,https://github.com/Fahmi21al/Fahmi21al.github.io,Fahmi21al,2018-12-22T06:02:28Z
162787124,https://github.com/gcamacho079/congenial-octo-potato,gcamacho079,2018-12-22T06:21:24Z
162789200,https://github.com/jwir3/fractal-status-helper,jwir3,2018-12-22T06:58:17Z
162788859,https://github.com/putrairawan992/tic-toc-game-reactjs,putrairawan992,2018-12-22T06:52:35Z
162788915,https://github.com/kan97/Forest-Network-Parse,kan97,2018-12-22T06:53:22Z
162788425,https://github.com/905364822/work,905364822,2018-12-22T06:44:11Z
162788047,https://github.com/hoozi/ywoa,hoozi,2018-12-22T06:37:47Z
162786348,https://github.com/colinciesla/simon-game,colinciesla,2018-12-22T06:07:24Z
162787177,https://github.com/caioernandes/node-api-crud-produtos,caioernandes,2018-12-22T06:22:11Z
162787891,https://github.com/prachiti98/Solidity,prachiti98,2018-12-22T06:34:59Z
162787998,https://github.com/rjseymour66/restful_todo,rjseymour66,2018-12-22T06:36:54Z
162788227,https://github.com/ledaian41/React-test-solution,ledaian41,2018-12-22T06:41:01Z
162789149,https://github.com/e-watson/pirple-nodejs-course,e-watson,2018-12-22T06:57:26Z
162789168,https://github.com/jeffzwang/webpoker,jeffzwang,2018-12-22T06:57:38Z
162789246,https://github.com/fuchenxu2008/blog,fuchenxu2008,2018-12-22T06:58:57Z
162789070,https://github.com/douginreno/edawnDataTools,douginreno,2018-12-22T06:56:00Z
162788786,https://github.com/thanhtai-personal/messageTest,thanhtai-personal,2018-12-22T06:51:30Z
162786579,https://github.com/papondum/pokedex,papondum,2018-12-22T06:11:27Z
162787477,https://github.com/saikatharryc/blockchain-toolkit-v1,saikatharryc,2018-12-22T06:27:25Z
162787238,https://github.com/Kicktemp/bootstrap,Kicktemp,2018-12-22T06:23:14Z
162789097,https://github.com/YusukeHub/VueSamples,YusukeHub,2018-12-22T06:56:24Z
162788701,https://github.com/Suyren/lineTest,Suyren,2018-12-22T06:49:45Z
162789183,https://github.com/KaustuvMukherjee/node-koa-server,KaustuvMukherjee,2018-12-22T06:58:04Z
162788787,https://github.com/armbaldryan/sport_test,armbaldryan,2018-12-22T06:51:30Z
162788913,https://github.com/jasonlee1028/resource_record_front,jasonlee1028,2018-12-22T06:53:21Z
162786011,https://github.com/18339167199/res,18339167199,2018-12-22T06:01:08Z
162787228,https://github.com/Intellcet/Graphics,Intellcet,2018-12-22T06:23:02Z
162786158,https://github.com/deepak6446/running_untrusted_user_code_in_node,deepak6446,2018-12-22T06:03:46Z
162786835,https://github.com/elenaek/puppeteer-automation-demo,elenaek,2018-12-22T06:16:11Z
162786672,https://github.com/17th-AppJam-go2/server,17th-AppJam-go2,2018-12-22T06:13:19Z
162786761,https://github.com/hrsalazar/victor-hugo,hrsalazar,2018-12-22T06:14:48Z
162786912,https://github.com/masanorifunaki/react-basic,masanorifunaki,2018-12-22T06:17:46Z
162786125,https://github.com/AsimShresth/LyricsFinder,AsimShresth,2018-12-22T06:03:07Z
162786684,https://github.com/KaustuvMukherjee/node-express-server,KaustuvMukherjee,2018-12-22T06:13:30Z
162786690,https://github.com/arifaji/NodeServer,arifaji,2018-12-22T06:13:34Z
162787616,https://github.com/MingleJia/vueDocumentCoding,MingleJia,2018-12-22T06:29:50Z
162787316,https://github.com/CSUFT-Web/WechatWeb,CSUFT-Web,2018-12-22T06:24:35Z
162787732,https://github.com/taportuese/snailmail,taportuese,2018-12-22T06:31:48Z
162788030,https://github.com/EsherApe/apollonia.cabinet,EsherApe,2018-12-22T06:37:32Z
162786292,https://github.com/chichi77/TaiJun,chichi77,2018-12-22T06:06:17Z
162786076,https://github.com/joshromea/liri-node-app,joshromea,2018-12-22T06:02:16Z
162787044,https://github.com/hasindumm/AssetManager-1.1,hasindumm,2018-12-22T06:20:10Z
162789199,https://github.com/baoyong1258/webpack4.0-config,baoyong1258,2018-12-22T06:58:17Z
162787851,https://github.com/resist-network/resist-discord-bot,resist-network,2018-12-22T06:34:11Z
162786140,https://github.com/Lee-Xiaocai/Lee-Xiaocai.github.io,Lee-Xiaocai,2018-12-22T06:03:23Z
162787654,https://github.com/manojkorlepara/module-4,manojkorlepara,2018-12-22T06:30:22Z
162788687,https://github.com/afan2018/afan2018.github.io,afan2018,2018-12-22T06:49:25Z
162788721,https://github.com/yoshi2-2/pokeart-test,yoshi2-2,2018-12-22T06:50:10Z