88569162,https://github.com/wdfe/ideploy,wdfe,2017-04-18T01:50:08Z
88565670,https://github.com/SoftwareEngineeringDaily/software-engineering-daily-api,SoftwareEngineeringDaily,2017-04-18T01:05:39Z
88568325,https://github.com/envato/react-ab-experiment,envato,2017-04-18T01:39:56Z
88565758,https://github.com/summerandwinter/wxapp,summerandwinter,2017-04-18T01:06:48Z
88569909,https://github.com/Gtosta96/tdc-react-redux,Gtosta96,2017-04-18T01:59:32Z
88567855,https://github.com/FindEarth/app,FindEarth,2017-04-18T01:34:31Z
88566536,https://github.com/kevinkiklee/apodview,kevinkiklee,2017-04-18T01:17:29Z
88568955,https://github.com/MondoGao/by-OneThousandOneMan,MondoGao,2017-04-18T01:47:25Z
88569632,https://github.com/dingyoujian/webpack-react-demo,dingyoujian,2017-04-18T01:56:06Z
88569649,https://github.com/sushil1/sharing_bookmarks,sushil1,2017-04-18T01:56:13Z
88569427,https://github.com/benweizhu/react-heatmap.js,benweizhu,2017-04-18T01:53:38Z
88568278,https://github.com/lukeed/fly-jest,lukeed,2017-04-18T01:39:32Z
88566663,https://github.com/shangraochq/chatrooms,shangraochq,2017-04-18T01:19:11Z
88565730,https://github.com/20Nick/ChromeExT-Locker,20Nick,2017-04-18T01:06:25Z
88567722,https://github.com/adiputraps/WebViewBelanjaOnline,adiputraps,2017-04-18T01:32:21Z
88569329,https://github.com/wooribot/wooribot,wooribot,2017-04-18T01:52:22Z
88569367,https://github.com/hzn1995/canvas_Snake,hzn1995,2017-04-18T01:52:49Z
88567050,https://github.com/ShadowDeveloper/React-Filtering,ShadowDeveloper,2017-04-18T01:24:32Z
88566305,https://github.com/Emptymu/WeChat-App,Emptymu,2017-04-18T01:14:53Z
88565302,https://github.com/dhavalnc1/CSC455,dhavalnc1,2017-04-18T01:00:35Z
88567256,https://github.com/zhanlijian/shortVuex,zhanlijian,2017-04-18T01:27:01Z
88569071,https://github.com/Teoble/learnode,Teoble,2017-04-18T01:48:44Z
88566884,https://github.com/heyanjing/maven-web,heyanjing,2017-04-18T01:22:07Z
88567143,https://github.com/adongtt/weapp-douban,adongtt,2017-04-18T01:25:50Z
88565791,https://github.com/ndongamadu/hdx-unodc-sexual-violence,ndongamadu,2017-04-18T01:07:16Z
88567946,https://github.com/laksonosuryadi/testing-controller-with-mocha,laksonosuryadi,2017-04-18T01:35:32Z
88565581,https://github.com/castlemaninc/Bamazon,castlemaninc,2017-04-18T01:04:36Z
88567151,https://github.com/sunil12738/Programming,sunil12738,2017-04-18T01:25:53Z
88565522,https://github.com/JHKennedy4/fractional-web,JHKennedy4,2017-04-18T01:03:49Z
88566020,https://github.com/chuongdlb/node-express-login,chuongdlb,2017-04-18T01:10:32Z
88567186,https://github.com/jonwhelan/ol,jonwhelan,2017-04-18T01:26:19Z
88569093,https://github.com/ezeikel/netflix-checker-web,ezeikel,2017-04-18T01:49:07Z
88566511,https://github.com/Babel2013/gallary-by-react,Babel2013,2017-04-18T01:17:09Z
88568371,https://github.com/hillalex/local-cuts,hillalex,2017-04-18T01:40:29Z
88565777,https://github.com/mdzhang/auth0-wt,mdzhang,2017-04-18T01:07:01Z
88568872,https://github.com/meyer-mcmains/JC-Project,meyer-mcmains,2017-04-18T01:46:30Z
88568304,https://github.com/nturbvil/Exam-2-problem,nturbvil,2017-04-18T01:39:48Z
88568450,https://github.com/mischkacap/userinputs,mischkacap,2017-04-18T01:41:29Z
88567184,https://github.com/hoggenw/YLJava,hoggenw,2017-04-18T01:26:18Z
88567584,https://github.com/csdiedrich/fibonaci,csdiedrich,2017-04-18T01:30:36Z
88566203,https://github.com/NathanielRN/Pray4MeBackend,NathanielRN,2017-04-18T01:13:18Z
88566839,https://github.com/SparkX17/LearnMax,SparkX17,2017-04-18T01:21:30Z
88568834,https://github.com/tocatoco/HowToProtractor,tocatoco,2017-04-18T01:46:07Z
88568509,https://github.com/popemray00/Trackster,popemray00,2017-04-18T01:42:06Z
88567832,https://github.com/SPPatelDev/ePlaybook,SPPatelDev,2017-04-18T01:34:04Z
88565511,https://github.com/twlee79/trackscribe,twlee79,2017-04-18T01:03:40Z
88565491,https://github.com/itsandromeda/Ejercicio-Panda,itsandromeda,2017-04-18T01:03:27Z
88565445,https://github.com/excaliburjs/ludum-38,excaliburjs,2017-04-18T01:02:48Z
88568267,https://github.com/JackTillotson/Csis304Final,JackTillotson,2017-04-18T01:39:24Z
88567128,https://github.com/QinZen/quotes,QinZen,2017-04-18T01:25:38Z
88567164,https://github.com/lmssrinivas/react-netflix,lmssrinivas,2017-04-18T01:26:04Z
88565637,https://github.com/ssindra/webview,ssindra,2017-04-18T01:05:16Z
88567540,https://github.com/jiansheng7896/aaaa,jiansheng7896,2017-04-18T01:30:15Z
88567742,https://github.com/sretundijr/first-capstone,sretundijr,2017-04-18T01:32:39Z
88569391,https://github.com/Mr-Tommy/WeChatCustomMenuVisualSettings,Mr-Tommy,2017-04-18T01:53:08Z
88567205,https://github.com/AlanArBras/TP7_SIR_ANGULARJS_JPA,AlanArBras,2017-04-18T01:26:28Z
88568754,https://github.com/promethwill88/project-1,promethwill88,2017-04-18T01:44:58Z
88566040,https://github.com/VitaliiFedun/OCR,VitaliiFedun,2017-04-18T01:10:44Z
88569938,https://github.com/aloha1234/StoneRoad,aloha1234,2017-04-18T01:59:44Z
88569941,https://github.com/ElDocWho/bus-mall1,ElDocWho,2017-04-18T01:59:45Z
88568789,https://github.com/queensly/book,queensly,2017-04-18T01:45:23Z
88569003,https://github.com/michaelablackham/exercism-javascript,michaelablackham,2017-04-18T01:47:55Z
88565251,https://github.com/ybaik/KML-on-Google-map,ybaik,2017-04-18T01:00:01Z
88565281,https://github.com/cbrannon/Bamazon,cbrannon,2017-04-18T01:00:20Z
88569438,https://github.com/liuxingsong/tigger,liuxingsong,2017-04-18T01:53:44Z
88568352,https://github.com/SilveredSliver/busmall-start,SilveredSliver,2017-04-18T01:40:16Z
88566351,https://github.com/kaihsu94/angular2-skeleton,kaihsu94,2017-04-18T01:15:19Z
88566504,https://github.com/chenyuhero/frontendcode,chenyuhero,2017-04-18T01:17:04Z
88565515,https://github.com/daltondiaz/auth-with-jwt-vue,daltondiaz,2017-04-18T01:03:42Z
88565916,https://github.com/nanztvcom/WebView,nanztvcom,2017-04-18T01:09:11Z
88568112,https://github.com/gboyce/audiobuzz,gboyce,2017-04-18T01:37:18Z
88568136,https://github.com/mpchadwick/imagining-a-world-without-caching,mpchadwick,2017-04-18T01:37:42Z
88567826,https://github.com/394286006/minn-mobile-web,394286006,2017-04-18T01:33:59Z
88568685,https://github.com/ryanmccombe/mongoMocha,ryanmccombe,2017-04-18T01:44:12Z
88567884,https://github.com/publicarray/solar-sim,publicarray,2017-04-18T01:34:52Z
88565642,https://github.com/cyij/vue-framework,cyij,2017-04-18T01:05:19Z
88567369,https://github.com/duongvu96/qac386-s17-midterm,duongvu96,2017-04-18T01:28:11Z
88567410,https://github.com/virgilvox/arblevox,virgilvox,2017-04-18T01:28:42Z
88565954,https://github.com/austinbillings/freestyle,austinbillings,2017-04-18T01:09:40Z
88568608,https://github.com/LING36/WeChat-applet,LING36,2017-04-18T01:43:17Z
88569323,https://github.com/EuphMike/bloc-jams-angular,EuphMike,2017-04-18T01:52:18Z
88567866,https://github.com/xlei1123/rencaigushi,xlei1123,2017-04-18T01:34:37Z
88569831,https://github.com/wfyweb/qiqi,wfyweb,2017-04-18T01:58:34Z
88568068,https://github.com/webUIdevelopment/reactjs-app,webUIdevelopment,2017-04-18T01:36:36Z
88566624,https://github.com/jieroyuho/Test2,jieroyuho,2017-04-18T01:18:39Z
88566845,https://github.com/MonaSong/testWebpack,MonaSong,2017-04-18T01:21:34Z
88566241,https://github.com/reactive-io/lambda-time-check,reactive-io,2017-04-18T01:13:54Z
88566395,https://github.com/mleeburke/flexbox-and-react-native,mleeburke,2017-04-18T01:15:50Z
88567638,https://github.com/BitschenFitschen/HW11_FlashCards,BitschenFitschen,2017-04-18T01:31:17Z
88567656,https://github.com/yassine-khachlek/url-shortener,yassine-khachlek,2017-04-18T01:31:29Z
88569345,https://github.com/gitbchang/spotify-router-project,gitbchang,2017-04-18T01:52:37Z
88567249,https://github.com/dharness/slackchat-api,dharness,2017-04-18T01:26:57Z
88569088,https://github.com/gggirltong/SHRIMPDB,gggirltong,2017-04-18T01:49:01Z
88565760,https://github.com/egiesem/WebviewLinux,egiesem,2017-04-18T01:06:50Z
88565841,https://github.com/geo511/HMI_home,geo511,2017-04-18T01:08:02Z
88565722,https://github.com/joycetio/Bamazon,joycetio,2017-04-18T01:06:20Z
88567555,https://github.com/jessetane/secret-channel,jessetane,2017-04-18T01:30:22Z
88565988,https://github.com/dstillman2/reminder_app,dstillman2,2017-04-18T01:10:08Z
88566050,https://github.com/anchetaWern/gundb-cordova-testapp,anchetaWern,2017-04-18T01:10:56Z
88567671,https://github.com/Yeti-or/bemjson-to-jsx-loader,Yeti-or,2017-04-18T01:31:42Z
88568443,https://github.com/DataHiveDJW/datahive,DataHiveDJW,2017-04-18T01:41:26Z
88567608,https://github.com/karta0/WebView,karta0,2017-04-18T01:30:49Z
88569359,https://github.com/nguyenwinle/cat_clicker_pt_2,nguyenwinle,2017-04-18T01:52:44Z
88566058,https://github.com/chenjingfen/learnCanvas,chenjingfen,2017-04-18T01:11:03Z
88568249,https://github.com/seanjahaupan/animation,seanjahaupan,2017-04-18T01:39:11Z
88568308,https://github.com/camskene/platform-game,camskene,2017-04-18T01:39:49Z
88566664,https://github.com/emkamp/HW12-Bamazon,emkamp,2017-04-18T01:19:12Z
88566945,https://github.com/deepi1518/deepi,deepi1518,2017-04-18T01:23:13Z
88569294,https://github.com/xjvcm/hello_react,xjvcm,2017-04-18T01:51:50Z
88565632,https://github.com/NoahNaiman/Aliquator,NoahNaiman,2017-04-18T01:05:12Z
88569248,https://github.com/sinncoteam/jfbroad,sinncoteam,2017-04-18T01:51:13Z
88565269,https://github.com/yilinxu/Flashcard-Generator,yilinxu,2017-04-18T01:00:14Z
88568986,https://github.com/wilshum/Address-Pinpointer,wilshum,2017-04-18T01:47:44Z
88565273,https://github.com/lxyhe/yihaodian,lxyhe,2017-04-18T01:00:15Z
88567875,https://github.com/aniprasad/Voice-Assistant,aniprasad,2017-04-18T01:34:44Z
88566540,https://github.com/dwye0043/hot-topics,dwye0043,2017-04-18T01:17:34Z
88567254,https://github.com/alemneh/commander-cli,alemneh,2017-04-18T01:27:00Z
88566971,https://github.com/allisonksmith/VirginiaHealthExplorer,allisonksmith,2017-04-18T01:23:29Z
88565436,https://github.com/ksduongtri/hyundaicssjs,ksduongtri,2017-04-18T01:02:40Z
88565440,https://github.com/gharseldin/node-testing,gharseldin,2017-04-18T01:02:46Z
88568437,https://github.com/bfullam/helloIonic,bfullam,2017-04-18T01:41:21Z
88568520,https://github.com/showzeb110/checkers-react,showzeb110,2017-04-18T01:42:13Z
88568294,https://github.com/jdinamarca/ApiRestTest,jdinamarca,2017-04-18T01:39:39Z
88565622,https://github.com/grantholle/twd-downloader,grantholle,2017-04-18T01:05:07Z
88567346,https://github.com/AlexBarazal/AlexBarazal,AlexBarazal,2017-04-18T01:27:57Z
88565803,https://github.com/JHKennedy4/plaid-client,JHKennedy4,2017-04-18T01:07:30Z
88565854,https://github.com/1797890817/TemplateProject,1797890817,2017-04-18T01:08:16Z
88566999,https://github.com/WuHuaLong666/MySite,WuHuaLong666,2017-04-18T01:23:54Z
88567007,https://github.com/unite-us/oauth2-example,unite-us,2017-04-18T01:24:01Z
88566882,https://github.com/marcelorl/tastin-front,marcelorl,2017-04-18T01:22:04Z
88568938,https://github.com/SandMoshi/updating-stock-ticker,SandMoshi,2017-04-18T01:47:13Z
88568172,https://github.com/princearagones/EyeGuard,princearagones,2017-04-18T01:38:03Z
88568256,https://github.com/bisudev/bisu-react-loading,bisudev,2017-04-18T01:39:16Z
88565323,https://github.com/ping6ping/mywebcore,ping6ping,2017-04-18T01:01:00Z
88568840,https://github.com/lealsdev/FEND-Classic-Arcade-Game,lealsdev,2017-04-18T01:46:10Z
88565363,https://github.com/MJacobs92/jsImageGallery,MJacobs92,2017-04-18T01:01:36Z
88565626,https://github.com/qiminl/CIA,qiminl,2017-04-18T01:05:09Z
88565646,https://github.com/AsimHabib/COMP1072-P2,AsimHabib,2017-04-18T01:05:21Z
88569333,https://github.com/ralphstodomingo/react-boilerplate-starter,ralphstodomingo,2017-04-18T01:52:28Z
88568889,https://github.com/willyaugusto/alurapic,willyaugusto,2017-04-18T01:46:43Z
88568129,https://github.com/jdurrah1/mstudy,jdurrah1,2017-04-18T01:37:35Z
88565461,https://github.com/claySorrick/SudokuSolver,claySorrick,2017-04-18T01:03:02Z
88566292,https://github.com/fahrulrizall/WebView,fahrulrizall,2017-04-18T01:14:45Z
88569477,https://github.com/ppcheng/HKJCBot,ppcheng,2017-04-18T01:54:12Z
88569492,https://github.com/mzwl/three,mzwl,2017-04-18T01:54:24Z
88569515,https://github.com/SachinTyagisw/PMS,SachinTyagisw,2017-04-18T01:54:36Z
88565424,https://github.com/wild-programmer/lieping,wild-programmer,2017-04-18T01:02:27Z
88566295,https://github.com/afk0901/Laravel_tutorial,afk0901,2017-04-18T01:14:47Z
88568503,https://github.com/tianhuiji/wechat-tengyuan,tianhuiji,2017-04-18T01:42:03Z
88569906,https://github.com/eLorenC/angularjs_poc,eLorenC,2017-04-18T01:59:31Z
88569409,https://github.com/hcb001/hcb001,hcb001,2017-04-18T01:53:23Z
88566765,https://github.com/ambethia/jabberdexicon,ambethia,2017-04-18T01:20:33Z
88567789,https://github.com/yeli-buonya/react_address_component,yeli-buonya,2017-04-18T01:33:26Z
88567848,https://github.com/jsumnersmith/create-react-app-test,jsumnersmith,2017-04-18T01:34:23Z
88565547,https://github.com/tgreenhalgh/learningReact,tgreenhalgh,2017-04-18T01:04:17Z
88565364,https://github.com/394286006/minn-web,394286006,2017-04-18T01:01:36Z
88568231,https://github.com/SusanArend/flashCards,SusanArend,2017-04-18T01:39:01Z
88566969,https://github.com/okyanusatlas/Lotr-ECommerce,okyanusatlas,2017-04-18T01:23:26Z
88567702,https://github.com/AndresTIY/Day36-Survey,AndresTIY,2017-04-18T01:32:08Z
88567709,https://github.com/pagarepr/CloudAssignment_HW_08,pagarepr,2017-04-18T01:32:12Z
88567816,https://github.com/Angeloth0r/Portafolio,Angeloth0r,2017-04-18T01:33:47Z
88565864,https://github.com/IonaShanks/Kennel-Booking-Website,IonaShanks,2017-04-18T01:08:27Z
88569330,https://github.com/DTbelieveIT/PIM,DTbelieveIT,2017-04-18T01:52:27Z
88569896,https://github.com/ChuckkNorris/OpenGiveCore,ChuckkNorris,2017-04-18T01:59:25Z
88568852,https://github.com/cleverbek1991/Coins,cleverbek1991,2017-04-18T01:46:16Z
88568593,https://github.com/colbyy/matrix-fill,colbyy,2017-04-18T01:43:08Z
88568636,https://github.com/themandotexe/personalwebsite,themandotexe,2017-04-18T01:43:36Z
88569561,https://github.com/gitbchang/base-react-redux-app,gitbchang,2017-04-18T01:55:10Z
88565421,https://github.com/children1987/weapp_idb,children1987,2017-04-18T01:02:26Z
88565451,https://github.com/donaldtranwins/react,donaldtranwins,2017-04-18T01:02:53Z
88567909,https://github.com/jeffDevelops/wdi-fundamentals-memorygame,jeffDevelops,2017-04-18T01:35:10Z
88568033,https://github.com/AlanTapiaSalas/Farmacia,AlanTapiaSalas,2017-04-18T01:36:14Z
88568732,https://github.com/willdark/Cramnauts,willdark,2017-04-18T01:44:37Z
88566456,https://github.com/jazzminjoy/Acadgild_FrontEnd_Dev_Assign2.1,jazzminjoy,2017-04-18T01:16:31Z