79883493,https://github.com/justloop/navigator,justloop,2017-01-24T06:00:43Z
79883720,https://github.com/paijerry/ezapi,paijerry,2017-01-24T06:04:03Z
79883567,https://github.com/gwuhaolin/hackernews,gwuhaolin,2017-01-24T06:01:57Z
79886262,https://github.com/dixonwille/checksum,dixonwille,2017-01-24T06:46:21Z
79884223,https://github.com/kirsle/hue-toys,kirsle,2017-01-24T06:12:06Z
79885264,https://github.com/lvxin1986/iphoto,lvxin1986,2017-01-24T06:29:54Z
79883748,https://github.com/dselans/pid-plot,dselans,2017-01-24T06:04:31Z
79884271,https://github.com/mrvovanness/ad_unit_health_updater,mrvovanness,2017-01-24T06:12:56Z
79884803,https://github.com/kyawthiha2017/go-env,kyawthiha2017,2017-01-24T06:22:11Z
79887054,https://github.com/serbe/telego,serbe,2017-01-24T06:58:52Z