8639399,https://github.com/nytimes/svg-crowbar,nytimes,2013-03-07T23:58:20Z
8639317,https://github.com/drorm/meteor-sql,drorm,2013-03-07T23:52:31Z
8638937,https://github.com/intervalia/triggerTracker,intervalia,2013-03-07T23:26:18Z
8638517,https://github.com/arakash92/dreamengine,arakash92,2013-03-07T23:00:17Z
8638716,https://github.com/mutaphysis/qml-tools,mutaphysis,2013-03-07T23:13:04Z
8639272,https://github.com/rynomad/SFCCW2,rynomad,2013-03-07T23:49:39Z
8639130,https://github.com/mosinski/osp,mosinski,2013-03-07T23:41:03Z
8638675,https://github.com/GA-FrontEnd-Projects/Intro-to-CSS3-Properties,GA-FrontEnd-Projects,2013-03-07T23:10:52Z
8639016,https://github.com/possan/generated-music,possan,2013-03-07T23:32:57Z
8638629,https://github.com/lanix/StackAndQueue,lanix,2013-03-07T23:07:06Z
8638649,https://github.com/pjhaugh/SDU-CAPSTONE-PHONEBOOK,pjhaugh,2013-03-07T23:08:35Z
8639038,https://github.com/dalkire/knightwatch,dalkire,2013-03-07T23:34:43Z
8639418,https://github.com/bryanroscoe/pm25web,bryanroscoe,2013-03-07T23:59:21Z
8638840,https://github.com/corycomer/corycomer.github.io,corycomer,2013-03-07T23:20:40Z
8638717,https://github.com/adhuna/NYT,adhuna,2013-03-07T23:13:12Z
8639391,https://github.com/dlau034/Gathering-UP-Web2,dlau034,2013-03-07T23:57:49Z
8639169,https://github.com/insidewhy/domos,insidewhy,2013-03-07T23:42:55Z
8639303,https://github.com/isaacmadan/carousel,isaacmadan,2013-03-07T23:51:31Z
8639179,https://github.com/JohnathanMarkSmith/JQueryExamples,JohnathanMarkSmith,2013-03-07T23:43:26Z
8638701,https://github.com/hackygolucky/irc_client,hackygolucky,2013-03-07T23:12:11Z
8638748,https://github.com/tdurand/jqmobiexperiment,tdurand,2013-03-07T23:15:14Z
8638867,https://github.com/Disgone/MassScheduler,Disgone,2013-03-07T23:21:59Z
8639036,https://github.com/simoneb/simoneb.github.com,simoneb,2013-03-07T23:34:39Z
8639093,https://github.com/kamekazemaster/eclipse_config,kamekazemaster,2013-03-07T23:38:10Z
8638758,https://github.com/casperise/MoonWarriors,casperise,2013-03-07T23:15:52Z
8638785,https://github.com/PaidPunch/SMS,PaidPunch,2013-03-07T23:17:27Z
8638864,https://github.com/SpadarShut/Reload-CSS,SpadarShut,2013-03-07T23:21:44Z
8639119,https://github.com/gushov/fakebook,gushov,2013-03-07T23:39:58Z
8639050,https://github.com/JamesMcColl/MobilePortfolioWebsite,JamesMcColl,2013-03-07T23:35:43Z
8638558,https://github.com/seanwooj/timertimer,seanwooj,2013-03-07T23:03:06Z
8638557,https://github.com/drdamour/talkerapp-plugins,drdamour,2013-03-07T23:02:49Z
8638829,https://github.com/hackygolucky/TCP_chat,hackygolucky,2013-03-07T23:19:57Z
8638841,https://github.com/MiguelCastillo/Brackets-LineNavigator,MiguelCastillo,2013-03-07T23:20:51Z
8638891,https://github.com/kaalpurush/js,kaalpurush,2013-03-07T23:23:36Z
8638532,https://github.com/michaelblohm/athensworks.github.com,michaelblohm,2013-03-07T23:01:19Z
8638646,https://github.com/riseink/parallax-portfolio,riseink,2013-03-07T23:08:06Z