201832922,https://github.com/PHPCSStandards/PHPCSDevTools,PHPCSStandards,2019-08-12T00:58:14Z
201833716,https://github.com/PHPCSStandards/PHPCSExtra,PHPCSStandards,2019-08-12T01:06:43Z
201833217,https://github.com/PHPCSStandards/PHPCSUtils,PHPCSStandards,2019-08-12T01:01:13Z
201833339,https://github.com/Khaleddev90/TFPlatform,Khaleddev90,2019-08-12T01:02:38Z
201832409,https://github.com/goragod/edms,goragod,2019-08-12T00:52:30Z
201831599,https://github.com/RikdeBoer/service_overrider,RikdeBoer,2019-08-12T00:43:07Z
201833965,https://github.com/hfmaracay/miza,hfmaracay,2019-08-12T01:09:06Z
201839612,https://github.com/leonardo-leosantos/CRUD---Biblioteca,leonardo-leosantos,2019-08-12T01:59:02Z
201831300,https://github.com/KiraLSN/controle_estoque,KiraLSN,2019-08-12T00:39:37Z
201832127,https://github.com/Krishna19012000/HotelParadise,Krishna19012000,2019-08-12T00:49:18Z
201834413,https://github.com/hobbyhomebrew-old/custom-pos-reports,hobbyhomebrew-old,2019-08-12T01:13:15Z
201831209,https://github.com/ktran0918/theater-management,ktran0918,2019-08-12T00:38:47Z
201839288,https://github.com/fecore/SymfonyTodoApi,fecore,2019-08-12T01:56:14Z
201836926,https://github.com/baimeihong/Demo,baimeihong,2019-08-12T01:35:59Z
201833005,https://github.com/pvluong0001/bugreporter,pvluong0001,2019-08-12T00:59:11Z
201830733,https://github.com/jacevedo1172/hylands-api,jacevedo1172,2019-08-12T00:32:53Z
201835658,https://github.com/AxelLeo129/Ejemplo-Laravel,AxelLeo129,2019-08-12T01:24:45Z
201835924,https://github.com/ifrit99/ifrit99.github.io,ifrit99,2019-08-12T01:27:03Z
201839671,https://github.com/mcmht507/mynews,mcmht507,2019-08-12T01:59:28Z
201839008,https://github.com/denillson/enquete,denillson,2019-08-12T01:53:58Z
201835196,https://github.com/mistwan/weShop,mistwan,2019-08-12T01:20:38Z
201838901,https://github.com/xiejie-mi/xiejie12,xiejie-mi,2019-08-12T01:53:07Z
201839005,https://github.com/XinChaoToUyen/Lab1,XinChaoToUyen,2019-08-12T01:53:56Z
201837138,https://github.com/Beggar-k39/Lab1_AMNote,Beggar-k39,2019-08-12T01:37:51Z
201837782,https://github.com/cardenas96/project-BitBus,cardenas96,2019-08-12T01:43:21Z
201829746,https://github.com/daymeralviz/vtiger,daymeralviz,2019-08-12T00:19:44Z
201834814,https://github.com/CassandraGHorne/COMP3340-30WWWISDev_FinalProject,CassandraGHorne,2019-08-12T01:17:02Z
201834354,https://github.com/wacm2008/tienda,wacm2008,2019-08-12T01:12:47Z
201832036,https://github.com/jperez92/Curso-Laravel,jperez92,2019-08-12T00:48:18Z
201836703,https://github.com/geoSkogen/that_total_extension,geoSkogen,2019-08-12T01:33:48Z
201832952,https://github.com/curreams/vla_tesseract,curreams,2019-08-12T00:58:36Z
201831171,https://github.com/wmcarlosv/sigenoc,wmcarlosv,2019-08-12T00:38:32Z
201836394,https://github.com/hang198/string_replace,hang198,2019-08-12T01:31:06Z
201835754,https://github.com/thiprattanavilay/web-340,thiprattanavilay,2019-08-12T01:25:37Z
201834482,https://github.com/AndrewSavetchuk/realtime-spa-laravel,AndrewSavetchuk,2019-08-12T01:13:48Z
201828684,https://github.com/daviquez/laravel,daviquez,2019-08-12T00:04:36Z
201832770,https://github.com/csteamengine/modern-hobbyist,csteamengine,2019-08-12T00:56:37Z
201836602,https://github.com/ChihTai/laravel-classB-1,ChihTai,2019-08-12T01:32:51Z
201838769,https://github.com/jcs1711/homeych,jcs1711,2019-08-12T01:52:01Z
201836729,https://github.com/tbare83/tbare_list_child_pages,tbare83,2019-08-12T01:34:03Z
201831553,https://github.com/rival-ecommerce/magento-mviewfix,rival-ecommerce,2019-08-12T00:42:34Z
201829334,https://github.com/saulfranco14/iglesia,saulfranco14,2019-08-12T00:14:15Z
201839345,https://github.com/Intentionalinsights/ptp-theme,Intentionalinsights,2019-08-12T01:56:38Z
201833059,https://github.com/alaaabdelhakim/laravel-hsco-website,alaaabdelhakim,2019-08-12T00:59:43Z
201833168,https://github.com/giluchipla0823/yii2-api-auth-aws,giluchipla0823,2019-08-12T01:00:48Z
201833318,https://github.com/giluchipla0823/yii2-basic,giluchipla0823,2019-08-12T01:02:26Z
201828469,https://github.com/MagsMagnoli/php-form-validation,MagsMagnoli,2019-08-12T00:01:28Z
201828740,https://github.com/meliodas20/API,meliodas20,2019-08-12T00:05:36Z
201838555,https://github.com/Mahieval/project,Mahieval,2019-08-12T01:50:05Z
201839683,https://github.com/pixelcollective/acorn-jwt,pixelcollective,2019-08-12T01:59:32Z
201834091,https://github.com/marpstar/bb-image-link-module,marpstar,2019-08-12T01:10:16Z
201838350,https://github.com/wdev733/Laravel-Training-Client-Management,wdev733,2019-08-12T01:48:23Z
201832978,https://github.com/plasmaOak/Library-Management-System,plasmaOak,2019-08-12T00:58:51Z
201839089,https://github.com/karta134033/laravel,karta134033,2019-08-12T01:54:28Z
201829727,https://github.com/dennisblight/public-api--region,dennisblight,2019-08-12T00:19:25Z
201834134,https://github.com/Rafael3Liu/comp606A1P1,Rafael3Liu,2019-08-12T01:10:40Z
201837686,https://github.com/juggernautsei/ZendMVC-Openemr,juggernautsei,2019-08-12T01:42:35Z
201831431,https://github.com/MarceloOProgramador/portfolio,MarceloOProgramador,2019-08-12T00:41:04Z
201832808,https://github.com/sugiharaneet/ImageSearch,sugiharaneet,2019-08-12T00:57:03Z
201839315,https://github.com/developer2700/loans,developer2700,2019-08-12T01:56:24Z
201838303,https://github.com/baimeihong/Exam,baimeihong,2019-08-12T01:48:02Z
201831896,https://github.com/erickkartiadi/trilu_backend,erickkartiadi,2019-08-12T00:46:43Z
201831912,https://github.com/bravedave/jwt,bravedave,2019-08-12T00:46:58Z
201833094,https://github.com/MaikonLima/Cadastro,MaikonLima,2019-08-12T01:00:05Z
201828743,https://github.com/pierorado/briane_web,pierorado,2019-08-12T00:05:36Z
201830239,https://github.com/JorgeMorenoAlexandres/SLaravel,JorgeMorenoAlexandres,2019-08-12T00:26:18Z
201830709,https://github.com/DigvijaySS/microlise-media-library,DigvijaySS,2019-08-12T00:32:37Z
201836282,https://github.com/YOYO368/FinalExam-PHP,YOYO368,2019-08-12T01:30:07Z
201839414,https://github.com/19831832697/b2c,19831832697,2019-08-12T01:57:16Z
201839707,https://github.com/IrinaSoria/Proyecto_2Prueba,IrinaSoria,2019-08-12T01:59:43Z
201829755,https://github.com/eduardo83802/cursophp,eduardo83802,2019-08-12T00:19:49Z
201837874,https://github.com/romansorin/status-romansorin,romansorin,2019-08-12T01:44:18Z
201829595,https://github.com/YunZheHuang/AtlantaBeltline,YunZheHuang,2019-08-12T00:17:46Z
201836836,https://github.com/YouZag/msm2020,YouZag,2019-08-12T01:35:11Z
201836696,https://github.com/VictorCorreaEng/PHPStudies,VictorCorreaEng,2019-08-12T01:33:44Z
201834264,https://github.com/hakimscode/Lapor-Online,hakimscode,2019-08-12T01:11:55Z
201830323,https://github.com/daymeralviz/store_ps,daymeralviz,2019-08-12T00:27:28Z
201834608,https://github.com/danwebb1/Motley-Fool,danwebb1,2019-08-12T01:15:03Z
201838827,https://github.com/Reyhan33/Laravel,Reyhan33,2019-08-12T01:52:33Z
201833577,https://github.com/joaorodriguesjr/docker,joaorodriguesjr,2019-08-12T01:05:08Z