114620786,https://github.com/apicloudcom/30-APP-0-1,apicloudcom,2017-12-18T09:21:50Z
114620163,https://github.com/radek1st/uport-time-locked-wallets,radek1st,2017-12-18T09:15:51Z
114620666,https://github.com/junelau/graphql-dotnet-subscriptions-websockets,junelau,2017-12-18T09:20:45Z
114620635,https://github.com/serranoarevalo/nomadchat,serranoarevalo,2017-12-18T09:20:30Z
114624358,https://github.com/joe-sky/nornj-react-native-counter,joe-sky,2017-12-18T09:55:29Z
114623169,https://github.com/velix-id/velix-smart-contract,velix-id,2017-12-18T09:44:12Z
114622128,https://github.com/nbremer/top2000vinyl,nbremer,2017-12-18T09:34:24Z
114621455,https://github.com/GjMagic/tcm-react,GjMagic,2017-12-18T09:28:07Z
114622192,https://github.com/stepenn/app-plane,stepenn,2017-12-18T09:35:03Z
114622439,https://github.com/viriciti/dispatch-assignment,viriciti,2017-12-18T09:37:23Z
114621840,https://github.com/livechat/react-chatio,livechat,2017-12-18T09:31:49Z
114619363,https://github.com/lewiscutey/Webpack-study,lewiscutey,2017-12-18T09:07:57Z
114621033,https://github.com/SSMS-Pilani/SSMS-Grub-Portal,SSMS-Pilani,2017-12-18T09:24:14Z
114624280,https://github.com/ggarek/webpack-code-splitting,ggarek,2017-12-18T09:54:38Z
114624571,https://github.com/jiadi0801/configfiles,jiadi0801,2017-12-18T09:57:42Z
114620157,https://github.com/RyanWlx/codepushTest,RyanWlx,2017-12-18T09:15:47Z
114619988,https://github.com/tsuixh/xml_json_converter_tool,tsuixh,2017-12-18T09:14:04Z
114622576,https://github.com/eiskalteschatten/concatenate-js-middleware,eiskalteschatten,2017-12-18T09:38:36Z
114620877,https://github.com/yajamon/study-lifegame-on-dom,yajamon,2017-12-18T09:22:33Z
114622370,https://github.com/hisoka0917/hisoka0917.github.io,hisoka0917,2017-12-18T09:36:41Z
114622374,https://github.com/makitaaaaa/simple-download-notifier,makitaaaaa,2017-12-18T09:36:43Z
114618892,https://github.com/rmnkarkey/Vue-Crud-using-State-Management,rmnkarkey,2017-12-18T09:02:54Z
114623775,https://github.com/ACoded/vue-template,ACoded,2017-12-18T09:49:47Z
114622166,https://github.com/devictoribero/vanilla-initialization-unit-testing,devictoribero,2017-12-18T09:34:45Z
114620129,https://github.com/13567370952/mce-spring-cloud-event-sourcing-example,13567370952,2017-12-18T09:15:29Z
114622058,https://github.com/kmokrzycki/jwt-token-encrypt,kmokrzycki,2017-12-18T09:33:44Z
114623528,https://github.com/AymericLesert/Syncytium,AymericLesert,2017-12-18T09:47:29Z
114624170,https://github.com/wushuxuan/ant-design-mobile,wushuxuan,2017-12-18T09:53:37Z
114622245,https://github.com/yaunlin/tools,yaunlin,2017-12-18T09:35:30Z
114621091,https://github.com/aacppug/aacppug.github.io,aacppug,2017-12-18T09:24:38Z
114618802,https://github.com/ultramarichka/vanilla_slider,ultramarichka,2017-12-18T09:01:48Z
114619815,https://github.com/camellieeee/camellieeee.github.io,camellieeee,2017-12-18T09:12:16Z
114623295,https://github.com/whatap/react-chart,whatap,2017-12-18T09:45:25Z
114622442,https://github.com/robindemourat/metis-backend,robindemourat,2017-12-18T09:37:24Z
114620522,https://github.com/wang18/CRUDApp_React_Redux_Express_Thunk_Axios,wang18,2017-12-18T09:19:19Z
114620708,https://github.com/davesag/timelocked-escrow,davesag,2017-12-18T09:21:08Z
114619690,https://github.com/chenpt123/springboot,chenpt123,2017-12-18T09:11:03Z
114623451,https://github.com/devinterface/vuejs-workshop,devinterface,2017-12-18T09:46:51Z
114618938,https://github.com/irrisjay/copulae-scroll,irrisjay,2017-12-18T09:03:23Z
114619032,https://github.com/gitmiao/node-chat-app,gitmiao,2017-12-18T09:04:18Z
114621199,https://github.com/jokerjackpot921731/Server-Framework,jokerjackpot921731,2017-12-18T09:25:42Z
114621911,https://github.com/SvenWesterlaken/sportunite-api,SvenWesterlaken,2017-12-18T09:32:25Z
114621965,https://github.com/francislara/ShowMeYourMoves,francislara,2017-12-18T09:32:57Z
114623632,https://github.com/andoniarroyo/tennis-score-tracker,andoniarroyo,2017-12-18T09:48:22Z
114623268,https://github.com/bdarksider/ecommerce-react,bdarksider,2017-12-18T09:45:10Z
114623413,https://github.com/PierreTurnbull/SI-Streaming,PierreTurnbull,2017-12-18T09:46:30Z
114624423,https://github.com/nanoSpawn/inDesignDupePages,nanoSpawn,2017-12-18T09:56:12Z
114621467,https://github.com/xxxelf/Project2,xxxelf,2017-12-18T09:28:16Z
114623789,https://github.com/zhaoqinrong/taotao,zhaoqinrong,2017-12-18T09:49:57Z
114620672,https://github.com/irrisjay/corin-toast,irrisjay,2017-12-18T09:20:49Z
114620689,https://github.com/iametza/kontaklik,iametza,2017-12-18T09:20:59Z
114622435,https://github.com/Daniel-Abrecht/Webterm,Daniel-Abrecht,2017-12-18T09:37:19Z
114622728,https://github.com/rachitamin101/Test,rachitamin101,2017-12-18T09:39:49Z
114624584,https://github.com/konDeichmann/Enzevalos-Backend,konDeichmann,2017-12-18T09:57:51Z
114624342,https://github.com/chemicalbr/reminderpro,chemicalbr,2017-12-18T09:55:21Z
114622222,https://github.com/Alexloof/databasteknik-projekt,Alexloof,2017-12-18T09:35:16Z
114622289,https://github.com/zyx871017/cus-cli,zyx871017,2017-12-18T09:35:50Z
114622392,https://github.com/dungnguyen10989/test,dungnguyen10989,2017-12-18T09:36:57Z
114623479,https://github.com/leiquan/Koa-Starter,leiquan,2017-12-18T09:47:04Z
114623874,https://github.com/Chauhandeep/Todo,Chauhandeep,2017-12-18T09:50:50Z
114622145,https://github.com/liuliuLiu161/react-css,liuliuLiu161,2017-12-18T09:34:32Z
114620615,https://github.com/chenyinkai/wechat-loading,chenyinkai,2017-12-18T09:20:17Z
114620145,https://github.com/WuHuaJi0/algorithm,WuHuaJi0,2017-12-18T09:15:42Z
114622009,https://github.com/blackout1208/SpaceInvaders,blackout1208,2017-12-18T09:33:18Z
114619684,https://github.com/zuoerrimo/vue-json-server-demo,zuoerrimo,2017-12-18T09:10:58Z
114618796,https://github.com/Superman210/SpinWheel,Superman210,2017-12-18T09:01:46Z
114622578,https://github.com/ceberous/TheAvantGhettoDownloader,ceberous,2017-12-18T09:38:36Z
114621235,https://github.com/mustang2247/cmswechatpublic,mustang2247,2017-12-18T09:26:04Z
114618715,https://github.com/andela/kenya-cfh,andela,2017-12-18T09:00:56Z
114619044,https://github.com/SaarLevy/blogging-website-tut,SaarLevy,2017-12-18T09:04:26Z
114619888,https://github.com/radjivF/brocolli-co,radjivF,2017-12-18T09:12:55Z
114623461,https://github.com/denisSlabozhanin/test,denisSlabozhanin,2017-12-18T09:46:56Z
114620826,https://github.com/ThitiworadaCartoon/SearchPlaces,ThitiworadaCartoon,2017-12-18T09:22:09Z
114619372,https://github.com/schoolknight/CleanYourTabs,schoolknight,2017-12-18T09:08:02Z
114624343,https://github.com/pronoun66/spin-the-wheel,pronoun66,2017-12-18T09:55:21Z
114624236,https://github.com/likamoer/-,likamoer,2017-12-18T09:54:24Z
114623536,https://github.com/loyehu/Vue,loyehu,2017-12-18T09:47:36Z
114623051,https://github.com/dpjanes/iotdb-website-simulator,dpjanes,2017-12-18T09:42:59Z
114619727,https://github.com/mathewthe2/fast-food,mathewthe2,2017-12-18T09:11:25Z
114618806,https://github.com/nrjais/mazesolver,nrjais,2017-12-18T09:01:52Z
114619106,https://github.com/amigon88/protoApp,amigon88,2017-12-18T09:05:11Z
114621563,https://github.com/veechand/swPractise,veechand,2017-12-18T09:29:09Z
114619425,https://github.com/xiaoyu2er/dive-into-code,xiaoyu2er,2017-12-18T09:08:35Z
114619488,https://github.com/fhy-crystal/sonos-control,fhy-crystal,2017-12-18T09:09:11Z
114620561,https://github.com/uddhavb/GitHub-APIs,uddhavb,2017-12-18T09:19:48Z
114620865,https://github.com/dpoi1973/SocketServer,dpoi1973,2017-12-18T09:22:28Z
114624693,https://github.com/nrjais/tic-tac-toe,nrjais,2017-12-18T09:58:47Z
114624119,https://github.com/tirthapokharel1/webapp,tirthapokharel1,2017-12-18T09:53:06Z
114624797,https://github.com/xingqiyi/user-dash,xingqiyi,2017-12-18T09:59:52Z
114623311,https://github.com/sateesh3048/contacts-app,sateesh3048,2017-12-18T09:45:31Z
114623443,https://github.com/sarpkoknar/bootstrap,sarpkoknar,2017-12-18T09:46:46Z
114619189,https://github.com/baku171/Zadanie_18,baku171,2017-12-18T09:06:04Z
114622042,https://github.com/fedre30/Fanhub,fedre30,2017-12-18T09:33:32Z
114623623,https://github.com/cbarraford/cryptocades-frontend,cbarraford,2017-12-18T09:48:19Z
114624558,https://github.com/UHIIIEHEP/PAHDOM,UHIIIEHEP,2017-12-18T09:57:36Z
114622782,https://github.com/Superman210/Nudgg-backend,Superman210,2017-12-18T09:40:20Z
114619208,https://github.com/wendyzyw/CareerInsights,wendyzyw,2017-12-18T09:06:12Z
114620015,https://github.com/Unstoppable94/rancher-jenkis-cluster,Unstoppable94,2017-12-18T09:14:18Z
114620516,https://github.com/mlisa/SSDExam,mlisa,2017-12-18T09:19:16Z
114620829,https://github.com/mithunkris/node-chat-app,mithunkris,2017-12-18T09:22:11Z
114620886,https://github.com/irsyadpahlapi/h8-p0-w2,irsyadpahlapi,2017-12-18T09:22:39Z
114621657,https://github.com/danielld75/carousel,danielld75,2017-12-18T09:30:07Z
114620636,https://github.com/sokratisvs/angularjs-calculator,sokratisvs,2017-12-18T09:20:31Z
114620669,https://github.com/vic6/trackaroo,vic6,2017-12-18T09:20:46Z
114623346,https://github.com/AlexYangLe/AlexYangLe563.github.io,AlexYangLe,2017-12-18T09:45:51Z
114621997,https://github.com/victorglimskog/github-battle,victorglimskog,2017-12-18T09:33:12Z
114622028,https://github.com/dsebaounFR/belacomApi,dsebaounFR,2017-12-18T09:33:25Z
114620093,https://github.com/11113127/practice-decodeqrcode,11113127,2017-12-18T09:15:00Z
114619026,https://github.com/AlexFourgs/AVAST,AlexFourgs,2017-12-18T09:04:13Z
114619074,https://github.com/parksujin11/Step05_PageMove,parksujin11,2017-12-18T09:04:47Z
114619709,https://github.com/LaiLa06/netEaseMusic,LaiLa06,2017-12-18T09:11:16Z
114624574,https://github.com/Isurumw/Node-JS-ManageUserRoles,Isurumw,2017-12-18T09:57:42Z
114624647,https://github.com/Srisrinivasa/dev_challenge,Srisrinivasa,2017-12-18T09:58:23Z
114624701,https://github.com/lmnsg/chives,lmnsg,2017-12-18T09:58:51Z
114623922,https://github.com/Akiraff2015/erzabot,Akiraff2015,2017-12-18T09:51:14Z
114622096,https://github.com/qafrankly/testImage,qafrankly,2017-12-18T09:34:06Z
114622371,https://github.com/KendallPark/graph-comparision,KendallPark,2017-12-18T09:36:42Z
114623008,https://github.com/ouli1413/fish,ouli1413,2017-12-18T09:42:34Z
114620386,https://github.com/irrisjay/corin-sheet,irrisjay,2017-12-18T09:17:53Z
114624132,https://github.com/TuongMartin/React-Native,TuongMartin,2017-12-18T09:53:14Z
114621414,https://github.com/whatchado/eslint-config-whatchado,whatchado,2017-12-18T09:27:37Z
114623064,https://github.com/efri-yang/XiaoYuHaoDian,efri-yang,2017-12-18T09:43:08Z
114620331,https://github.com/blackcoding/blackcoding.github.io,blackcoding,2017-12-18T09:17:27Z
114623777,https://github.com/magufomap/magufomap-front,magufomap,2017-12-18T09:49:48Z
114621602,https://github.com/gurigura0052/vue.js_nav,gurigura0052,2017-12-18T09:29:40Z
114621672,https://github.com/crapthings/react-pdf-viewer,crapthings,2017-12-18T09:30:17Z
114622668,https://github.com/Lmoxiaobei/cnode,Lmoxiaobei,2017-12-18T09:39:13Z
114622763,https://github.com/AnaelAssayag/Running-Javascript,AnaelAssayag,2017-12-18T09:40:09Z
114623468,https://github.com/prasadmangle/SampleApp,prasadmangle,2017-12-18T09:47:00Z
114618832,https://github.com/windycba/wlroom,windycba,2017-12-18T09:02:12Z
114619100,https://github.com/prachik2/stock-operation,prachik2,2017-12-18T09:05:07Z
114622882,https://github.com/amanthegreatone/syookpro-nextjs,amanthegreatone,2017-12-18T09:41:26Z
114620316,https://github.com/PIWEEK/jediacademy,PIWEEK,2017-12-18T09:17:17Z
114624187,https://github.com/DaniloShan/chart,DaniloShan,2017-12-18T09:53:50Z
114622896,https://github.com/zhaosg/word,zhaosg,2017-12-18T09:41:33Z
114624620,https://github.com/shulamitBarron/My-Bank-RestAPI,shulamitBarron,2017-12-18T09:58:12Z
114624621,https://github.com/nagabhushanamn/cap-dec-react,nagabhushanamn,2017-12-18T09:58:12Z
114621430,https://github.com/whoareyou40/openlayers,whoareyou40,2017-12-18T09:27:49Z
114623982,https://github.com/dgsmonteiro/api-starter,dgsmonteiro,2017-12-18T09:51:43Z
114620774,https://github.com/zhaomengfei2007/dream,zhaomengfei2007,2017-12-18T09:21:42Z
114620922,https://github.com/runashrunner/BitStreamer,runashrunner,2017-12-18T09:22:59Z
114622611,https://github.com/jonashellmann/mobile-gestures,jonashellmann,2017-12-18T09:38:50Z
114622630,https://github.com/trevirke/zadanie_11_4,trevirke,2017-12-18T09:38:58Z
114621975,https://github.com/GrzegorzWziatek/speedTest,GrzegorzWziatek,2017-12-18T09:33:00Z
114622367,https://github.com/ghanimmukhtar/pr2_sdk,ghanimmukhtar,2017-12-18T09:36:41Z
114622424,https://github.com/vajapravin/angular5-demo-app,vajapravin,2017-12-18T09:37:11Z
114622447,https://github.com/wizardjaja/sdms,wizardjaja,2017-12-18T09:37:28Z
114623345,https://github.com/vijayanmail08/git_idm_sample,vijayanmail08,2017-12-18T09:45:49Z
114623546,https://github.com/chrisbasura/document-synchro,chrisbasura,2017-12-18T09:47:42Z
114618872,https://github.com/toert/currencies_bot,toert,2017-12-18T09:02:38Z
114619167,https://github.com/VincentWenForMe/utils,VincentWenForMe,2017-12-18T09:05:52Z
114624218,https://github.com/Noxs/SmashTemplateEngine,Noxs,2017-12-18T09:54:09Z
114624249,https://github.com/jvscrptdesign/Flickr-Search-app-nogit,jvscrptdesign,2017-12-18T09:54:28Z
114620789,https://github.com/jaylonez/harry_potter_api_hit_JS,jaylonez,2017-12-18T09:21:52Z
114621939,https://github.com/xiaokaike/latex-server,xiaokaike,2017-12-18T09:32:42Z
114621052,https://github.com/flashick/chromodell,flashick,2017-12-18T09:24:20Z
114623754,https://github.com/janvansch/node-course-2-todo-api,janvansch,2017-12-18T09:49:33Z
114623774,https://github.com/canhongpoxiao/blog,canhongpoxiao,2017-12-18T09:49:47Z
114623942,https://github.com/atanasovanadya/animationproject,atanasovanadya,2017-12-18T09:51:24Z
114622056,https://github.com/dotsavage/movie-web-app,dotsavage,2017-12-18T09:33:42Z
114622233,https://github.com/yfliu92/Chatchat,yfliu92,2017-12-18T09:35:22Z
114624518,https://github.com/mattjcheah/roguelike-game,mattjcheah,2017-12-18T09:57:14Z
114624745,https://github.com/te-ori/Bem.Web,te-ori,2017-12-18T09:59:16Z
114619779,https://github.com/ronniesir/MyBlog,ronniesir,2017-12-18T09:11:52Z
114621947,https://github.com/ChauVV/create-react,ChauVV,2017-12-18T09:32:48Z
114620455,https://github.com/My-Walker/Vue-study-example,My-Walker,2017-12-18T09:18:33Z
114620978,https://github.com/yltang52/tzProblem,yltang52,2017-12-18T09:23:45Z
114623072,https://github.com/goodman001/cswebmgr,goodman001,2017-12-18T09:43:11Z
114624794,https://github.com/dpoi1973/testsails,dpoi1973,2017-12-18T09:59:48Z
114619638,https://github.com/lugbit/MEAN-Stack-Auth,lugbit,2017-12-18T09:10:33Z
114620033,https://github.com/andy2046/observabvue,andy2046,2017-12-18T09:14:29Z
114621075,https://github.com/fzzkiddy/first-react-app,fzzkiddy,2017-12-18T09:24:30Z
114619251,https://github.com/qls-boy/qls-boy.github.io,qls-boy,2017-12-18T09:06:38Z
114623198,https://github.com/huowenxuan/xx-vue,huowenxuan,2017-12-18T09:44:31Z
114624135,https://github.com/srikanthkolli/expressjs-examples,srikanthkolli,2017-12-18T09:53:16Z
114622335,https://github.com/ColemanNiki/htmlDom,ColemanNiki,2017-12-18T09:36:24Z
114621141,https://github.com/SteakBarbare/SpacexColonies,SteakBarbare,2017-12-18T09:25:07Z
114624549,https://github.com/archana-kdi/Application-Framework,archana-kdi,2017-12-18T09:57:32Z
114624550,https://github.com/mackwan84/passport-jd-credit,mackwan84,2017-12-18T09:57:32Z
114621907,https://github.com/weimochanyue/steptolod,weimochanyue,2017-12-18T09:32:24Z
114619747,https://github.com/edbertestevez/Redux-ReactNative,edbertestevez,2017-12-18T09:11:35Z
114620086,https://github.com/irrisjay/corin-loader,irrisjay,2017-12-18T09:14:57Z
114620094,https://github.com/fogliorilasci/SCHEDARILASCIFE,fogliorilasci,2017-12-18T09:15:01Z
114620296,https://github.com/NamYoungGon/memo,NamYoungGon,2017-12-18T09:17:04Z
114620434,https://github.com/dvukmano/PTF,dvukmano,2017-12-18T09:18:20Z
114621213,https://github.com/richardjohns/Spoken-Not-Stirred,richardjohns,2017-12-18T09:25:51Z
114621350,https://github.com/ReganHe/gougou-rn,ReganHe,2017-12-18T09:27:04Z
114621731,https://github.com/uddhavb/Complexity,uddhavb,2017-12-18T09:30:49Z
114619786,https://github.com/zjw93615/AtomCMS,zjw93615,2017-12-18T09:11:57Z
114623616,https://github.com/yangshengjin/myblog,yangshengjin,2017-12-18T09:48:15Z
114621504,https://github.com/dpoi1973/CRabbitMQ,dpoi1973,2017-12-18T09:28:33Z
114624768,https://github.com/Lennervald/fibonacci-cpu-stresstest,Lennervald,2017-12-18T09:59:33Z
114619378,https://github.com/midhun-qburst/task-dealer,midhun-qburst,2017-12-18T09:08:05Z
114619702,https://github.com/SalmanMujtaba/React-Expensify-App,SalmanMujtaba,2017-12-18T09:11:08Z
114618635,https://github.com/LinkXSystem/inspiration,LinkXSystem,2017-12-18T09:00:03Z
114620254,https://github.com/AlenaUl/CVGeneratorWEB,AlenaUl,2017-12-18T09:16:43Z
114620759,https://github.com/modernarm/lineChatbot,modernarm,2017-12-18T09:21:32Z
114622473,https://github.com/mankondavivek/data-structures,mankondavivek,2017-12-18T09:37:49Z
114621393,https://github.com/ReganHe/gougou-server,ReganHe,2017-12-18T09:27:27Z
114624507,https://github.com/dpoi1973/testloopback,dpoi1973,2017-12-18T09:57:09Z
114622054,https://github.com/Penergy/vue-project2,Penergy,2017-12-18T09:33:40Z
114619767,https://github.com/markormesher/data-generator,markormesher,2017-12-18T09:11:46Z
114620425,https://github.com/carmen0208/formula_react,carmen0208,2017-12-18T09:18:14Z
114620073,https://github.com/Yoni-Satat/week12_weekend_homework,Yoni-Satat,2017-12-18T09:14:47Z
114619318,https://github.com/archi-git/ICW,archi-git,2017-12-18T09:07:26Z
114619326,https://github.com/qijingyu2013/whale-react-webpack-gulp-eslint-project,qijingyu2013,2017-12-18T09:07:32Z
114622558,https://github.com/RongYuan520/node.js-learning-notes,RongYuan520,2017-12-18T09:38:26Z
114620722,https://github.com/whoareyou40/helloworld,whoareyou40,2017-12-18T09:21:15Z
114622263,https://github.com/fx772/mean-test,fx772,2017-12-18T09:35:37Z
114619168,https://github.com/kgalgat117/Cms_Blog,kgalgat117,2017-12-18T09:05:53Z
114619206,https://github.com/prajwalx/ssc-app,prajwalx,2017-12-18T09:06:12Z
114619093,https://github.com/dawoonchung/synaesthesify,dawoonchung,2017-12-18T09:05:01Z
114624535,https://github.com/devagrawal09/meteor-todo,devagrawal09,2017-12-18T09:57:22Z
114623248,https://github.com/dpoi1973/QQAutoDZWeb,dpoi1973,2017-12-18T09:45:01Z
114622853,https://github.com/DzungHT/CPMCloud,DzungHT,2017-12-18T09:41:08Z
114620544,https://github.com/Pephers/electron-test-app,Pephers,2017-12-18T09:19:34Z
114620614,https://github.com/HelenaBel/PixelArtProject,HelenaBel,2017-12-18T09:20:16Z
114620151,https://github.com/muyewudong/xmjf,muyewudong,2017-12-18T09:15:45Z
114620174,https://github.com/xuchaoUCAS/xuchaoUCAS.github.io,xuchaoUCAS,2017-12-18T09:15:56Z
114620801,https://github.com/Stankiuks/NamuDarbasJavaScript,Stankiuks,2017-12-18T09:21:56Z
114620944,https://github.com/herbyherado/Hacktiv8-Phase0-Week2,herbyherado,2017-12-18T09:23:21Z
114621013,https://github.com/ValueFE/egg-frequency-limit,ValueFE,2017-12-18T09:24:05Z
114621391,https://github.com/hrannar10/.netCoreApi,hrannar10,2017-12-18T09:27:25Z
114623878,https://github.com/AnnaGabriela/schedule-tracker_API,AnnaGabriela,2017-12-18T09:50:53Z
114623549,https://github.com/chithiralanaresh/SampleRepository,chithiralanaresh,2017-12-18T09:47:43Z
114619137,https://github.com/ironboy/fib-example,ironboy,2017-12-18T09:05:31Z
114623184,https://github.com/sachin-adkar/node-web-server,sachin-adkar,2017-12-18T09:44:17Z
114620229,https://github.com/zhangyanhua4/jeesite_master,zhangyanhua4,2017-12-18T09:16:23Z
114621330,https://github.com/MaksEra/portfolio,MaksEra,2017-12-18T09:26:51Z
114621357,https://github.com/enriiquee/cytoscape-tutorial,enriiquee,2017-12-18T09:27:08Z
114623731,https://github.com/reshng/P304---18.12.2017,reshng,2017-12-18T09:49:21Z
114623815,https://github.com/JL337/Beat-Click-Project1,JL337,2017-12-18T09:50:10Z
114623828,https://github.com/boeriksson/CodeMap,boeriksson,2017-12-18T09:50:21Z
114619433,https://github.com/kaylafowler/js_twitter_bot,kaylafowler,2017-12-18T09:08:41Z
114619530,https://github.com/SmartKylin/kylin-ui,SmartKylin,2017-12-18T09:09:35Z
114619538,https://github.com/Jxinchao/test,Jxinchao,2017-12-18T09:09:41Z
114622372,https://github.com/daniel-salgado/burger-party,daniel-salgado,2017-12-18T09:36:42Z
114621079,https://github.com/ljwoodward/newsApiHomework,ljwoodward,2017-12-18T09:24:32Z
114622656,https://github.com/zhouzhongyuan/redux-demo,zhouzhongyuan,2017-12-18T09:39:07Z
114622693,https://github.com/lhz516/reversi,lhz516,2017-12-18T09:39:25Z
114618903,https://github.com/lyoelee/hong_kong_housing,lyoelee,2017-12-18T09:02:59Z
114620006,https://github.com/midnight-walker/record-mobile,midnight-walker,2017-12-18T09:14:14Z
114622065,https://github.com/dpoi1973/wechat,dpoi1973,2017-12-18T09:33:47Z
114618954,https://github.com/rotchotcho/CarShare,rotchotcho,2017-12-18T09:03:30Z
114619421,https://github.com/xiaomaixiaomai/Mooc_movie,xiaomaixiaomai,2017-12-18T09:08:33Z