172652298,https://github.com/Areizen/JNI-Frida-Hook,Areizen,2019-02-26T06:33:45Z
172650816,https://github.com/KaiHotz/React-PhoneNr-Input,KaiHotz,2019-02-26T06:22:52Z
172654780,https://github.com/strugee/recaptcha-unpaid-labor,strugee,2019-02-26T06:52:24Z
172654677,https://github.com/RetinaLI/fe-mock-data,RetinaLI,2019-02-26T06:51:43Z
172652871,https://github.com/knoldus/rust-kcov,knoldus,2019-02-26T06:38:23Z
172652731,https://github.com/HectorBlisS/curso_aprende_redux_facilmente,HectorBlisS,2019-02-26T06:37:22Z
172652887,https://github.com/shichaohui/Joystick,shichaohui,2019-02-26T06:38:30Z
172655212,https://github.com/ludejun/ReactNative-Redux-Thunk,ludejun,2019-02-26T06:55:26Z
172654350,https://github.com/Kun1605/classes,Kun1605,2019-02-26T06:49:22Z
172655813,https://github.com/masaeedu/cellular_critters,masaeedu,2019-02-26T06:59:48Z
172653155,https://github.com/wcxok/sudoku-mini,wcxok,2019-02-26T06:40:45Z
172650123,https://github.com/MonkeyBuisness/screencast,MonkeyBuisness,2019-02-26T06:17:54Z
172652606,https://github.com/pusaphil/nodejs_seneca_poc,pusaphil,2019-02-26T06:36:20Z
172649534,https://github.com/mhobesong/LoadMore,mhobesong,2019-02-26T06:13:20Z
172653115,https://github.com/teeyou/React_infiniteScroll,teeyou,2019-02-26T06:40:26Z
172652251,https://github.com/georgeganlu/deepCopy,georgeganlu,2019-02-26T06:33:25Z
172653625,https://github.com/zxdeya/my-mint,zxdeya,2019-02-26T06:44:01Z
172650519,https://github.com/ZhongDev/node-rpi-garage-ui,ZhongDev,2019-02-26T06:20:46Z
172654846,https://github.com/hardeepvicky/js-cascade,hardeepvicky,2019-02-26T06:52:56Z
172650796,https://github.com/croogie/teamtracker,croogie,2019-02-26T06:22:46Z
172649462,https://github.com/HikvIneH/vue-store,HikvIneH,2019-02-26T06:12:48Z
172648182,https://github.com/rpsabarimani/DrawerStackTabNavigation,rpsabarimani,2019-02-26T06:02:06Z
172648272,https://github.com/hackazer/PouchDB-Sync,hackazer,2019-02-26T06:02:51Z
172654111,https://github.com/sharonpamela/Word-Guess-Game,sharonpamela,2019-02-26T06:47:28Z
172652197,https://github.com/HmichaelWang/areaSelect,HmichaelWang,2019-02-26T06:33:02Z
172653264,https://github.com/janryWang/react-site-renderer,janryWang,2019-02-26T06:41:29Z
172651688,https://github.com/RuhanRK/healthy,RuhanRK,2019-02-26T06:29:24Z
172653143,https://github.com/liu2866345/rFrom,liu2866345,2019-02-26T06:40:39Z
172648807,https://github.com/SanketSanath/vision,SanketSanath,2019-02-26T06:07:32Z
172655138,https://github.com/DavidGalindo23/sneakers,DavidGalindo23,2019-02-26T06:54:57Z
172653280,https://github.com/rickodonnell/witw,rickodonnell,2019-02-26T06:41:35Z
172649584,https://github.com/sgatana/random-phone-number-generator,sgatana,2019-02-26T06:13:43Z
172649850,https://github.com/lenartpapez/students,lenartpapez,2019-02-26T06:15:47Z
172652929,https://github.com/Jorce-Li/xjxp_littlePro,Jorce-Li,2019-02-26T06:38:48Z
172652216,https://github.com/aravindhalahalli/Myprofile,aravindhalahalli,2019-02-26T06:33:11Z
172651162,https://github.com/jstarseven/yund,jstarseven,2019-02-26T06:25:20Z
172650242,https://github.com/dhimasanb/react-movie-app,dhimasanb,2019-02-26T06:18:42Z
172655337,https://github.com/integscloud/IntegsCloud,integscloud,2019-02-26T06:56:34Z
172654508,https://github.com/ianmcateer/js-playground-new,ianmcateer,2019-02-26T06:50:35Z
172654513,https://github.com/zjtt/wechat-public-template,zjtt,2019-02-26T06:50:36Z
172649397,https://github.com/hemedani/teamChe-bc,hemedani,2019-02-26T06:12:11Z
172651633,https://github.com/Raghusriram/mongodB,Raghusriram,2019-02-26T06:29:00Z
172651639,https://github.com/mclander/tab-react-redux-challenge,mclander,2019-02-26T06:29:03Z
172651857,https://github.com/catbea/happynode,catbea,2019-02-26T06:30:35Z
172654050,https://github.com/DevMai90/debt-tracker,DevMai90,2019-02-26T06:46:59Z
172648585,https://github.com/dmbf29/geocoding-demo,dmbf29,2019-02-26T06:05:36Z
172648699,https://github.com/bumseon/algorithm,bumseon,2019-02-26T06:06:36Z
172651316,https://github.com/LuceroSDJ/liri-node-app,LuceroSDJ,2019-02-26T06:26:34Z
172655113,https://github.com/jihb/homePage,jihb,2019-02-26T06:54:47Z
172654322,https://github.com/june111/vue-multi-page-template,june111,2019-02-26T06:49:03Z
172655326,https://github.com/quangChe/timer-app,quangChe,2019-02-26T06:56:24Z
172655366,https://github.com/MunSeoHee/project03,MunSeoHee,2019-02-26T06:56:46Z
172654130,https://github.com/vanshtah/Smart-Contract-DEX,vanshtah,2019-02-26T06:47:39Z
172649213,https://github.com/furtherdream/basicJS,furtherdream,2019-02-26T06:10:48Z
172651004,https://github.com/joecstu/reacttest,joecstu,2019-02-26T06:24:07Z
172651137,https://github.com/krisk/kimar,krisk,2019-02-26T06:25:02Z
172651736,https://github.com/ijwfly/d2-swapper,ijwfly,2019-02-26T06:29:44Z
172649363,https://github.com/abeet/elrond-spa,abeet,2019-02-26T06:11:54Z
172651946,https://github.com/nayarawatanuki/ProjetoMuseu,nayarawatanuki,2019-02-26T06:31:14Z
172650185,https://github.com/CatThingy/TerrainGen,CatThingy,2019-02-26T06:18:17Z
172650416,https://github.com/hsz1990/colorpicker,hsz1990,2019-02-26T06:20:02Z
172649619,https://github.com/vacoo/schoolbell,vacoo,2019-02-26T06:13:56Z
172649360,https://github.com/owenliu1122/owenliu1122.github.io,owenliu1122,2019-02-26T06:11:51Z
172651431,https://github.com/me-ch/CryptNews,me-ch,2019-02-26T06:27:29Z
172653354,https://github.com/chengshaojia/learngit,chengshaojia,2019-02-26T06:42:05Z
172650095,https://github.com/RaviGautam0001/javascript-algorithms,RaviGautam0001,2019-02-26T06:17:44Z
172654331,https://github.com/kaushikkarthik/NUS-ISS,kaushikkarthik,2019-02-26T06:49:09Z
172649456,https://github.com/jinyajuan/vue-practice,jinyajuan,2019-02-26T06:12:43Z
172651468,https://github.com/Dayzpd/Pick-a-Student-v4,Dayzpd,2019-02-26T06:27:44Z
172648255,https://github.com/violettebec21/Constructor_Word_Guess,violettebec21,2019-02-26T06:02:44Z
172649774,https://github.com/ankit506/auth-backend,ankit506,2019-02-26T06:15:10Z
172651846,https://github.com/zhouhangde/vue-mui-longz,zhouhangde,2019-02-26T06:30:31Z
172650311,https://github.com/lizhaoyun/JS-advanced-lessons,lizhaoyun,2019-02-26T06:19:11Z
172655406,https://github.com/zhongzikuli/react-demo,zhongzikuli,2019-02-26T06:57:04Z
172650972,https://github.com/daniellmsh/node-por-hacer,daniellmsh,2019-02-26T06:23:57Z
172654610,https://github.com/UnFor22/TianXun,UnFor22,2019-02-26T06:51:15Z
172655796,https://github.com/RouenPro/rouen.github.io,RouenPro,2019-02-26T06:59:43Z
172655499,https://github.com/RavinduW/new-MERN-stack-app,RavinduW,2019-02-26T06:57:47Z
172648357,https://github.com/RuiPengGao/agendatesting,RuiPengGao,2019-02-26T06:03:36Z
172648443,https://github.com/DominicHulsey/pokemon,DominicHulsey,2019-02-26T06:04:22Z
172649287,https://github.com/nshutijonathan/EPIC-Mail,nshutijonathan,2019-02-26T06:11:20Z
172651542,https://github.com/njoshj/projct,njoshj,2019-02-26T06:28:14Z
172648660,https://github.com/mhtrmkholis/h8-p0-w5,mhtrmkholis,2019-02-26T06:06:08Z
172648785,https://github.com/hussainahmad/React-Native-Form-Demo,hussainahmad,2019-02-26T06:07:19Z
172648537,https://github.com/Lucidreline/trackMyCash,Lucidreline,2019-02-26T06:05:09Z
172650336,https://github.com/kontex1990/html,kontex1990,2019-02-26T06:19:24Z
172651161,https://github.com/hexh250786313/amai_mayoi.github.io,hexh250786313,2019-02-26T06:25:19Z
172655243,https://github.com/sunligh91/SSM-LTE,sunligh91,2019-02-26T06:55:41Z
172655609,https://github.com/raja2997/Flipkart,raja2997,2019-02-26T06:58:32Z
172654757,https://github.com/FatmaAdiSyaputra/Exercise3,FatmaAdiSyaputra,2019-02-26T06:52:14Z
172655294,https://github.com/danielnielsen/Node.js-Microservice-Boilerplate,danielnielsen,2019-02-26T06:56:05Z
172650819,https://github.com/maitungmn/kpiExport-gcf,maitungmn,2019-02-26T06:22:54Z
172654402,https://github.com/syvt/node-server-demo,syvt,2019-02-26T06:49:45Z
172652467,https://github.com/MgLa19/assignment,MgLa19,2019-02-26T06:35:13Z
172652653,https://github.com/forever040107/novice_mission,forever040107,2019-02-26T06:36:45Z
172650379,https://github.com/moonsunsong/onlybuy,moonsunsong,2019-02-26T06:19:43Z
172648510,https://github.com/luoshilu/luo-cli,luoshilu,2019-02-26T06:04:56Z
172649699,https://github.com/TechFit/webcam,TechFit,2019-02-26T06:14:36Z
172654751,https://github.com/internetee/registrant_center,internetee,2019-02-26T06:52:12Z
172647951,https://github.com/shkimddd/herokuTest,shkimddd,2019-02-26T06:00:14Z
172651252,https://github.com/k-cormack/react_vid-viewer,k-cormack,2019-02-26T06:26:00Z
172653336,https://github.com/wjnoh/ClockClock,wjnoh,2019-02-26T06:41:56Z
172654460,https://github.com/Fukky21/MatrixAutoInput,Fukky21,2019-02-26T06:50:10Z
172652325,https://github.com/tianjiwuhen7/itcastTax,tianjiwuhen7,2019-02-26T06:33:57Z
172651916,https://github.com/ryder-mcdowell/dynamodb-music-uploader,ryder-mcdowell,2019-02-26T06:31:04Z
172651967,https://github.com/hsz1990/killblank,hsz1990,2019-02-26T06:31:24Z
172652053,https://github.com/Medha08/SimpleVotingDapp,Medha08,2019-02-26T06:31:59Z
172650189,https://github.com/allenlcp/Udemy_React_Complete_Guide,allenlcp,2019-02-26T06:18:19Z
172655221,https://github.com/Don2Quixote/dota-5x5,Don2Quixote,2019-02-26T06:55:31Z
172652598,https://github.com/Ramsemmanuel/dstv-movies,Ramsemmanuel,2019-02-26T06:36:16Z
172654206,https://github.com/yoonsua/Nodejs_board,yoonsua,2019-02-26T06:48:14Z
172649713,https://github.com/FSerg/fdu_reports,FSerg,2019-02-26T06:14:41Z
172651617,https://github.com/zafarhassim/mongo-scrapper,zafarhassim,2019-02-26T06:28:50Z
172651683,https://github.com/Neymarrrha/-,Neymarrrha,2019-02-26T06:29:21Z
172651719,https://github.com/crazy23lt/Message,crazy23lt,2019-02-26T06:29:37Z
172647927,https://github.com/SDC-Quatro/video-service-component,SDC-Quatro,2019-02-26T06:00:02Z
172649229,https://github.com/1021683053/react-native-topview,1021683053,2019-02-26T06:10:54Z
172654109,https://github.com/OmarEssamer/xDDD,OmarEssamer,2019-02-26T06:47:28Z
172654535,https://github.com/drcircuit/3dengine,drcircuit,2019-02-26T06:50:48Z
172655542,https://github.com/likaladi/leyou-portal,likaladi,2019-02-26T06:58:04Z
172649977,https://github.com/tan215210976/wechat,tan215210976,2019-02-26T06:16:50Z
172651486,https://github.com/govindjhag/impp-react,govindjhag,2019-02-26T06:27:51Z
172655010,https://github.com/hahnsol/Js,hahnsol,2019-02-26T06:54:06Z
172651787,https://github.com/kimwnd/humesh,kimwnd,2019-02-26T06:30:05Z
172650686,https://github.com/mguzmabot/Automation-JS-Puppeteer-WebsiteTests,mguzmabot,2019-02-26T06:21:57Z
172655292,https://github.com/gabrielkuettel/gitCamp,gabrielkuettel,2019-02-26T06:56:05Z
172651799,https://github.com/sh786afi/School-Project,sh786afi,2019-02-26T06:30:09Z
172650801,https://github.com/sandb0x4477/europe-trip,sandb0x4477,2019-02-26T06:22:46Z
172651192,https://github.com/MohsinNajmuddin/safety-managment-system,MohsinNajmuddin,2019-02-26T06:25:35Z
172649588,https://github.com/hikkihik/dog-cat-mouse,hikkihik,2019-02-26T06:13:44Z
172653202,https://github.com/adp7/Portfolio,adp7,2019-02-26T06:41:05Z
172653415,https://github.com/Adivaprayoga/learn-basic-nodejs,Adivaprayoga,2019-02-26T06:42:31Z
172650129,https://github.com/yoonsua/Live-chat,yoonsua,2019-02-26T06:17:54Z
172654237,https://github.com/Denisijcu/react-cars,Denisijcu,2019-02-26T06:48:28Z
172655662,https://github.com/zjtt/ios-scroll-supply,zjtt,2019-02-26T06:58:54Z
172654105,https://github.com/georganix/jcfx,georganix,2019-02-26T06:47:26Z
172652516,https://github.com/soniakshay/facebook-login-using-node-,soniakshay,2019-02-26T06:35:34Z
172654505,https://github.com/mengxinssfd/miniprogramMusic,mengxinssfd,2019-02-26T06:50:33Z
172648420,https://github.com/88flyfish/hq-dm,88flyfish,2019-02-26T06:04:09Z
172654649,https://github.com/victoriantonova/cwp-23,victoriantonova,2019-02-26T06:51:30Z
172653360,https://github.com/vrishabml/NotesApp,vrishabml,2019-02-26T06:42:07Z
172650079,https://github.com/Assapatt/JS-advanced-lessons,Assapatt,2019-02-26T06:17:39Z
172650488,https://github.com/RubyGe/react-test,RubyGe,2019-02-26T06:20:34Z
172651611,https://github.com/commitnpush/scratch_start,commitnpush,2019-02-26T06:28:49Z
172651920,https://github.com/superLane/Leaflet,superLane,2019-02-26T06:31:05Z
172648622,https://github.com/crazy23lt/mongolearn,crazy23lt,2019-02-26T06:05:53Z
172649540,https://github.com/hoseadevops/wallet-1,hoseadevops,2019-02-26T06:13:24Z
172654652,https://github.com/massion1990/massion1990.github.io,massion1990,2019-02-26T06:51:31Z
172654698,https://github.com/XIAOGUIGUI/egg-view-vuessr,XIAOGUIGUI,2019-02-26T06:51:48Z
172653058,https://github.com/ZulNs/Progress.js,ZulNs,2019-02-26T06:39:48Z
172649529,https://github.com/allen0217/craftcreditcard,allen0217,2019-02-26T06:13:19Z
172650608,https://github.com/adityab93/Project,adityab93,2019-02-26T06:21:20Z
172650675,https://github.com/AnNingCsp/django_test,AnNingCsp,2019-02-26T06:21:51Z
172651572,https://github.com/Denisijcu/react-activity-3,Denisijcu,2019-02-26T06:28:29Z
172653916,https://github.com/ranit-geek/RestFull-API-NodeJS,ranit-geek,2019-02-26T06:45:54Z
172648614,https://github.com/rjmcbain/react-portfolio-2019,rjmcbain,2019-02-26T06:05:50Z
172650120,https://github.com/sagar0937/bookList-OOP-,sagar0937,2019-02-26T06:17:53Z
172654424,https://github.com/chenkunyu66/computer-graphic-proj03,chenkunyu66,2019-02-26T06:49:55Z
172652158,https://github.com/wangweijia/InterflowServer,wangweijia,2019-02-26T06:32:45Z
172649235,https://github.com/ajitvaluecoders/todo,ajitvaluecoders,2019-02-26T06:10:57Z
172655543,https://github.com/dsrini94/tjMaxxServer,dsrini94,2019-02-26T06:58:05Z
172655659,https://github.com/dmrbs/javascript-examples,dmrbs,2019-02-26T06:58:52Z
172650098,https://github.com/rrcgat/wepy-novel,rrcgat,2019-02-26T06:17:45Z
172650506,https://github.com/creamgod45/Notification-js,creamgod45,2019-02-26T06:20:41Z
172650004,https://github.com/rudestewing/react-next,rudestewing,2019-02-26T06:17:00Z
172651999,https://github.com/mahmoudrabie/Rewards01,mahmoudrabie,2019-02-26T06:31:34Z
172648259,https://github.com/prakashkher/nodejs-express-demo,prakashkher,2019-02-26T06:02:45Z
172649354,https://github.com/AndersFly666/conway_life,AndersFly666,2019-02-26T06:11:49Z
172648041,https://github.com/ndaybreak/jys,ndaybreak,2019-02-26T06:00:59Z
172649435,https://github.com/himanshu-ansrc/sme-back,himanshu-ansrc,2019-02-26T06:12:32Z
172652418,https://github.com/agalcalledjen/R10,agalcalledjen,2019-02-26T06:34:48Z
172650897,https://github.com/PrasannaPattankar/ES6CodetoEs5,PrasannaPattankar,2019-02-26T06:23:31Z
172651124,https://github.com/Jnavarr56/ExperimentingWithNode.js,Jnavarr56,2019-02-26T06:24:53Z
172649677,https://github.com/forever040107/test0223_redux,forever040107,2019-02-26T06:14:23Z
172649866,https://github.com/ajay7868/pushNotification,ajay7868,2019-02-26T06:15:55Z
172654807,https://github.com/prachigupta09/3d-Snake,prachigupta09,2019-02-26T06:52:38Z
172654811,https://github.com/olsolov/BarberShopHQ,olsolov,2019-02-26T06:52:40Z
172649895,https://github.com/tuayang/liri-node-app,tuayang,2019-02-26T06:16:08Z
172649935,https://github.com/GrishmaModhvadiya/Dev_Talent-Onboarding-Task,GrishmaModhvadiya,2019-02-26T06:16:33Z
172654115,https://github.com/RiazanovKS/Bookshelf,RiazanovKS,2019-02-26T06:47:30Z
172654309,https://github.com/moonbeam-ui/ui,moonbeam-ui,2019-02-26T06:49:00Z
172648631,https://github.com/ThirunavukkarasuV/Node.js,ThirunavukkarasuV,2019-02-26T06:05:57Z
172652177,https://github.com/Neymarrrha/aircraft-battle,Neymarrrha,2019-02-26T06:33:37Z
172652227,https://github.com/dsrini94/teamApp,dsrini94,2019-02-26T06:33:15Z
172652265,https://github.com/KILLTUBE/libwebgame_vendorstuff,KILLTUBE,2019-02-26T06:33:32Z
172649044,https://github.com/chendongqin/qin_line,chendongqin,2019-02-26T06:09:29Z
172651344,https://github.com/ElenaKostenko97/Farpost,ElenaKostenko97,2019-02-26T06:26:47Z
172653198,https://github.com/weizai118/webpack.js.org-demos,weizai118,2019-02-26T06:41:04Z
172650147,https://github.com/PackiarajArulprakasam/GoolgleMap-Plotly-chart,PackiarajArulprakasam,2019-02-26T06:18:00Z
172652660,https://github.com/harshal-chaudhari-continuum/todo-app,harshal-chaudhari-continuum,2019-02-26T06:36:48Z
172650250,https://github.com/angingen/Jingwen-portfolio,angingen,2019-02-26T06:18:47Z
172655413,https://github.com/samay3191/test-graphql,samay3191,2019-02-26T06:57:05Z
172650522,https://github.com/ryanstevens/node_modules_ls,ryanstevens,2019-02-26T06:20:48Z
172650540,https://github.com/antonkot/pacman,antonkot,2019-02-26T06:20:53Z
172648868,https://github.com/tllbscript/related,tllbscript,2019-02-26T06:08:05Z
172648079,https://github.com/JaeJang/jenkins-node,JaeJang,2019-02-26T06:01:18Z
172649042,https://github.com/spixians/new-ui-angular,spixians,2019-02-26T06:09:28Z
172649271,https://github.com/MSureshSurya/Suresh,MSureshSurya,2019-02-26T06:11:12Z
172655316,https://github.com/ackhia/graphql-request,ackhia,2019-02-26T06:56:16Z
172655825,https://github.com/PrasanjitB/multi-docker,PrasanjitB,2019-02-26T06:59:52Z
172653144,https://github.com/Vincentvtt/Calculator,Vincentvtt,2019-02-26T06:40:40Z
172651571,https://github.com/joshuajabakumar/CodeSandBox-Node,joshuajabakumar,2019-02-26T06:28:28Z
172649792,https://github.com/JoyyToo/OnlinePizzeriaFrontend,JoyyToo,2019-02-26T06:15:17Z
172655079,https://github.com/Suyogya/multi-docker,Suyogya,2019-02-26T06:54:35Z
172649981,https://github.com/souvik-ghosh/posts-react,souvik-ghosh,2019-02-26T06:16:50Z
172650237,https://github.com/Husnainakmal5/ReactCore,Husnainakmal5,2019-02-26T06:18:41Z
172652972,https://github.com/TrendingTechnology/rayriffy-blog,TrendingTechnology,2019-02-26T06:39:04Z
172654606,https://github.com/maharjansumeet/circlenodeapp,maharjansumeet,2019-02-26T06:51:14Z
172647981,https://github.com/zhang812706784/houTaiManager,zhang812706784,2019-02-26T06:00:27Z
172649931,https://github.com/Danish-Ehsan/record_store,Danish-Ehsan,2019-02-26T06:16:28Z
172648406,https://github.com/alexachira/police,alexachira,2019-02-26T06:04:01Z
172655095,https://github.com/jacobpretorius/toggl-sleeping-in,jacobpretorius,2019-02-26T06:54:40Z
172652095,https://github.com/nandhakrishnasr/nodejstraining,nandhakrishnasr,2019-02-26T06:32:15Z
172652110,https://github.com/umeshjavadeveloper/Callback_Program,umeshjavadeveloper,2019-02-26T06:32:23Z
172652324,https://github.com/Zam0411/liri-node-app,Zam0411,2019-02-26T06:33:57Z
172652401,https://github.com/vrishabml/DynamicWeatherApp,vrishabml,2019-02-26T06:34:36Z
172653911,https://github.com/fudgi/Notebook,fudgi,2019-02-26T06:45:52Z
172649499,https://github.com/DanielDiSalvo/Fetch-Data-Api-Axios-React,DanielDiSalvo,2019-02-26T06:13:06Z
172651310,https://github.com/Aakashdeveloper/converse,Aakashdeveloper,2019-02-26T06:26:29Z
172651381,https://github.com/q453773874/calculator,q453773874,2019-02-26T06:27:06Z
172655559,https://github.com/TommoCrabb/NuffyMate,TommoCrabb,2019-02-26T06:58:12Z
172651354,https://github.com/Ashishkvs/theme,Ashishkvs,2019-02-26T06:26:56Z
172652131,https://github.com/VBuchatskiy/calculator,VBuchatskiy,2019-02-26T06:32:31Z
172655388,https://github.com/karkowg/cest-qui-jiji-bot,karkowg,2019-02-26T06:56:57Z
172650896,https://github.com/crocodile001/crocodile001.github.io,crocodile001,2019-02-26T06:23:30Z
172651135,https://github.com/yly-lov/smallProgram,yly-lov,2019-02-26T06:25:00Z
172649768,https://github.com/kung8/Tic-Tac-Toe,kung8,2019-02-26T06:15:06Z
172650839,https://github.com/nagagopi040/insta-sample-site,nagagopi040,2019-02-26T06:23:02Z
172648548,https://github.com/fahadrq/Coursera-mod5-solution,fahadrq,2019-02-26T06:05:15Z
172649144,https://github.com/maxitron93/express_postgresql_boilerplate,maxitron93,2019-02-26T06:10:16Z
172652791,https://github.com/75dragon/cruzhack2019front,75dragon,2019-02-26T06:37:50Z
172651666,https://github.com/mom11111/fetching-form-data-in-express-and-mongodb,mom11111,2019-02-26T06:29:17Z
172653556,https://github.com/kanika7/react-webpack-boilerplate,kanika7,2019-02-26T06:43:31Z
172650566,https://github.com/DrinkLarge/promise,DrinkLarge,2019-02-26T06:21:02Z
172653548,https://github.com/t7haki01/graph_query_language_simple_exercise,t7haki01,2019-02-26T06:43:29Z