239263750,https://github.com/kbdxbt/kbframe,kbdxbt,2020-02-09T07:23:47Z
239273197,https://github.com/simonhtjl/Aplikasi-Mobile-Survey-Pilkada,simonhtjl,2020-02-09T08:50:44Z
239265707,https://github.com/kbdxbt/kbframe-assist,kbdxbt,2020-02-09T07:41:34Z
239274201,https://github.com/McBane87/docker-gammu-kalkun,McBane87,2020-02-09T08:59:24Z
239261517,https://github.com/kossa/blog,kossa,2020-02-09T07:02:28Z
239272256,https://github.com/superljy/homepage,superljy,2020-02-09T08:42:14Z
239271222,https://github.com/katusik/wordpress,katusik,2020-02-09T08:33:06Z
239270195,https://github.com/whiteromka/bitrix-test.loc,whiteromka,2020-02-09T08:23:02Z
239267585,https://github.com/likenother/NUevents,likenother,2020-02-09T07:58:50Z
239270233,https://github.com/interglobalvision/courtspace,interglobalvision,2020-02-09T08:23:24Z
239272214,https://github.com/Bhavin8499/Smart-Society,Bhavin8499,2020-02-09T08:41:49Z
239269642,https://github.com/GuillaumeMORERO/TP-WordPress,GuillaumeMORERO,2020-02-09T08:17:48Z
239261323,https://github.com/yukihamu1206/PHP2-twitter,yukihamu1206,2020-02-09T07:00:44Z
239270227,https://github.com/yoheiMune/gs-aws-laravel,yoheiMune,2020-02-09T08:23:21Z
239272171,https://github.com/calebredd/reddpress,calebredd,2020-02-09T08:41:33Z
239261418,https://github.com/gohnigel/KPI_100076603,gohnigel,2020-02-09T07:01:31Z
239272517,https://github.com/WebOfficePolska/fomo.pl,WebOfficePolska,2020-02-09T08:44:54Z
239265029,https://github.com/0xJacky/ibeta-api-outer,0xJacky,2020-02-09T07:35:11Z
239261659,https://github.com/j-goto1988/line_notify,j-goto1988,2020-02-09T07:03:41Z
239262882,https://github.com/dinamsky/mix,dinamsky,2020-02-09T07:15:19Z
239264865,https://github.com/bibekghimire-ith/websiteII,bibekghimire-ith,2020-02-09T07:33:42Z
239267166,https://github.com/18018967242/test,18018967242,2020-02-09T07:55:02Z
239270073,https://github.com/lampdev/ipservice,lampdev,2020-02-09T08:22:00Z
239268455,https://github.com/joyching/laravel-api,joyching,2020-02-09T08:06:47Z
239265999,https://github.com/Hemal30patel/EventGallery,Hemal30patel,2020-02-09T07:44:06Z
239263681,https://github.com/54130189/week,54130189,2020-02-09T07:23:03Z
239268718,https://github.com/StartHello/ProjectHouswap,StartHello,2020-02-09T08:09:04Z
239261553,https://github.com/msudanbhattarai/bloodbank-,msudanbhattarai,2020-02-09T07:02:48Z
239263102,https://github.com/j-goto1988/sample_twitter,j-goto1988,2020-02-09T07:17:26Z
239268783,https://github.com/yapsterr/yap_enarle,yapsterr,2020-02-09T08:09:41Z
239262253,https://github.com/apioo/fusio-adapter-laravel,apioo,2020-02-09T07:09:32Z
239269209,https://github.com/mkn777/ECSE,mkn777,2020-02-09T08:13:48Z
239272028,https://github.com/jointcrew/laravel_training_pj_pub,jointcrew,2020-02-09T08:40:13Z
239265750,https://github.com/kurowana/habitquest6,kurowana,2020-02-09T07:41:54Z
239270045,https://github.com/LeonardoSerilli98/TDW_Proj,LeonardoSerilli98,2020-02-09T08:21:43Z
239264741,https://github.com/Akashjammi/PlantyServer,Akashjammi,2020-02-09T07:32:38Z
239263801,https://github.com/webreports/shopify,webreports,2020-02-09T07:24:25Z
239273283,https://github.com/level39/project-manager,level39,2020-02-09T08:51:28Z
239266960,https://github.com/xiaochenyang-bob/laravel_practice,xiaochenyang-bob,2020-02-09T07:53:05Z
239272366,https://github.com/muazwzxv/weatherApp,muazwzxv,2020-02-09T08:43:15Z
239267112,https://github.com/abhilashpujari/laravel-ecommerce-api,abhilashpujari,2020-02-09T07:54:29Z
239269219,https://github.com/ITreeMan/wordpress-siripanshop,ITreeMan,2020-02-09T08:13:56Z
239270188,https://github.com/ann-dev/sda_php,ann-dev,2020-02-09T08:22:58Z
239264714,https://github.com/sebastianknopf/gtfs-csa-php,sebastianknopf,2020-02-09T07:32:26Z
239261572,https://github.com/jesteric/bitrix_dev,jesteric,2020-02-09T07:02:58Z
239263425,https://github.com/dimkael/PHPpractics,dimkael,2020-02-09T07:20:23Z
239270246,https://github.com/mhmddaniel/fetcher-page,mhmddaniel,2020-02-09T08:23:37Z
239269109,https://github.com/vishalagrawal20/Mini-project-2-online-grocery-management-system,vishalagrawal20,2020-02-09T08:12:42Z
239268559,https://github.com/skar2019/AdminInterface,skar2019,2020-02-09T08:07:34Z
239269640,https://github.com/ybygjylj/Innovative-Education-Lab,ybygjylj,2020-02-09T08:17:48Z
239262130,https://github.com/AkiIshikawa/laravel01-loginform,AkiIshikawa,2020-02-09T07:08:12Z
239262729,https://github.com/samrawat60/GitLearningRepo,samrawat60,2020-02-09T07:13:46Z
239268230,https://github.com/kjuraszek/kj-simple-button,kjuraszek,2020-02-09T08:04:52Z
239267409,https://github.com/kechankrisna/LANDPMS,kechankrisna,2020-02-09T07:57:08Z
239262370,https://github.com/cadyrov/yiiapi,cadyrov,2020-02-09T07:10:35Z
239267624,https://github.com/Sunsetboy/horse_race_simulator,Sunsetboy,2020-02-09T07:59:21Z
239263432,https://github.com/podshvitaly/dump,podshvitaly,2020-02-09T07:20:28Z
239271450,https://github.com/fdmahmud/PHP-Learning,fdmahmud,2020-02-09T08:35:19Z
239272946,https://github.com/arsscompany/beauty_boy_labo,arsscompany,2020-02-09T08:48:27Z
239264986,https://github.com/chenle8/imgurl,chenle8,2020-02-09T07:34:54Z
239273811,https://github.com/OnePlc/PLC_X_Article_Variant,OnePlc,2020-02-09T08:56:07Z
239270469,https://github.com/ipe-dev/book-manage,ipe-dev,2020-02-09T08:25:56Z
239264929,https://github.com/Daishi74/kadai-tasklist,Daishi74,2020-02-09T07:34:19Z
239265178,https://github.com/muhsenmaqsudi/laravel-inertia-vue-example,muhsenmaqsudi,2020-02-09T07:36:43Z
239269841,https://github.com/janosvajda/github-api,janosvajda,2020-02-09T08:19:51Z
239269444,https://github.com/mnanwarmz/first_laravel,mnanwarmz,2020-02-09T08:16:00Z
239267812,https://github.com/RoseCrib2833078/RepairRenameUI,RoseCrib2833078,2020-02-09T08:01:02Z
239273507,https://github.com/less-entropy-of-life/leol-base,less-entropy-of-life,2020-02-09T08:53:32Z
239273966,https://github.com/TTTch-git/movieLP,TTTch-git,2020-02-09T08:57:26Z
239264249,https://github.com/Dmytro-Litvinchuk/field-with-popup,Dmytro-Litvinchuk,2020-02-09T07:28:19Z
239272576,https://github.com/Severonik/team26,Severonik,2020-02-09T08:45:23Z
239273714,https://github.com/smruti-Bapi0001/Zsms8ZdJ,smruti-Bapi0001,2020-02-09T08:55:17Z
239266136,https://github.com/wattang/tryagain,wattang,2020-02-09T07:45:18Z
239269083,https://github.com/haiderShamil/esales-me,haiderShamil,2020-02-09T08:12:24Z