127360873,https://github.com/nullabork/talkbot,nullabork,2018-03-30T00:23:18Z
127362017,https://github.com/BigFatDog/auth-flow-ssr,BigFatDog,2018-03-30T00:41:59Z
127361238,https://github.com/paulirish/server-trace-injector-extension,paulirish,2018-03-30T00:29:17Z
127360631,https://github.com/pass-n-play/pass-n-play,pass-n-play,2018-03-30T00:19:31Z
127362414,https://github.com/zgw010/boss,zgw010,2018-03-30T00:48:02Z
127362772,https://github.com/matheus-rossi/xlsx-to-db,matheus-rossi,2018-03-30T00:53:18Z
127361888,https://github.com/paaatcha/pad_cirugia,paaatcha,2018-03-30T00:40:09Z
127361883,https://github.com/MyEtherWallet/account-migrator,MyEtherWallet,2018-03-30T00:40:05Z
127360222,https://github.com/React-Boilerplates/Universal-Express-Apollo,React-Boilerplates,2018-03-30T00:12:13Z
127360497,https://github.com/KSJI/alpha,KSJI,2018-03-30T00:17:30Z
127361026,https://github.com/Colin-Henderson/final-app,Colin-Henderson,2018-03-30T00:25:43Z
127360431,https://github.com/prncyung/address-book,prncyung,2018-03-30T00:16:09Z
127361556,https://github.com/drnijq/sync-my-code,drnijq,2018-03-30T00:34:41Z
127362695,https://github.com/eduardoarandah/DescargaMasivaCFDIFirefox,eduardoarandah,2018-03-30T00:52:17Z
127362702,https://github.com/cardeol/blockchain,cardeol,2018-03-30T00:52:22Z
127362886,https://github.com/petrgazarov/encrypt-message,petrgazarov,2018-03-30T00:55:00Z
127361759,https://github.com/rafabruno/react-mobx-chat,rafabruno,2018-03-30T00:38:24Z
127361653,https://github.com/blaunicorn/project_Vue.js,blaunicorn,2018-03-30T00:36:14Z
127360223,https://github.com/nixautomater/usertitle3,nixautomater,2018-03-30T00:12:14Z
127362023,https://github.com/chrisechen/my-workflow,chrisechen,2018-03-30T00:42:07Z
127362823,https://github.com/Dlynbm/Backend,Dlynbm,2018-03-30T00:54:09Z
127362536,https://github.com/legomyoreos/github-battle,legomyoreos,2018-03-30T00:49:48Z
127363078,https://github.com/Jucian0/whatsApp-react-native,Jucian0,2018-03-30T00:57:32Z
127363134,https://github.com/shecancode/Mars-Rover,shecancode,2018-03-30T00:58:23Z
127359619,https://github.com/mayurnaik47/Online_Movies_Quiz,mayurnaik47,2018-03-30T00:01:33Z
127363036,https://github.com/SalmaCodes-zz/lyricator,SalmaCodes-zz,2018-03-30T00:56:58Z
127362871,https://github.com/dientoandammay-sangthu7-cogiao-nhom3/GoogleCloud-GiuaKy-New,dientoandammay-sangthu7-cogiao-nhom3,2018-03-30T00:54:50Z
127361357,https://github.com/davidcoleman007/sf-muni-map,davidcoleman007,2018-03-30T00:31:26Z
127359876,https://github.com/allawitte/react-state,allawitte,2018-03-30T00:06:00Z
127362045,https://github.com/Nishant-Adhikari/bot-assistant,Nishant-Adhikari,2018-03-30T00:42:34Z
127360492,https://github.com/hendrixroa/md-editor-backend,hendrixroa,2018-03-30T00:17:20Z
127361486,https://github.com/jcrwhite/water-thing,jcrwhite,2018-03-30T00:33:41Z
127361490,https://github.com/joaopfoliveira/LocationChooser,joaopfoliveira,2018-03-30T00:33:42Z
127361528,https://github.com/agrha/Bounty-Todo,agrha,2018-03-30T00:34:15Z
127359779,https://github.com/AhmedMugtaba/Todos,AhmedMugtaba,2018-03-30T00:04:18Z
127363173,https://github.com/dotnetCarpenter/panzoom2,dotnetCarpenter,2018-03-30T00:58:57Z
127359647,https://github.com/MIAhmed/ionic-msgClient,MIAhmed,2018-03-30T00:01:59Z
127359982,https://github.com/RoxBow/Morpion,RoxBow,2018-03-30T00:08:12Z
127360050,https://github.com/borruelm/scallablePressDemo,borruelm,2018-03-30T00:09:09Z
127360922,https://github.com/WebDevLyna/gbc-week3-lecture,WebDevLyna,2018-03-30T00:24:01Z
127363021,https://github.com/Wanishaholmes/Better-POSN,Wanishaholmes,2018-03-30T00:56:48Z
127363053,https://github.com/andy6804tw/docker-nodejs-tutorial,andy6804tw,2018-03-30T00:57:11Z
127360247,https://github.com/TaeHyoungKwon/coin-view-tutorial,TaeHyoungKwon,2018-03-30T00:12:52Z
127361998,https://github.com/anushaRaoR/videoapp,anushaRaoR,2018-03-30T00:41:42Z
127361446,https://github.com/ing-maycol28peru/nava69,ing-maycol28peru,2018-03-30T00:32:58Z
127360898,https://github.com/umihui/redux-practice,umihui,2018-03-30T00:23:41Z
127362895,https://github.com/pulchroxloom/visualizing_sorts,pulchroxloom,2018-03-30T00:55:07Z
127362954,https://github.com/treym27/CEN3031_GC_GUI,treym27,2018-03-30T00:55:52Z
127362105,https://github.com/MeatballMicah76/whack--a-OOF,MeatballMicah76,2018-03-30T00:43:23Z
127362489,https://github.com/johnsong261510/sun,johnsong261510,2018-03-30T00:49:08Z
127359716,https://github.com/pokatomnik/pasta-dev,pokatomnik,2018-03-30T00:03:13Z
127361810,https://github.com/stephenkrohnwhite/diceGame,stephenkrohnwhite,2018-03-30T00:39:04Z
127359985,https://github.com/chickenfriedrice/class-work,chickenfriedrice,2018-03-30T00:08:16Z
127360053,https://github.com/ElCentino/Express-App,ElCentino,2018-03-30T00:09:12Z
127360457,https://github.com/lilasquared/CS4524APP01,lilasquared,2018-03-30T00:16:37Z
127362897,https://github.com/darrenrector91/job-board,darrenrector91,2018-03-30T00:55:08Z
127362164,https://github.com/jma26/JSPomodoro_Clock,jma26,2018-03-30T00:44:19Z
127359795,https://github.com/arielwb/piratefy,arielwb,2018-03-30T00:04:36Z
127362662,https://github.com/bingdengtan/Auth,bingdengtan,2018-03-30T00:51:49Z
127362037,https://github.com/Deckins/Calculator,Deckins,2018-03-30T00:42:24Z
127360391,https://github.com/Tinitto/CellNote,Tinitto,2018-03-30T00:15:20Z
127360403,https://github.com/bzreinhardt/friendforce_app,bzreinhardt,2018-03-30T00:15:33Z
127361664,https://github.com/mhio/check,mhio,2018-03-30T00:36:26Z
127360906,https://github.com/KarterDreamzyMoore/whack-a-mole,KarterDreamzyMoore,2018-03-30T00:23:52Z
127360071,https://github.com/andersonmmi/EthMemphis-3,andersonmmi,2018-03-30T00:09:38Z
127361100,https://github.com/dictybase-playground/button-styling-demo,dictybase-playground,2018-03-30T00:26:51Z
127361140,https://github.com/canderis/lotor,canderis,2018-03-30T00:27:30Z
127359680,https://github.com/team-coco/zhen-proxy,team-coco,2018-03-30T00:02:30Z
127360689,https://github.com/madaferva/k8s-iniciacion-ejemplos,madaferva,2018-03-30T00:20:28Z
127360739,https://github.com/mariekers/rupa_site,mariekers,2018-03-30T00:21:06Z
127361302,https://github.com/SerColbyC/Lab7_Clites,SerColbyC,2018-03-30T00:30:20Z
127361311,https://github.com/darcey25/nytReact,darcey25,2018-03-30T00:30:27Z
127361381,https://github.com/developeremma/mongo-scraper,developeremma,2018-03-30T00:31:46Z
127361257,https://github.com/WorldSerpant/lab7,WorldSerpant,2018-03-30T00:29:35Z
127361435,https://github.com/catchonme/datepicker,catchonme,2018-03-30T00:32:40Z
127362357,https://github.com/mirmoboy/sample-jest,mirmoboy,2018-03-30T00:47:15Z
127360417,https://github.com/chiubaca/emoji-aqi-map,chiubaca,2018-03-30T00:15:55Z
127362786,https://github.com/JanRocha/Herois-JSP,JanRocha,2018-03-30T00:53:38Z
127359682,https://github.com/ksr583/gatsby-starter-netlify-cms,ksr583,2018-03-30T00:02:34Z
127359725,https://github.com/sorinpantis/sorin-test-app-spa,sorinpantis,2018-03-30T00:03:24Z
127362947,https://github.com/kenjindomini/bookbub_test,kenjindomini,2018-03-30T00:55:46Z
127362168,https://github.com/alexisnowhere/Lab7,alexisnowhere,2018-03-30T00:44:23Z
127359850,https://github.com/MatthewWanderers/W7d4,MatthewWanderers,2018-03-30T00:05:30Z
127359869,https://github.com/aromanarguello/simpleCalc,aromanarguello,2018-03-30T00:05:56Z
127360490,https://github.com/VirginiaCreativa/abecedariolsc.github.io,VirginiaCreativa,2018-03-30T00:17:18Z
127362222,https://github.com/geotrip/AtollIslandsInGEE,geotrip,2018-03-30T00:45:23Z
127361421,https://github.com/KMarin/Verifieds,KMarin,2018-03-30T00:32:25Z
127360006,https://github.com/simpleag/Student-Learning-Communication-Platform,simpleag,2018-03-30T00:08:32Z
127360057,https://github.com/Nerdy-Droid/Nerdy-Droid.github.io,Nerdy-Droid,2018-03-30T00:09:18Z
127360421,https://github.com/VDeveloperC/lab7,VDeveloperC,2018-03-30T00:15:58Z
127362296,https://github.com/Swoozeki/onion-or-not,Swoozeki,2018-03-30T00:46:33Z
127361518,https://github.com/pgoshulak/barchart,pgoshulak,2018-03-30T00:34:08Z
127361839,https://github.com/PatrickHalpin/News-Bot,PatrickHalpin,2018-03-30T00:39:29Z
127362626,https://github.com/GiantSlayer1913/tic-tac-toe,GiantSlayer1913,2018-03-30T00:51:25Z
127362733,https://github.com/alexrosie/Lab-7,alexrosie,2018-03-30T00:52:44Z
127362767,https://github.com/NadiaBCarmon/Pokedex,NadiaBCarmon,2018-03-30T00:53:14Z
127360908,https://github.com/wdarsow/BestMovieSearchEver,wdarsow,2018-03-30T00:23:53Z
127361614,https://github.com/wendelpaco/react-api,wendelpaco,2018-03-30T00:35:34Z
127359585,https://github.com/jsweitzer/react-socket-service,jsweitzer,2018-03-30T00:00:57Z
127361716,https://github.com/cbeez07/liri-node-app,cbeez07,2018-03-30T00:37:27Z
127361207,https://github.com/ScottGBennett/fork1,ScottGBennett,2018-03-30T00:28:47Z
127361225,https://github.com/eclancy/AsteroidBurst,eclancy,2018-03-30T00:29:06Z
127363230,https://github.com/Adancode/testing_mern_nytimes_solution,Adancode,2018-03-30T00:59:45Z
127363183,https://github.com/ahp2604/Bitcoin_Project,ahp2604,2018-03-30T00:59:08Z
127362511,https://github.com/hiroppy/node-metrics,hiroppy,2018-03-30T00:49:28Z
127361994,https://github.com/twinfred/twinfred.github.io,twinfred,2018-03-30T00:41:37Z
127361072,https://github.com/pcmlinh/teamassignment5,pcmlinh,2018-03-30T00:26:27Z
127361210,https://github.com/PQuintero6/Lab-7,PQuintero6,2018-03-30T00:28:48Z
127359540,https://github.com/pahan35/react-sitepoint-tutorial,pahan35,2018-03-30T00:00:12Z
127360683,https://github.com/KMedinaTheDev/BringOnTheCodeWars-14,KMedinaTheDev,2018-03-30T00:20:23Z
127360736,https://github.com/yazdog8/launchpad,yazdog8,2018-03-30T00:21:04Z
127360900,https://github.com/dmal4444/selfstudy,dmal4444,2018-03-30T00:23:43Z
127361647,https://github.com/miketogn/codelouisvilleFSJS,miketogn,2018-03-30T00:36:09Z
127360078,https://github.com/hacks-at-mac/three-js-activity-s2018,hacks-at-mac,2018-03-30T00:09:45Z
127360317,https://github.com/debugme/test-used,debugme,2018-03-30T00:14:05Z
127359749,https://github.com/tiago123456789/chat,tiago123456789,2018-03-30T00:03:50Z
127362000,https://github.com/isaacduna/Lab7,isaacduna,2018-03-30T00:41:43Z
127362584,https://github.com/ing-maycol28peru/nava5,ing-maycol28peru,2018-03-30T00:50:46Z
127362658,https://github.com/hoaiphatcr/TeamProject5,hoaiphatcr,2018-03-30T00:51:49Z
127361727,https://github.com/Shinogasa/mocha-test,Shinogasa,2018-03-30T00:37:38Z
127360059,https://github.com/rwthoo/lecture_3,rwthoo,2018-03-30T00:09:19Z
127361570,https://github.com/gravityatl/sinclair,gravityatl,2018-03-30T00:34:58Z
127359974,https://github.com/Albert80/express-hello-world,Albert80,2018-03-30T00:08:00Z
127360129,https://github.com/ashlega/ItAintBoring.ConfigurationData,ashlega,2018-03-30T00:10:31Z
127359733,https://github.com/carlyharper/JS_Exercises,carlyharper,2018-03-30T00:03:37Z
127359667,https://github.com/mvaleriani/w7d4_daily_work,mvaleriani,2018-03-30T00:02:20Z
127359686,https://github.com/jsweitzer/react-socket,jsweitzer,2018-03-30T00:02:36Z
127362851,https://github.com/gh603/E-Commerce,gh603,2018-03-30T00:54:30Z
127359622,https://github.com/KrisBierma/liri-node-app,KrisBierma,2018-03-30T00:01:37Z
127359625,https://github.com/BitStyle/Lab7,BitStyle,2018-03-30T00:01:41Z
127359687,https://github.com/chrisjpatty/fair-dice,chrisjpatty,2018-03-30T00:02:37Z
127359700,https://github.com/du-jena/Lab7_DULING,du-jena,2018-03-30T00:02:50Z
127361158,https://github.com/asemle/comic-search,asemle,2018-03-30T00:27:50Z
127360125,https://github.com/ezrasandzerbell/flutterpdx-slack,ezrasandzerbell,2018-03-30T00:10:28Z
127359766,https://github.com/roniRamon/W7D4,roniRamon,2018-03-30T00:04:07Z
127360549,https://github.com/Holgermueller/tone,Holgermueller,2018-03-30T00:18:22Z
127362619,https://github.com/wsputnam/web-historian,wsputnam,2018-03-30T00:51:17Z
127361067,https://github.com/zekrom-vale/DynamicSpawn,zekrom-vale,2018-03-30T00:26:21Z
127361082,https://github.com/wanglin2331/VacationPlannerforReview,wanglin2331,2018-03-30T00:26:40Z
127360660,https://github.com/JENSENE3601/sdTriviaGame,JENSENE3601,2018-03-30T00:20:02Z
127362003,https://github.com/christiandavidturner/testing-context-api,christiandavidturner,2018-03-30T00:41:45Z
127360163,https://github.com/KevinDeClerck/DiddenReporting,KevinDeClerck,2018-03-30T00:11:04Z
127360551,https://github.com/NimishGopal/Madad,NimishGopal,2018-03-30T00:18:23Z
127360563,https://github.com/luisggc/UdaciFitness,luisggc,2018-03-30T00:18:37Z
127362771,https://github.com/alaurentinoofficial/node-pattern,alaurentinoofficial,2018-03-30T00:53:16Z
127362827,https://github.com/personalc6/React-start,personalc6,2018-03-30T00:54:11Z
127360983,https://github.com/shanetidwell/travel-planner,shanetidwell,2018-03-30T00:24:56Z
127359600,https://github.com/GETadmin/ubuntu,GETadmin,2018-03-30T00:01:14Z
127359624,https://github.com/Parkerjyates/Lab-7-Coins,Parkerjyates,2018-03-30T00:01:38Z
127361896,https://github.com/christengarcia/form-validation-using-javascript,christengarcia,2018-03-30T00:40:15Z
127362014,https://github.com/Aklapka/Lab7,Aklapka,2018-03-30T00:41:57Z
127362033,https://github.com/dustinrpatterson/dustinrpatterson,dustinrpatterson,2018-03-30T00:42:16Z
127362065,https://github.com/cotycrosby/owens-corning-test,cotycrosby,2018-03-30T00:42:46Z
127361048,https://github.com/leabney/liri-node-app,leabney,2018-03-30T00:26:04Z
127361213,https://github.com/nspp99b/cowbell,nspp99b,2018-03-30T00:28:53Z
127360618,https://github.com/virgili23/Psychic-Game,virgili23,2018-03-30T00:19:19Z
127363015,https://github.com/shaansen/weather-app,shaansen,2018-03-30T00:56:44Z
127361313,https://github.com/pakman1126/nameofapp,pakman1126,2018-03-30T00:30:27Z
127359811,https://github.com/pachopa/react-retrogames,pachopa,2018-03-30T00:04:51Z
127360974,https://github.com/SRAYA4E/lab5SRplatformer,SRAYA4E,2018-03-30T00:24:49Z
127360248,https://github.com/SamHwang1990/agent,SamHwang1990,2018-03-30T00:12:52Z
127362493,https://github.com/sodmelody/Nav,sodmelody,2018-03-30T00:49:09Z
127361745,https://github.com/iplayoncardboard/lalexa-node-app,iplayoncardboard,2018-03-30T00:37:58Z
127360990,https://github.com/JENSENE3601/giphyAPI,JENSENE3601,2018-03-30T00:24:59Z
127362816,https://github.com/luke0b1000/wac_todomvc,luke0b1000,2018-03-30T00:54:03Z
127360304,https://github.com/bhamamura/Lab-7,bhamamura,2018-03-30T00:13:54Z
127362234,https://github.com/shaansen/book-viewer,shaansen,2018-03-30T00:45:37Z
127362645,https://github.com/DaRealMechavelli/Lab_7,DaRealMechavelli,2018-03-30T00:51:42Z
127361244,https://github.com/Craveburn/kitchen-java,Craveburn,2018-03-30T00:29:22Z
127361848,https://github.com/b33son/meteor-voting,b33son,2018-03-30T00:39:36Z
127361880,https://github.com/marstonmd/reactnd-project-myreads,marstonmd,2018-03-30T00:40:03Z
127360915,https://github.com/code4nara/naramap,code4nara,2018-03-30T00:23:57Z
127361400,https://github.com/sara-lisi/Lab-Seven-Collecting-Coins,sara-lisi,2018-03-30T00:32:07Z