40173304,https://github.com/raintank/raintank-probe,raintank,2015-08-04T08:43:15Z
40172520,https://github.com/mutecomm/smtpd,mutecomm,2015-08-04T08:26:24Z
40171974,https://github.com/maciekmm/go-steam-web,maciekmm,2015-08-04T08:14:33Z
40171735,https://github.com/dt/diffmirror,dt,2015-08-04T08:09:27Z
40171807,https://github.com/kvisscher/cloudy-haystack,kvisscher,2015-08-04T08:11:23Z
40173429,https://github.com/coduno/tools,coduno,2015-08-04T08:46:04Z
40173209,https://github.com/martin2384798/go,martin2384798,2015-08-04T08:41:19Z
40173060,https://github.com/anders007/libs,anders007,2015-08-04T08:37:56Z