140216017,https://github.com/sy-records/learn-swoole,sy-records,2018-07-09T01:25:30Z
140219627,https://github.com/wuzixuan1104/customerService,wuzixuan1104,2018-07-09T02:10:32Z
140217456,https://github.com/Sharnw/Avaya-PHP,Sharnw,2018-07-09T01:44:41Z
140219444,https://github.com/Jsran/jRPHP,Jsran,2018-07-09T02:08:28Z
140222083,https://github.com/runBaby/easyArraySort,runBaby,2018-07-09T02:38:47Z
140219640,https://github.com/MiracleTrue/24HourExposure,MiracleTrue,2018-07-09T02:10:42Z
140222963,https://github.com/ardabilly/aisp-smkfu,ardabilly,2018-07-09T02:47:12Z
140221025,https://github.com/paparazzie/premier,paparazzie,2018-07-09T02:27:28Z
140217731,https://github.com/ArchitectNate/fb-messenger-sdk,ArchitectNate,2018-07-09T01:48:08Z
140219327,https://github.com/gurpreet007/uf_invoice_email,gurpreet007,2018-07-09T02:06:55Z
140216390,https://github.com/tidibi272/HaiNam_intern,tidibi272,2018-07-09T01:30:34Z
140219774,https://github.com/obida8319/Web-tech-Assignment-,obida8319,2018-07-09T02:12:08Z
140219082,https://github.com/raphaelbsr/yii2-gii,raphaelbsr,2018-07-09T02:03:59Z
140217639,https://github.com/IbrahimaBAMBA/opencode,IbrahimaBAMBA,2018-07-09T01:46:57Z
140220065,https://github.com/echo-ooxx/yii2-redis,echo-ooxx,2018-07-09T02:15:57Z
140215787,https://github.com/NihalArman/Passport,NihalArman,2018-07-09T01:22:11Z
140217842,https://github.com/ZaliyhaMahmood/lesson_11,ZaliyhaMahmood,2018-07-09T01:49:27Z
140222007,https://github.com/kamit17/Databases,kamit17,2018-07-09T02:38:02Z
140215242,https://github.com/NihalArman/WordCount,NihalArman,2018-07-09T01:14:37Z
140218573,https://github.com/mikand91/insta_api,mikand91,2018-07-09T01:58:26Z
140216901,https://github.com/InAddition/lucy-sky,InAddition,2018-07-09T01:37:50Z
140217987,https://github.com/missnobody369/Todo-App,missnobody369,2018-07-09T01:51:05Z
140214997,https://github.com/rashedul-alam/Webtech-Assignment-3-File-Read,rashedul-alam,2018-07-09T01:10:41Z
140214543,https://github.com/IbrahimaBAMBA/ocordoIMTC,IbrahimaBAMBA,2018-07-09T01:03:19Z
140219650,https://github.com/luutruong/MultiFileMirror,luutruong,2018-07-09T02:10:50Z
140220521,https://github.com/qqwqqk/A400,qqwqqk,2018-07-09T02:21:11Z
140221938,https://github.com/shengting/jokecode,shengting,2018-07-09T02:37:21Z
140223590,https://github.com/ricardohs35/laravel-api,ricardohs35,2018-07-09T02:54:27Z
140214548,https://github.com/eot2/is601-mini-project-3,eot2,2018-07-09T01:03:24Z
140221042,https://github.com/qiuxan/larabbs,qiuxan,2018-07-09T02:27:42Z
140223522,https://github.com/SK8-PTY-LTD/SeasonLiving_WP,SK8-PTY-LTD,2018-07-09T02:53:38Z
140223730,https://github.com/jngdwk/laravel-shop,jngdwk,2018-07-09T02:56:01Z
140218476,https://github.com/varletjean/teste,varletjean,2018-07-09T01:57:21Z
140216166,https://github.com/slaysf/lc_laravel,slaysf,2018-07-09T01:27:27Z
140221028,https://github.com/Lara-Bell/Spreadiscovery_laravel_backend,Lara-Bell,2018-07-09T02:27:34Z
140223149,https://github.com/kur0mad0ushi/ajaxcrud,kur0mad0ushi,2018-07-09T02:49:29Z
140218288,https://github.com/amitkishore007/restApi-laravel,amitkishore007,2018-07-09T01:54:59Z
140218340,https://github.com/searsandrew/order-center,searsandrew,2018-07-09T01:55:36Z
140220891,https://github.com/kritjenwit/demo-line-api,kritjenwit,2018-07-09T02:25:47Z
140219485,https://github.com/lamdeptrai/header,lamdeptrai,2018-07-09T02:09:05Z
140223585,https://github.com/utunga/genesis_base,utunga,2018-07-09T02:54:24Z
140220524,https://github.com/worldpople/git_car,worldpople,2018-07-09T02:21:14Z
140221642,https://github.com/vlan2718/Lianxun,vlan2718,2018-07-09T02:34:03Z
140216341,https://github.com/NorionLutarano/php-watch,NorionLutarano,2018-07-09T01:29:49Z
140214768,https://github.com/rashedul-alam/Webtech--Assignment-PASSPORT-APPLICATION-,rashedul-alam,2018-07-09T01:07:09Z
140221001,https://github.com/FerdyID/blog,FerdyID,2018-07-09T02:27:06Z
140217680,https://github.com/zoharHao/php-myutils,zoharHao,2018-07-09T01:47:32Z
140223846,https://github.com/redArcherr/authphp,redArcherr,2018-07-09T02:57:19Z
140222617,https://github.com/cristopherlawas/IT-411-9-30-11-00,cristopherlawas,2018-07-09T02:44:35Z
140218344,https://github.com/sunjianxing/qingshui,sunjianxing,2018-07-09T01:55:39Z
140217630,https://github.com/henrystivens/kumbiaphp-mpdf,henrystivens,2018-07-09T01:46:46Z
140216405,https://github.com/KPandiwijaya/rqdf,KPandiwijaya,2018-07-09T01:30:52Z
140218638,https://github.com/IbrahimaBAMBA/PDO,IbrahimaBAMBA,2018-07-09T01:59:03Z
140215161,https://github.com/guilaupa/coach,guilaupa,2018-07-09T01:13:26Z
140218567,https://github.com/luutruong/XFRMCustomized,luutruong,2018-07-09T01:58:25Z
140216440,https://github.com/riv4wi/fullstack-experience,riv4wi,2018-07-09T01:31:18Z
140218813,https://github.com/luutruong/Mailgun,luutruong,2018-07-09T02:01:20Z
140216648,https://github.com/monsterreh2b/my-project,monsterreh2b,2018-07-09T01:34:13Z
140217169,https://github.com/verowang/reading,verowang,2018-07-09T01:40:59Z
140215374,https://github.com/Jeff269/a,Jeff269,2018-07-09T01:16:35Z
140217792,https://github.com/thangnv27/minhtan.net,thangnv27,2018-07-09T01:48:50Z
140223740,https://github.com/marvinsjsu/marvin,marvinsjsu,2018-07-09T02:56:09Z
140223105,https://github.com/Rafionline007/Webtech-Assignment2,Rafionline007,2018-07-09T02:48:57Z
140222586,https://github.com/kristeljane89/IT-411-9-30-11-00,kristeljane89,2018-07-09T02:44:24Z
140215267,https://github.com/linkgeek/giant-blog,linkgeek,2018-07-09T01:15:04Z
140218036,https://github.com/guoshaoni/travel,guoshaoni,2018-07-09T01:51:41Z
140221576,https://github.com/cr-urra/bd_udp,cr-urra,2018-07-09T02:33:33Z
140217319,https://github.com/Coded-Commerce-LLC/WooCommerce-Prune-Orders,Coded-Commerce-LLC,2018-07-09T01:42:59Z