144674604,https://github.com/kojhliang/kkchain,kojhliang,2018-08-14T05:52:46Z
144674882,https://github.com/ShankyTiwari/connecting-golang-app-to-mysql,ShankyTiwari,2018-08-14T05:55:56Z
144672117,https://github.com/laboratory-coding/PushMsgServ_WebSocket,laboratory-coding,2018-08-14T05:20:52Z
144672112,https://github.com/ehotinger/flux,ehotinger,2018-08-14T05:20:49Z
144674721,https://github.com/martinomburajr/gURL,martinomburajr,2018-08-14T05:54:10Z
144671122,https://github.com/magical/fastpbkdf2,magical,2018-08-14T05:06:53Z
144673396,https://github.com/lake-of-dreams/build-push-test,lake-of-dreams,2018-08-14T05:37:06Z
144670763,https://github.com/GittestCC/hyh,GittestCC,2018-08-14T05:01:08Z