213543042,https://github.com/leonardoh7/testlaravel,leonardoh7,2019-10-08T03:42:24Z
213541198,https://github.com/techloft-solutions/Laravel-REST-API-boilerplate,techloft-solutions,2019-10-08T03:30:16Z
213537815,https://github.com/jitenderkadyan/manish,jitenderkadyan,2019-10-08T03:08:27Z
213536414,https://github.com/allisoneichhorn/CompanyWebsite,allisoneichhorn,2019-10-08T03:00:04Z
213545397,https://github.com/shinochiha/pesantren-v1,shinochiha,2019-10-08T03:58:52Z
213539196,https://github.com/willlldan/oophp,willlldan,2019-10-08T03:17:34Z
213541252,https://github.com/pablotardio/consultorioDental01,pablotardio,2019-10-08T03:30:30Z
213537898,https://github.com/enlightenedpie/clint-laravel,enlightenedpie,2019-10-08T03:08:59Z
213539896,https://github.com/JvFernandes/helpus,JvFernandes,2019-10-08T03:22:02Z
213536710,https://github.com/zhangyue0503/dev-blog,zhangyue0503,2019-10-08T03:01:54Z
213542182,https://github.com/zacharytiki/site,zacharytiki,2019-10-08T03:36:34Z
213542045,https://github.com/lucas-santana/integracaophppagseguro,lucas-santana,2019-10-08T03:35:43Z
213543890,https://github.com/19WDWU02/Library-CMS,19WDWU02,2019-10-08T03:47:43Z
213538671,https://github.com/ezDeFi/ezdefi-woocommerce,ezDeFi,2019-10-08T03:14:04Z
213542596,https://github.com/ondontoprojeto/odontologico-08.10.2019,ondontoprojeto,2019-10-08T03:39:24Z
213541830,https://github.com/WiaWonka/php,WiaWonka,2019-10-08T03:34:24Z
213539822,https://github.com/clown1108yu/ryusan_laravel,clown1108yu,2019-10-08T03:21:27Z
213539161,https://github.com/shanslang/layuiTp5,shanslang,2019-10-08T03:17:23Z
213540945,https://github.com/junewen2019/jenkins,junewen2019,2019-10-08T03:28:32Z
213542579,https://github.com/gommmm/Laravel-6,gommmm,2019-10-08T03:39:17Z
213537024,https://github.com/danleeazul/everbrightapp,danleeazul,2019-10-08T03:03:45Z
213543188,https://github.com/shunyaendoh1215/Diary-Laravel,shunyaendoh1215,2019-10-08T03:43:18Z
213542289,https://github.com/itsurvish/ecommerce_project2,itsurvish,2019-10-08T03:37:14Z
213544403,https://github.com/EmAlquizar/WEN,EmAlquizar,2019-10-08T03:51:05Z
213544440,https://github.com/LexusRenz/gms,LexusRenz,2019-10-08T03:51:28Z
213544584,https://github.com/edrylle123/final,edrylle123,2019-10-08T03:52:34Z
213540117,https://github.com/veliknon/NumberGenerator,veliknon,2019-10-08T03:23:27Z
213536765,https://github.com/nicoletorres1/Connect_Four_PHP,nicoletorres1,2019-10-08T03:02:12Z
213543445,https://github.com/zhangchunyu-6/myform,zhangchunyu-6,2019-10-08T03:44:48Z
213538962,https://github.com/MatheusVCosta/upLexis_laravel,MatheusVCosta,2019-10-08T03:16:03Z
213544339,https://github.com/CatastrophiC-00/GSMACTIVITY,CatastrophiC-00,2019-10-08T03:50:36Z
213538233,https://github.com/meghanakiran/Web-Based-Database,meghanakiran,2019-10-08T03:11:10Z
213536951,https://github.com/majidalfreidi/backup,majidalfreidi,2019-10-08T03:03:19Z
213539812,https://github.com/sulzbachmatheus/laravel-ads-fadergs,sulzbachmatheus,2019-10-08T03:21:21Z
213544468,https://github.com/mink7/laravel5.5,mink7,2019-10-08T03:51:41Z
213541725,https://github.com/laperlee003/weixin,laperlee003,2019-10-08T03:33:41Z
213539862,https://github.com/jimmyfish/catch-challenge,jimmyfish,2019-10-08T03:21:50Z
213536499,https://github.com/E-Khalti/ekhalti-wordpress-payment-gateway,E-Khalti,2019-10-08T03:00:35Z
213537609,https://github.com/henriqueweiand/test-bossabox-backend-php-vuttr,henriqueweiand,2019-10-08T03:07:13Z
213538814,https://github.com/davidgomezbravo/blog-test,davidgomezbravo,2019-10-08T03:14:56Z
213542618,https://github.com/acecabel/gms,acecabel,2019-10-08T03:39:35Z
213540177,https://github.com/chinulakhani123/chinulakhani123.github.io,chinulakhani123,2019-10-08T03:23:51Z
213541211,https://github.com/philyang18/dvd-database.github.io,philyang18,2019-10-08T03:30:19Z
213543856,https://github.com/kdInfo13/jm,kdInfo13,2019-10-08T03:47:32Z
213544532,https://github.com/mink7/laravel6.0,mink7,2019-10-08T03:52:11Z
213536814,https://github.com/Niraj-ace/student_mgmt,Niraj-ace,2019-10-08T03:02:34Z
213544598,https://github.com/ycweng/shorturl,ycweng,2019-10-08T03:52:40Z