200741349,https://github.com/deckerweb/toolbar-extras-givewp,deckerweb,2019-08-05T23:13:37Z
200741738,https://github.com/BouZmitWidAd/Symfony4-MaSuperAgence,BouZmitWidAd,2019-08-05T23:18:04Z
200744511,https://github.com/Dev-Rafael-Vieira/Pdv,Dev-Rafael-Vieira,2019-08-05T23:52:47Z
200741130,https://github.com/undostesit/jobby,undostesit,2019-08-05T23:11:02Z
200743279,https://github.com/NatiellyCristina/ExercicioOO,NatiellyCristina,2019-08-05T23:37:41Z
200743926,https://github.com/mrhili/klatrop,mrhili,2019-08-05T23:45:40Z
200743239,https://github.com/tomo-ogiso/project3,tomo-ogiso,2019-08-05T23:37:15Z
200743304,https://github.com/evelycafe/exerciciosOO,evelycafe,2019-08-05T23:37:58Z
200742700,https://github.com/MeuAthelie/Exercicios-oo,MeuAthelie,2019-08-05T23:30:24Z
200744443,https://github.com/ningenMe/ComproCategory.API,ningenMe,2019-08-05T23:51:59Z
200743741,https://github.com/aishwarya-gupta19/E-RTO-Registration,aishwarya-gupta19,2019-08-05T23:43:05Z
200742514,https://github.com/Vituriano/firstCode,Vituriano,2019-08-05T23:27:59Z
200743175,https://github.com/bfaq/php,bfaq,2019-08-05T23:36:24Z
200745002,https://github.com/tiago238/Curso-Laravel,tiago238,2019-08-05T23:58:37Z
200743031,https://github.com/ControleOnline/WordPress,ControleOnline,2019-08-05T23:34:23Z
200741743,https://github.com/Milomon/Php-Login,Milomon,2019-08-05T23:18:05Z
200744552,https://github.com/koshiwogi/pokemon,koshiwogi,2019-08-05T23:53:17Z
200742381,https://github.com/Romanelli-byte/exerciciosOO,Romanelli-byte,2019-08-05T23:26:32Z
200742628,https://github.com/CaioGabriel72/Exercicios-OO,CaioGabriel72,2019-08-05T23:29:21Z
200742129,https://github.com/DavidPerdomoA/ProyectoPHP,DavidPerdomoA,2019-08-05T23:22:52Z
200743056,https://github.com/henriquemarioto/aulasetec,henriquemarioto,2019-08-05T23:34:48Z
200744923,https://github.com/hazeframework/haze,hazeframework,2019-08-05T23:57:39Z
200741977,https://github.com/monicafu/BlogPost,monicafu,2019-08-05T23:20:59Z
200741878,https://github.com/aminnairi/i3status,aminnairi,2019-08-05T23:19:43Z
200742804,https://github.com/ClaraAravecchia/exerciciosOO,ClaraAravecchia,2019-08-05T23:31:37Z
200744870,https://github.com/MarcusPSA/LoginDATALEGIS,MarcusPSA,2019-08-05T23:57:01Z
200742206,https://github.com/LucasPSantos0810/Aula-1-PHP,LucasPSantos0810,2019-08-05T23:23:56Z
200741065,https://github.com/fatihy101/soru_cevap-UNFINISHED-,fatihy101,2019-08-05T23:10:14Z
200744473,https://github.com/BongaNxu/BondCalculator,BongaNxu,2019-08-05T23:52:13Z
200741982,https://github.com/patagoniarebelde/desarrollo,patagoniarebelde,2019-08-05T23:21:00Z
200742673,https://github.com/Guilhermeon/exerciciosoo,Guilhermeon,2019-08-05T23:30:06Z
200743541,https://github.com/HusniIbrahim/Exsym-System,HusniIbrahim,2019-08-05T23:41:03Z
200742634,https://github.com/leonardo7422/ExerciciosOO,leonardo7422,2019-08-05T23:29:27Z