59159513,https://github.com/techpivot/phalcon-enterprise,techpivot,2016-05-18T23:52:02Z
59157816,https://github.com/martynbiz/slim3-module,martynbiz,2016-05-18T23:10:41Z
59159588,https://github.com/alexvergara/auditable,alexvergara,2016-05-18T23:53:41Z
59159768,https://github.com/InterCodeAcademy/InterNews,InterCodeAcademy,2016-05-18T23:57:55Z
59159037,https://github.com/r9software/terminal_venta,r9software,2016-05-18T23:40:54Z
59157601,https://github.com/QGfcc/RandomQuoteMachine,QGfcc,2016-05-18T23:05:46Z
59157726,https://github.com/serii833/PHPICloud,serii833,2016-05-18T23:08:43Z
59159131,https://github.com/tdodd/iberian,tdodd,2016-05-18T23:43:16Z
59158432,https://github.com/squareweave/dockerized-drupal-composer,squareweave,2016-05-18T23:26:30Z
59157424,https://github.com/kleopatra999/Paypal-10,kleopatra999,2016-05-18T23:01:32Z
59159233,https://github.com/twichtendahl/sp16-surveysez,twichtendahl,2016-05-18T23:45:29Z
59157444,https://github.com/HiGuyMB/DiscordBot,HiGuyMB,2016-05-18T23:01:58Z
59158749,https://github.com/lsaruwat/video_streamer,lsaruwat,2016-05-18T23:33:32Z
59158577,https://github.com/chaitup/WirelessSecurityLabs,chaitup,2016-05-18T23:29:36Z
59159414,https://github.com/cruzeMc/meal_planner,cruzeMc,2016-05-18T23:49:40Z
59159128,https://github.com/cheech454/wIceSet,cheech454,2016-05-18T23:43:14Z
59158139,https://github.com/fabiofapeli/wpdeveloper,fabiofapeli,2016-05-18T23:19:02Z
59158333,https://github.com/richardpdorr/buildPaths,richardpdorr,2016-05-18T23:24:00Z
59158738,https://github.com/jonatas-gama/loja,jonatas-gama,2016-05-18T23:33:23Z
59158783,https://github.com/ckrausko/magento_bootstrap,ckrausko,2016-05-18T23:34:24Z
59158937,https://github.com/rolandinsh/smcmobilewp,rolandinsh,2016-05-18T23:37:51Z