28877106,https://github.com/adeshsuryan/magento-enhanced-customer-grids,adeshsuryan,2015-01-06T18:30:13Z
28876946,https://github.com/mcustiel/php-simple-captcha,mcustiel,2015-01-06T18:26:46Z
28878368,https://github.com/fai222/sw_rp,fai222,2015-01-06T18:59:06Z
28877197,https://github.com/M1ke/easy-site-utils,M1ke,2015-01-06T18:32:10Z
28878082,https://github.com/rcleozier/symfony-test,rcleozier,2015-01-06T18:52:30Z
28876846,https://github.com/washingtonstateuniversity/WSUWP-Plugin-HTML-Snippets,washingtonstateuniversity,2015-01-06T18:24:29Z
28877787,https://github.com/interFace-dk/zf-lib,interFace-dk,2015-01-06T18:45:53Z
28875918,https://github.com/reginaldorosssi/teste,reginaldorosssi,2015-01-06T18:01:56Z
28876544,https://github.com/matheus30/Classes-em-PHP,matheus30,2015-01-06T18:17:47Z
28877843,https://github.com/LK1991/PHP-OOP,LK1991,2015-01-06T18:47:05Z
28878004,https://github.com/galacticevil/codebase,galacticevil,2015-01-06T18:51:01Z
28878204,https://github.com/zvakanaka/cs313,zvakanaka,2015-01-06T18:55:47Z
28877936,https://github.com/LindaKhalaf/dan_lectures,LindaKhalaf,2015-01-06T18:49:23Z
28878208,https://github.com/AdrianCeballos/PHP-OOP,AdrianCeballos,2015-01-06T18:55:51Z
28877731,https://github.com/careshub/cc-salud-america,careshub,2015-01-06T18:44:44Z
28876436,https://github.com/alessiofiore/lab,alessiofiore,2015-01-06T18:15:13Z
28878134,https://github.com/JPS-23/PHP-OOP,JPS-23,2015-01-06T18:53:57Z
28876539,https://github.com/brasadesign/eduviola-theme,brasadesign,2015-01-06T18:17:45Z
28876812,https://github.com/figmints/Fig-Social,figmints,2015-01-06T18:24:00Z
28876197,https://github.com/plasmarob/cs313php,plasmarob,2015-01-06T18:09:30Z
28878149,https://github.com/Bujintei/PHP-OOP,Bujintei,2015-01-06T18:54:22Z
28878200,https://github.com/GassyMailman/PHP-OOP,GassyMailman,2015-01-06T18:55:43Z
28878395,https://github.com/prothomsoft/spe,prothomsoft,2015-01-06T18:59:43Z
28877918,https://github.com/enerone/base5,enerone,2015-01-06T18:49:00Z
28878070,https://github.com/amjodo/PHP-OOP,amjodo,2015-01-06T18:52:21Z
28876309,https://github.com/moudhafer19/examen,moudhafer19,2015-01-06T18:12:01Z
28877462,https://github.com/BengtAndersson/wu14oop2,BengtAndersson,2015-01-06T18:37:51Z
28877721,https://github.com/DoSomething/aurora,DoSomething,2015-01-06T18:44:29Z
28877576,https://github.com/diegogd/symfony-mdm,diegogd,2015-01-06T18:41:01Z
28878109,https://github.com/AngelaBanuelos/PHP-OOP,AngelaBanuelos,2015-01-06T18:53:15Z
28877446,https://github.com/indexlike/big_cache,indexlike,2015-01-06T18:37:32Z
28877785,https://github.com/airson-vs/REST-API-PHP,airson-vs,2015-01-06T18:45:52Z
28877900,https://github.com/LORDGINJA/PHP-OOP,LORDGINJA,2015-01-06T18:48:38Z
28878039,https://github.com/galacticevil/subtree,galacticevil,2015-01-06T18:51:42Z
28878111,https://github.com/taniarosas/PHP-OOP,taniarosas,2015-01-06T18:53:19Z
28876679,https://github.com/ninja-coders/cs2550-classrepo,ninja-coders,2015-01-06T18:21:12Z
28877953,https://github.com/TheGoldfish13/PHP_OOP,TheGoldfish13,2015-01-06T18:50:00Z
28878119,https://github.com/RogerJangKunKim/PHP-OOP,RogerJangKunKim,2015-01-06T18:53:31Z
28878295,https://github.com/rathesDot/wordpress-related-posts,rathesDot,2015-01-06T18:57:31Z
28877805,https://github.com/tjmeyer/cs313,tjmeyer,2015-01-06T18:46:13Z
28877847,https://github.com/nlk-sites/ifma,nlk-sites,2015-01-06T18:47:17Z
28877944,https://github.com/tristanriley/PHP-OOP,tristanriley,2015-01-06T18:49:41Z
28878177,https://github.com/LucaVeca/PHP-OOP,LucaVeca,2015-01-06T18:55:08Z