62351576,https://github.com/yagou/water,yagou,2016-07-01T00:54:16Z
62351558,https://github.com/go-jsencrypter/jsencrypter,go-jsencrypter,2016-07-01T00:53:49Z
62350814,https://github.com/SmartX-Team/Functions-Visibility-Collection,SmartX-Team,2016-07-01T00:35:13Z
62351629,https://github.com/yy-nm/go-test,yy-nm,2016-07-01T00:55:27Z