37244145,https://github.com/dunglas/blog-api,dunglas,2015-06-11T06:45:42Z
37243387,https://github.com/hisatakanm7/Blog,hisatakanm7,2015-06-11T06:28:06Z
37242498,https://github.com/jeffmcaffer/jeffmcaffer.github.io,jeffmcaffer,2015-06-11T06:04:51Z
37243057,https://github.com/NextSeason/iDizcuz,NextSeason,2015-06-11T06:19:50Z
37244639,https://github.com/HarutSardaryan/yii_task,HarutSardaryan,2015-06-11T06:57:20Z
37244169,https://github.com/RamuPandey/mysite,RamuPandey,2015-06-11T06:46:09Z
37243609,https://github.com/drdesign/vsi,drdesign,2015-06-11T06:34:04Z
37242888,https://github.com/wp-plugins/google-ajax-translation,wp-plugins,2015-06-11T06:15:44Z
37242502,https://github.com/zoeblow/fypdm,zoeblow,2015-06-11T06:04:54Z
37244351,https://github.com/sunkyung43/tadpush,sunkyung43,2015-06-11T06:50:44Z
37243417,https://github.com/lechpat/CakeOffice,lechpat,2015-06-11T06:28:50Z
37242649,https://github.com/oliverson/oliversonmain,oliverson,2015-06-11T06:08:51Z
37243178,https://github.com/daniel-dang/LSL-Script,daniel-dang,2015-06-11T06:22:54Z
37244516,https://github.com/ilya-hripko/blog,ilya-hripko,2015-06-11T06:54:33Z
37243750,https://github.com/ghak992/GAFRAT,ghak992,2015-06-11T06:36:59Z
37243651,https://github.com/fnotes/firstform,fnotes,2015-06-11T06:35:10Z
37243870,https://github.com/samtheson/lumen-package-example,samtheson,2015-06-11T06:39:44Z
37242551,https://github.com/kangisworking/xe-module-newposts,kangisworking,2015-06-11T06:06:08Z
37243317,https://github.com/vic-w/silly-game,vic-w,2015-06-11T06:26:26Z
37243147,https://github.com/xiyuera/personal_scripts,xiyuera,2015-06-11T06:22:14Z
37242666,https://github.com/sveneisenschmidt/alice-faker-standalone-example,sveneisenschmidt,2015-06-11T06:09:14Z
37242546,https://github.com/high5/js-dq,high5,2015-06-11T06:06:05Z
37243116,https://github.com/Tucev/Translation,Tucev,2015-06-11T06:21:14Z