49126068,https://github.com/perot73/osmserver,perot73,2016-01-06T09:30:20Z
49124859,https://github.com/chen-zyc/gocodefragment,chen-zyc,2016-01-06T09:07:16Z
49126923,https://github.com/liuvictory99/mylogserver,liuvictory99,2016-01-06T09:47:38Z
49127476,https://github.com/AlekSi/linux-man-pages,AlekSi,2016-01-06T09:58:02Z
49125723,https://github.com/raghuch/go-work,raghuch,2016-01-06T09:23:44Z
49125864,https://github.com/foreverchu/file_upload,foreverchu,2016-01-06T09:26:36Z
49124823,https://github.com/Pompeu/cms_presentation,Pompeu,2016-01-06T09:06:45Z