36305762,https://github.com/dmcgowan/quicktls,dmcgowan,2015-05-26T15:35:33Z
36304502,https://github.com/JustinBeckwith/coffee,JustinBeckwith,2015-05-26T15:16:35Z
36307024,https://github.com/Bowery/www,Bowery,2015-05-26T15:56:23Z
36306700,https://github.com/mdubbs/et-microservice,mdubbs,2015-05-26T15:50:14Z
36303608,https://github.com/xuyoug/radius,xuyoug,2015-05-26T15:02:37Z
36304340,https://github.com/tkyeung357/hello_golang,tkyeung357,2015-05-26T15:14:02Z
36304582,https://github.com/jonfk/practice-questions,jonfk,2015-05-26T15:18:06Z
36306694,https://github.com/fakeloveyy/project,fakeloveyy,2015-05-26T15:50:07Z
36306169,https://github.com/spinache/domain-lookup,spinache,2015-05-26T15:42:13Z