136391898,https://github.com/ccdle12/Blocksage,ccdle12,2018-06-06T22:16:41Z
136391167,https://github.com/vickleford/mdx,vickleford,2018-06-06T22:07:22Z
136393324,https://github.com/juaguz/ml-test,juaguz,2018-06-06T22:36:21Z
136394555,https://github.com/thomassalgado/testservice01,thomassalgado,2018-06-06T22:54:48Z
136390698,https://github.com/vickleford/impetus,vickleford,2018-06-06T22:00:55Z
136393575,https://github.com/devmasxtest/go-examples,devmasxtest,2018-06-06T22:39:49Z
136390880,https://github.com/johnmcdnl/astatine,johnmcdnl,2018-06-06T22:03:22Z
136393583,https://github.com/ZhangGuangxu/stack,ZhangGuangxu,2018-06-06T22:39:58Z
136394321,https://github.com/FGrace/AroundWebService-backend,FGrace,2018-06-06T22:51:17Z
136393936,https://github.com/dt-rush/go-rwpql,dt-rush,2018-06-06T22:45:45Z
136391385,https://github.com/xiaoyao202304/Around,xiaoyao202304,2018-06-06T22:10:05Z
136392929,https://github.com/BrandonWade/trace-client-cli,BrandonWade,2018-06-06T22:30:31Z