67068561,https://github.com/faerulsalamun/golang-boilerplate,faerulsalamun,2016-08-31T19:49:22Z
67065496,https://github.com/nixn/pdns-etcd3,nixn,2016-08-31T19:05:01Z
67066842,https://github.com/heft/cli,heft,2016-08-31T19:25:56Z
67067543,https://github.com/codingconcepts/scrub,codingconcepts,2016-08-31T19:35:39Z
67066524,https://github.com/zujko/omniscient,zujko,2016-08-31T19:20:56Z
67066438,https://github.com/random-j-farmer/jq,random-j-farmer,2016-08-31T19:19:41Z
67068128,https://github.com/sdlowrey/playgo,sdlowrey,2016-08-31T19:43:06Z
67066472,https://github.com/emmaguy/goexperiments,emmaguy,2016-08-31T19:20:08Z
67066316,https://github.com/random-j-farmer/d64,random-j-farmer,2016-08-31T19:17:50Z
67068686,https://github.com/brunetto/phoren,brunetto,2016-08-31T19:51:07Z
67067014,https://github.com/random-j-farmer/bobstore,random-j-farmer,2016-08-31T19:28:02Z
67065219,https://github.com/RodrigoRMG/API-REST-GO,RodrigoRMG,2016-08-31T19:00:36Z