19482661,https://github.com/ajaaibu/ThaanaText,ajaaibu,2014-05-06T05:50:24Z
19482137,https://github.com/karthick16/mundiri,karthick16,2014-05-06T05:26:38Z
19481646,https://github.com/akilism/nyc-moving-violations,akilism,2014-05-06T05:00:27Z
19482041,https://github.com/mono0926/Ice,mono0926,2014-05-06T05:22:08Z
19482356,https://github.com/mnmly/sfpc-seesaw,mnmly,2014-05-06T05:36:08Z
19482411,https://github.com/programmerhelloword/reactJS,programmerhelloword,2014-05-06T05:38:30Z
19482653,https://github.com/yata-yata/auth,yata-yata,2014-05-06T05:50:05Z
19481929,https://github.com/joelkbennett/Typist,joelkbennett,2014-05-06T05:16:25Z
19482025,https://github.com/sklyarov-ivan/sailsSimple,sklyarov-ivan,2014-05-06T05:21:26Z
19482245,https://github.com/davidzech/KawaiiBot,davidzech,2014-05-06T05:31:49Z
19482576,https://github.com/Raidok/transistor,Raidok,2014-05-06T05:46:16Z
19482299,https://github.com/paulsutcliffe/golabs,paulsutcliffe,2014-05-06T05:33:51Z
19481934,https://github.com/aalpern/limivorous,aalpern,2014-05-06T05:16:32Z
19482727,https://github.com/chenzhenxi/old-works,chenzhenxi,2014-05-06T05:53:38Z
19481869,https://github.com/borentaylor05/youth_sports,borentaylor05,2014-05-06T05:12:55Z
19481878,https://github.com/twarne/pgscraper,twarne,2014-05-06T05:13:36Z
19481680,https://github.com/ssterman/BearHug,ssterman,2014-05-06T05:02:33Z
19481693,https://github.com/pascuaalvi/Visualizer,pascuaalvi,2014-05-06T05:03:20Z
19482480,https://github.com/jagers/my-app,jagers,2014-05-06T05:41:30Z
19482556,https://github.com/zixpor/test,zixpor,2014-05-06T05:45:12Z
19482597,https://github.com/louis1204/LouisWong2,louis1204,2014-05-06T05:47:06Z
19481777,https://github.com/TruptiRaiyani/homeforsalenode,TruptiRaiyani,2014-05-06T05:08:22Z
19482327,https://github.com/cordial-emily/artsite,cordial-emily,2014-05-06T05:34:57Z
19482670,https://github.com/jeannie-lin/sticker,jeannie-lin,2014-05-06T05:50:45Z
19481726,https://github.com/kal20142014/therok,kal20142014,2014-05-06T05:04:59Z
19481767,https://github.com/4a6f65/BlueStem,4a6f65,2014-05-06T05:07:47Z
19482769,https://github.com/erutaso/reveal.js-myslide,erutaso,2014-05-06T05:54:55Z
19482386,https://github.com/oubiwann/EUC-2014-LFE,oubiwann,2014-05-06T05:37:18Z
19482088,https://github.com/wpxidian/pcxa,wpxidian,2014-05-06T05:23:46Z
19482090,https://github.com/bharat-daffodilsw/applanedb,bharat-daffodilsw,2014-05-06T05:23:49Z
19482561,https://github.com/the-takeo/Pebble-Simplyjs,the-takeo,2014-05-06T05:45:37Z
19482617,https://github.com/CannedHead/pillow,CannedHead,2014-05-06T05:47:47Z
19482004,https://github.com/heppokopg/node-sample,heppokopg,2014-05-06T05:20:01Z
19481679,https://github.com/walkingway/fork2-mini-harp,walkingway,2014-05-06T05:02:32Z
19482584,https://github.com/mnmly/sfpc-seesaw-arduino,mnmly,2014-05-06T05:46:38Z
19482427,https://github.com/ImanMh/Crypto-JS-AMD,ImanMh,2014-05-06T05:39:07Z
19481960,https://github.com/ezoapp/flot,ezoapp,2014-05-06T05:17:49Z
19481705,https://github.com/sixlighthouses/pelias-ionic,sixlighthouses,2014-05-06T05:03:51Z
19482173,https://github.com/mongoguy/therok1,mongoguy,2014-05-06T05:28:25Z
19482111,https://github.com/william-silversmith/jquery.blot.js,william-silversmith,2014-05-06T05:25:09Z
19482732,https://github.com/robotsdanceincolor/NodeChatServer,robotsdanceincolor,2014-05-06T05:53:43Z