6214113,https://github.com/timoxley/xpath2css,timoxley,2012-10-14T13:55:52Z
6213922,https://github.com/formorer/pkg-thruk,formorer,2012-10-14T13:32:05Z
6213773,https://github.com/danjenkins/astricon-2012,danjenkins,2012-10-14T13:12:13Z
6213780,https://github.com/alastairs/mirrorpad,alastairs,2012-10-14T13:12:59Z
6214074,https://github.com/FranciscoAMK/try_git,FranciscoAMK,2012-10-14T13:51:53Z
6213936,https://github.com/whatevercode/mod-solr,whatevercode,2012-10-14T13:34:21Z
6214129,https://github.com/fougner/Tomatostrap,fougner,2012-10-14T13:58:55Z
6213891,https://github.com/fanstatic/js.jquery_maskmoney,fanstatic,2012-10-14T13:27:32Z
6213940,https://github.com/deviator206/sRtUc-StTrEiDvia,deviator206,2012-10-14T13:34:41Z
6213960,https://github.com/masiuchi/mt-plugin-fix-cat-fld,masiuchi,2012-10-14T13:36:24Z
6214118,https://github.com/kumeichi/ToDo,kumeichi,2012-10-14T13:57:10Z
6213764,https://github.com/RicoP/jspp,RicoP,2012-10-14T13:11:34Z
6214103,https://github.com/b-change/satudunia,b-change,2012-10-14T13:54:51Z
6213985,https://github.com/fanstatic/js.jquery_maskedinput,fanstatic,2012-10-14T13:40:51Z
6214089,https://github.com/danielchatfield/chrome-mymaths,danielchatfield,2012-10-14T13:53:33Z