103385166,https://github.com/ray-lothian/UserAgent-Switcher,ray-lothian,2017-09-13T10:15:12Z
103388403,https://github.com/miyabi/react-native-safe-area,miyabi,2017-09-13T10:51:42Z
103385744,https://github.com/GeekyAnts/react-native-boilerplate-redux-flow,GeekyAnts,2017-09-13T10:21:49Z
103386122,https://github.com/PatNeedham/google-it,PatNeedham,2017-09-13T10:26:10Z
103386511,https://github.com/revolunet/react-gravizo,revolunet,2017-09-13T10:30:24Z
103387214,https://github.com/MuhammadMohsin/redux-boiler,MuhammadMohsin,2017-09-13T10:38:29Z
103388719,https://github.com/sybil052/CameraDemo,sybil052,2017-09-13T10:55:31Z
103385314,https://github.com/Allam76/jsonata-code-completion,Allam76,2017-09-13T10:17:17Z
103384510,https://github.com/csz-Seven/ShoppingMiniProgram,csz-Seven,2017-09-13T10:08:22Z
103388449,https://github.com/mcmakler/nextjs-seed,mcmakler,2017-09-13T10:52:16Z
103387217,https://github.com/gre/js13k-2017,gre,2017-09-13T10:38:31Z
103386073,https://github.com/likun7981/create-custom-react-app,likun7981,2017-09-13T10:25:41Z
103385888,https://github.com/shaoyj/schedule,shaoyj,2017-09-13T10:23:43Z
103384684,https://github.com/cosmocode/dokuwiki-plugin-dropfiles,cosmocode,2017-09-13T10:10:20Z
103387255,https://github.com/abudaan/vega-as-leaflet-layer,abudaan,2017-09-13T10:38:58Z
103387327,https://github.com/askmhs/restify-sequelize-example,askmhs,2017-09-13T10:39:54Z
103384382,https://github.com/jperasmus/pipe-then,jperasmus,2017-09-13T10:06:47Z
103385463,https://github.com/euston-fish/lost-fleet,euston-fish,2017-09-13T10:18:59Z
103384070,https://github.com/2016Messi/angularjs1.6-form-demo,2016Messi,2017-09-13T10:03:30Z
103384929,https://github.com/chhenghua/request-limit,chhenghua,2017-09-13T10:12:52Z
103388491,https://github.com/yixinglab/yx-view,yixinglab,2017-09-13T10:52:41Z
103388560,https://github.com/JefferyHus/vue-infinite-scroll,JefferyHus,2017-09-13T10:53:27Z
103386957,https://github.com/vanpho93/array0409,vanpho93,2017-09-13T10:35:25Z
103387041,https://github.com/wdi-team-project/nozama-client,wdi-team-project,2017-09-13T10:36:26Z
103384152,https://github.com/FrankOcean/iOSSafariReaderModel,FrankOcean,2017-09-13T10:04:23Z
103386213,https://github.com/hadenhoo1994/military-training,hadenhoo1994,2017-09-13T10:27:08Z
103386232,https://github.com/onomesotu/weather,onomesotu,2017-09-13T10:27:21Z
103387460,https://github.com/naukri-engineering/grunt-auto-versioning,naukri-engineering,2017-09-13T10:41:29Z
103385342,https://github.com/rnowosielski/annot8-express,rnowosielski,2017-09-13T10:17:38Z
103387726,https://github.com/felparodi/myJobTimerCount,felparodi,2017-09-13T10:44:16Z
103388103,https://github.com/TylerMcKenzie/BraveSpace,TylerMcKenzie,2017-09-13T10:48:40Z
103387787,https://github.com/OshiroSeiya/sample-jest-html,OshiroSeiya,2017-09-13T10:45:05Z
103385093,https://github.com/DFE-Digital/login.dfe.interactions,DFE-Digital,2017-09-13T10:14:19Z
103387064,https://github.com/invider/dronepolis,invider,2017-09-13T10:36:37Z
103386496,https://github.com/kevinrjones/courses,kevinrjones,2017-09-13T10:30:13Z
103386771,https://github.com/markusfisch/LostTreasures,markusfisch,2017-09-13T10:33:15Z
103387736,https://github.com/fracasula/k8s-test,fracasula,2017-09-13T10:44:23Z
103387961,https://github.com/ishansd94/heroku-sample,ishansd94,2017-09-13T10:47:08Z
103388240,https://github.com/CyberNueng/CS447,CyberNueng,2017-09-13T10:50:02Z
103384156,https://github.com/bluewater0015/step_function_commonts,bluewater0015,2017-09-13T10:04:25Z
103384177,https://github.com/thernoff/messenger,thernoff,2017-09-13T10:04:39Z
103385954,https://github.com/donaldwasserman/burger-demo,donaldwasserman,2017-09-13T10:24:26Z
103386067,https://github.com/LeshikJanz/dnd-chess,LeshikJanz,2017-09-13T10:25:36Z
103386337,https://github.com/carloct/devshed,carloct,2017-09-13T10:28:30Z
103385250,https://github.com/OlofReimegard/foodie-imageboard,OlofReimegard,2017-09-13T10:16:24Z
103383986,https://github.com/andreasanti/product-line-prediction,andreasanti,2017-09-13T10:02:34Z
103386463,https://github.com/sansanshow/react-native-api-demo,sansanshow,2017-09-13T10:29:54Z
103388556,https://github.com/Chanon-SVN/que-api,Chanon-SVN,2017-09-13T10:53:25Z
103387985,https://github.com/rachaellynn/googlemaps-boston-sat,rachaellynn,2017-09-13T10:47:25Z
103388051,https://github.com/GoncharIgor/react-github-example,GoncharIgor,2017-09-13T10:48:07Z
103387382,https://github.com/goit-kruglenko/DZ_11,goit-kruglenko,2017-09-13T10:40:28Z
103388622,https://github.com/kristinakats/laravel,kristinakats,2017-09-13T10:54:10Z
103386974,https://github.com/swarmcity/gasstation-demo,swarmcity,2017-09-13T10:35:37Z
103384462,https://github.com/sunxiaolei/rn-calculator,sunxiaolei,2017-09-13T10:07:41Z
103384190,https://github.com/ChirstianHizon/BinalbaganCommercial-Thesis-Customer,ChirstianHizon,2017-09-13T10:04:43Z
103387086,https://github.com/luka-plain-cloud/multiplier,luka-plain-cloud,2017-09-13T10:36:53Z
103385807,https://github.com/cuixingchen/FbShare_LineShare,cuixingchen,2017-09-13T10:22:37Z
103383990,https://github.com/thuongdq/shop,thuongdq,2017-09-13T10:02:38Z
103386532,https://github.com/salihkesepara/react-example-simple,salihkesepara,2017-09-13T10:30:40Z
103386612,https://github.com/ziqian9206/thoughtworksTest,ziqian9206,2017-09-13T10:31:27Z
103386654,https://github.com/kim-dam-groenhoej/LINQExamples,kim-dam-groenhoej,2017-09-13T10:31:58Z
103384304,https://github.com/njsfield/elm-visualization-practice,njsfield,2017-09-13T10:05:57Z
103384506,https://github.com/kuba-rosiek/Zadanie_12_7,kuba-rosiek,2017-09-13T10:08:19Z
103388727,https://github.com/ZhdanovPasha/Conways-Game-of-Life,ZhdanovPasha,2017-09-13T10:55:35Z
103385178,https://github.com/MHalseyPerry/pictiorio,MHalseyPerry,2017-09-13T10:15:24Z
103385309,https://github.com/happykey/wx-index-list,happykey,2017-09-13T10:17:13Z
103383813,https://github.com/cobantou/build-a-react-boilerplate-from-beginning,cobantou,2017-09-13T10:00:48Z
103384601,https://github.com/FreddieCodes/notes-challenge,FreddieCodes,2017-09-13T10:09:27Z
103385440,https://github.com/srsholmes/strava-kom-vue,srsholmes,2017-09-13T10:18:44Z
103386340,https://github.com/acharkov/graphql-test,acharkov,2017-09-13T10:28:32Z
103385645,https://github.com/syq1035/start,syq1035,2017-09-13T10:20:50Z
103388606,https://github.com/Erlix322/customer-satisfaction-prediction,Erlix322,2017-09-13T10:53:58Z
103387417,https://github.com/godsejeong/web_Major_in,godsejeong,2017-09-13T10:40:57Z
103387708,https://github.com/binitaMaharjan/slant,binitaMaharjan,2017-09-13T10:44:07Z
103388982,https://github.com/rsanjuseason/sampleskills,rsanjuseason,2017-09-13T10:58:58Z
103384246,https://github.com/lokkomokko/Keetos,lokkomokko,2017-09-13T10:05:20Z
103384989,https://github.com/KartiKayGupta/formNode,KartiKayGupta,2017-09-13T10:13:19Z
103385015,https://github.com/qantik/dedis-js,qantik,2017-09-13T10:13:32Z
103386515,https://github.com/linkeke/dbManage,linkeke,2017-09-13T10:30:28Z
103387197,https://github.com/baku171/Zadanie_8,baku171,2017-09-13T10:38:17Z
103387205,https://github.com/galynag/incomeExpense,galynag,2017-09-13T10:38:21Z
103387481,https://github.com/shabanraza/React-TodoLists,shabanraza,2017-09-13T10:41:42Z
103384122,https://github.com/sleshJdev/allneed,sleshJdev,2017-09-13T10:04:02Z
103384636,https://github.com/sunnypra/customer-satisfaction-prediction,sunnypra,2017-09-13T10:09:47Z
103385751,https://github.com/W01fw00d/w01fw00d_portfolio,W01fw00d,2017-09-13T10:21:53Z
103386296,https://github.com/rsanjuseason/Sample,rsanjuseason,2017-09-13T10:28:03Z
103386696,https://github.com/ben-ghirardani/bucket_list,ben-ghirardani,2017-09-13T10:32:27Z
103386720,https://github.com/bj75326/redux-demo4,bj75326,2017-09-13T10:32:42Z
103385048,https://github.com/KAngel7/SimpleSocketioServer,KAngel7,2017-09-13T10:13:52Z
103385084,https://github.com/weiyuan1993/pure-typescript-todolist,weiyuan1993,2017-09-13T10:14:14Z
103385117,https://github.com/nideveloper/electron-playing-with-execFile,nideveloper,2017-09-13T10:14:38Z
103383814,https://github.com/icekhab/diplom,icekhab,2017-09-13T10:00:48Z
103387942,https://github.com/lossp/Vue-demo,lossp,2017-09-13T10:46:49Z
103387881,https://github.com/waplet/caniuse,waplet,2017-09-13T10:46:07Z
103385611,https://github.com/xiaosuantian/vue-statement,xiaosuantian,2017-09-13T10:20:31Z
103386212,https://github.com/keven1406/Estudo-sobre-React,keven1406,2017-09-13T10:27:08Z
103388319,https://github.com/usman154/baseProject,usman154,2017-09-13T10:50:51Z
103388501,https://github.com/LiamOSullivan/bcd-tools,LiamOSullivan,2017-09-13T10:52:48Z
103386808,https://github.com/Nooblisk/levelup2,Nooblisk,2017-09-13T10:33:48Z
103386118,https://github.com/OlofReimegard/spotify-search,OlofReimegard,2017-09-13T10:26:08Z
103384474,https://github.com/KyeBracey/TicReactToe,KyeBracey,2017-09-13T10:07:47Z
103385951,https://github.com/vedaErni/angular_calculation,vedaErni,2017-09-13T10:24:23Z
103384717,https://github.com/tempday/newT,tempday,2017-09-13T10:10:41Z
103386498,https://github.com/jazzz1994/back,jazzz1994,2017-09-13T10:30:14Z
103389030,https://github.com/osukaru16/ProyectoFinalFPDual,osukaru16,2017-09-13T10:59:28Z
103388065,https://github.com/yestodorrow/vue-lessons,yestodorrow,2017-09-13T10:48:14Z
103388887,https://github.com/Geekays/js-dev-kit,Geekays,2017-09-13T10:57:42Z
103389051,https://github.com/subbuakepati/Protractor,subbuakepati,2017-09-13T10:59:38Z
103389068,https://github.com/Indrajit77/ReactJS,Indrajit77,2017-09-13T10:59:49Z
103383889,https://github.com/gkundu22/MemoryGame,gkundu22,2017-09-13T10:01:33Z
103385251,https://github.com/dehors/nodejs-tests_mocking,dehors,2017-09-13T10:16:27Z
103384940,https://github.com/stuartBD2/Stuff,stuartBD2,2017-09-13T10:12:56Z
103388605,https://github.com/paultk/test_app_2,paultk,2017-09-13T10:53:57Z
103388149,https://github.com/azurite/heap,azurite,2017-09-13T10:49:00Z
103385946,https://github.com/OlofReimegard/connect-four,OlofReimegard,2017-09-13T10:24:19Z
103387889,https://github.com/choch-o/AIFI-presenter,choch-o,2017-09-13T10:46:10Z
103388626,https://github.com/olgakozhevnikova/contact-list,olgakozhevnikova,2017-09-13T10:54:13Z
103386799,https://github.com/luka-plain-cloud/project,luka-plain-cloud,2017-09-13T10:33:45Z
103386113,https://github.com/stephanusnicopratama/laravel-semantic,stephanusnicopratama,2017-09-13T10:26:03Z
103384404,https://github.com/adamstrain2010/wigwamer_api,adamstrain2010,2017-09-13T10:07:05Z
103384805,https://github.com/owlcity/ant-design-example,owlcity,2017-09-13T10:11:33Z
103386493,https://github.com/SamphireReeve/TheTravelGuide,SamphireReeve,2017-09-13T10:30:12Z
103385697,https://github.com/drewskix86/homebridge-imp-garagedoor,drewskix86,2017-09-13T10:21:19Z
103384823,https://github.com/isel-leic-pi/1718i-LI51D,isel-leic-pi,2017-09-13T10:11:40Z
103384857,https://github.com/OlivierBATY/Demarcheconceptionsimplifiee,OlivierBATY,2017-09-13T10:12:04Z
103384959,https://github.com/SolalDR/timeline.js,SolalDR,2017-09-13T10:13:05Z
103386390,https://github.com/arcadyjobhunt/mailparser,arcadyjobhunt,2017-09-13T10:29:02Z
103388998,https://github.com/akakou-hobby/JS-Text-Maker,akakou-hobby,2017-09-13T10:59:08Z
103388702,https://github.com/kofiaddai/My_Calculator,kofiaddai,2017-09-13T10:55:18Z
103386529,https://github.com/OlofReimegard/GitHub-user-search,OlofReimegard,2017-09-13T10:30:39Z
103385963,https://github.com/m5kit/cg_education,m5kit,2017-09-13T10:24:34Z
103387221,https://github.com/kamulah/yongkilink,kamulah,2017-09-13T10:38:34Z
103387878,https://github.com/markjdvs/mini-projects,markjdvs,2017-09-13T10:46:05Z
103388956,https://github.com/aliaksandr-master/dom-tricks,aliaksandr-master,2017-09-13T10:58:36Z
103387343,https://github.com/banadiga/chrome-extension-advertisement-minus,banadiga,2017-09-13T10:40:02Z
103386081,https://github.com/Qin-mx/todo-vue,Qin-mx,2017-09-13T10:25:47Z
103386134,https://github.com/sawasawasawa/test123,sawasawasawa,2017-09-13T10:26:18Z
103386318,https://github.com/lsw2425/goyeonjun,lsw2425,2017-09-13T10:28:20Z
103384833,https://github.com/Halokitiboy/webpack-multipage,Halokitiboy,2017-09-13T10:11:45Z
103384067,https://github.com/zeyizhou/for,zeyizhou,2017-09-13T10:03:28Z
103385819,https://github.com/lvliang271486017/dashboard-render,lvliang271486017,2017-09-13T10:22:54Z
103388564,https://github.com/yarynayavor/simple-plane-game,yarynayavor,2017-09-13T10:53:29Z
103386151,https://github.com/scott1028/rx.js-study,scott1028,2017-09-13T10:26:27Z
103386173,https://github.com/BabyToy/dynamo-test,BabyToy,2017-09-13T10:26:42Z
103384286,https://github.com/shriram2017/first_app,shriram2017,2017-09-13T10:05:49Z
103383881,https://github.com/DeNan-Kong/Zhihu-WX,DeNan-Kong,2017-09-13T10:01:29Z
103387265,https://github.com/Lexicon-Projekt-eButiken/Elios-Front-End,Lexicon-Projekt-eButiken,2017-09-13T10:39:05Z
103387446,https://github.com/yacinehmito/pptimer,yacinehmito,2017-09-13T10:41:19Z
103387773,https://github.com/kevinrjones/conferences,kevinrjones,2017-09-13T10:44:55Z
103385945,https://github.com/ChulanKumara/CRUD-ASP.NET-MVC,ChulanKumara,2017-09-13T10:24:18Z
103384683,https://github.com/iamfaiz/Respondium,iamfaiz,2017-09-13T10:10:19Z
103384706,https://github.com/floatingdreams/words,floatingdreams,2017-09-13T10:10:33Z
103385844,https://github.com/bowenfan32/Toy-Robot-Challenge,bowenfan32,2017-09-13T10:23:11Z
103383852,https://github.com/GeekyAnts/react-native-boilerplate-basic-flow,GeekyAnts,2017-09-13T10:01:11Z
103389046,https://github.com/nhandh2013/react-redux,nhandh2013,2017-09-13T10:59:36Z
103385379,https://github.com/xuwanwanTT/react-test,xuwanwanTT,2017-09-13T10:18:04Z
103386993,https://github.com/xiaosuantian/dialog,xiaosuantian,2017-09-13T10:35:49Z
103384391,https://github.com/ernestasju/nav-object-updown,ernestasju,2017-09-13T10:06:52Z
103384179,https://github.com/zqHero/webpack-React-EnvmentDemo,zqHero,2017-09-13T10:04:39Z
103387048,https://github.com/andreasadinata/cars-challenge,andreasadinata,2017-09-13T10:36:29Z
103388000,https://github.com/ftgibran/demo-supermarket,ftgibran,2017-09-13T10:47:36Z
103387520,https://github.com/f0086/js13kgames-2017,f0086,2017-09-13T10:42:04Z
103384377,https://github.com/Ge-Ge/test,Ge-Ge,2017-09-13T10:06:44Z
103385838,https://github.com/xiaosuantian/vue-program,xiaosuantian,2017-09-13T10:23:08Z
103385872,https://github.com/Royalzxl/A-music-player-,Royalzxl,2017-09-13T10:23:31Z
103386414,https://github.com/wengjq/GithubPage,wengjq,2017-09-13T10:29:19Z
103386537,https://github.com/Jkehoe69/sheetsexamplestart,Jkehoe69,2017-09-13T10:30:43Z
103387480,https://github.com/pplam/knapsack,pplam,2017-09-13T10:41:42Z
103387648,https://github.com/rehive/rehive-erc20,rehive,2017-09-13T10:43:29Z
103386190,https://github.com/mahaiz/huatu,mahaiz,2017-09-13T10:26:50Z
103389034,https://github.com/abanda37/PhaserDemo,abanda37,2017-09-13T10:59:32Z
103388748,https://github.com/yeungtg/webpack-app,yeungtg,2017-09-13T10:55:50Z
103384952,https://github.com/dtoropin/seabattle_js,dtoropin,2017-09-13T10:12:59Z
103388675,https://github.com/suryaphani1729/sample1,suryaphani1729,2017-09-13T10:54:57Z
103383743,https://github.com/Sebastian-Fitzner/react-starterkit,Sebastian-Fitzner,2017-09-13T10:00:04Z
103384338,https://github.com/zhouyu04/multi-module,zhouyu04,2017-09-13T10:06:18Z
103386468,https://github.com/yatokami/lhc,yatokami,2017-09-13T10:29:57Z
103386494,https://github.com/anderpang/insert-html-webpack-plugin,anderpang,2017-09-13T10:30:12Z
103388393,https://github.com/vivekmishra1989/egen-fe-challenge,vivekmishra1989,2017-09-13T10:51:35Z
103387912,https://github.com/romasimeiz/antivirus,romasimeiz,2017-09-13T10:46:26Z
103387129,https://github.com/paultk/circleci-demo-javascript-express,paultk,2017-09-13T10:37:29Z
103387604,https://github.com/akkisinghpanchaal/github-battle-react,akkisinghpanchaal,2017-09-13T10:42:58Z
103387765,https://github.com/msagerup/React-v1,msagerup,2017-09-13T10:44:47Z
103386121,https://github.com/victorzinho/js-boilerplate,victorzinho,2017-09-13T10:26:10Z
103384988,https://github.com/BhagyaJawale/DigitalClock,BhagyaJawale,2017-09-13T10:13:18Z
103386478,https://github.com/Vrq/solidity-depositor,Vrq,2017-09-13T10:30:04Z
103388475,https://github.com/isaacayz/church-member-diretory,isaacayz,2017-09-13T10:52:33Z
103387945,https://github.com/YiTingLee/Tech_Stack-React-Native,YiTingLee,2017-09-13T10:46:51Z
103387562,https://github.com/KokhtyrevaOlga/KokhtyrevaOlga.github.io,KokhtyrevaOlga,2017-09-13T10:42:30Z
103387828,https://github.com/dgyingling/Chat,dgyingling,2017-09-13T10:45:28Z
103384593,https://github.com/Umesh27/BLE_learn,Umesh27,2017-09-13T10:09:20Z
103384595,https://github.com/xiaosuantian/react-webpack,xiaosuantian,2017-09-13T10:09:21Z
103388928,https://github.com/shimon87/MusicAlbum,shimon87,2017-09-13T10:58:09Z