88670446,https://github.com/deliciousbrains/wp-dbi-file-uploader,deliciousbrains,2017-04-18T21:04:08Z
88671557,https://github.com/lr94/phpbb-connectionlogger,lr94,2017-04-18T21:19:27Z
88672143,https://github.com/zoltanlaca/IskladRestApi,zoltanlaca,2017-04-18T21:27:45Z
88673406,https://github.com/Vizrex/Scripts,Vizrex,2017-04-18T21:47:00Z
88673441,https://github.com/anhpnguyen95/flypal,anhpnguyen95,2017-04-18T21:47:29Z
88673365,https://github.com/ltmorro/Graduate-School-Resources,ltmorro,2017-04-18T21:46:21Z
88670427,https://github.com/ptrendak/Platforma,ptrendak,2017-04-18T21:03:51Z
88671113,https://github.com/chhoulet/Sika-Immobilier,chhoulet,2017-04-18T21:13:12Z
88670978,https://github.com/Justin-So/CS-4400,Justin-So,2017-04-18T21:11:23Z
88672544,https://github.com/Djindja/laravel-blog,Djindja,2017-04-18T21:34:03Z
88671543,https://github.com/logsmith/backpack,logsmith,2017-04-18T21:19:20Z
88673186,https://github.com/azulkrema/HerokuPHPTest,azulkrema,2017-04-18T21:43:18Z
88674076,https://github.com/MarkBowenPiano/Base,MarkBowenPiano,2017-04-18T21:57:35Z
88673843,https://github.com/qadan/islandora_sample_batch,qadan,2017-04-18T21:54:09Z
88672966,https://github.com/drupalwxt/skel,drupalwxt,2017-04-18T21:40:11Z
88672251,https://github.com/web-ruslan/api-test.com,web-ruslan,2017-04-18T21:29:47Z
88673856,https://github.com/mvilchis/plataformacf,mvilchis,2017-04-18T21:54:26Z
88673873,https://github.com/jithu633/restaurant,jithu633,2017-04-18T21:54:40Z
88671761,https://github.com/THE-SECSYS/Rest_client-php,THE-SECSYS,2017-04-18T21:22:22Z
88670455,https://github.com/gmcedarblade/PigLatinPHP,gmcedarblade,2017-04-18T21:04:17Z
88671515,https://github.com/GinnaBonilla2406/Enfermedad-diagnostico-V3-English,GinnaBonilla2406,2017-04-18T21:18:55Z
88672231,https://github.com/timothyclancysf/clancyone,timothyclancysf,2017-04-18T21:29:28Z
88671555,https://github.com/kuzminovds/35858-doingsdone,kuzminovds,2017-04-18T21:19:26Z
88670729,https://github.com/bayreporta/dagos-scheduler,bayreporta,2017-04-18T21:07:55Z
88670711,https://github.com/fbernaly/cs313-byui-php,fbernaly,2017-04-18T21:07:39Z
88671476,https://github.com/alexisbarnes/audiobook,alexisbarnes,2017-04-18T21:18:24Z
88673079,https://github.com/ssipos90/php-faculta,ssipos90,2017-04-18T21:41:39Z
88674072,https://github.com/MarkBowenPiano/baseResponsive,MarkBowenPiano,2017-04-18T21:57:31Z
88674194,https://github.com/aaronpk/domainswap.xyz,aaronpk,2017-04-18T21:59:23Z
88670705,https://github.com/An1201/de_vir,An1201,2017-04-18T21:07:35Z
88674075,https://github.com/MarkBowenPiano/BaseStandard,MarkBowenPiano,2017-04-18T21:57:33Z
88671774,https://github.com/artemklimenko96/php-login-form,artemklimenko96,2017-04-18T21:22:32Z
88670258,https://github.com/YISECA/VICACHA_3,YISECA,2017-04-18T21:01:22Z
88670720,https://github.com/Cronoburn/mysite,Cronoburn,2017-04-18T21:07:44Z
88671590,https://github.com/CU-CommunityApps/CD-cdd8,CU-CommunityApps,2017-04-18T21:19:50Z
88672070,https://github.com/tsaghir/PHP,tsaghir,2017-04-18T21:26:48Z