117663908,https://github.com/passbolt/passbolt-appjs,passbolt,2018-01-16T09:38:36Z
117660815,https://github.com/rigobauer/react-abcjs,rigobauer,2018-01-16T09:12:55Z
117664675,https://github.com/youhunwl/one,youhunwl,2018-01-16T09:45:18Z
117660744,https://github.com/cozy/cozy-contacts,cozy,2018-01-16T09:12:18Z
117665998,https://github.com/matrus2/fastify-dynamodb,matrus2,2018-01-16T09:56:34Z
117665579,https://github.com/solzimer/session-pouchdb-store,solzimer,2018-01-16T09:52:56Z
117660393,https://github.com/saiumesh535/express-zero-config,saiumesh535,2018-01-16T09:09:07Z
117660770,https://github.com/lixuejiang/etherscan,lixuejiang,2018-01-16T09:12:30Z
117665354,https://github.com/sutbult/DATX02-18-07,sutbult,2018-01-16T09:50:53Z
117660226,https://github.com/kre1z0/calendar,kre1z0,2018-01-16T09:07:45Z
117661297,https://github.com/Leppard/OfficeBuildingMap,Leppard,2018-01-16T09:17:05Z
117661100,https://github.com/SillerQ/multi-page,SillerQ,2018-01-16T09:15:19Z
117663969,https://github.com/LondonAlgorithms/rail-fence-cipher,LondonAlgorithms,2018-01-16T09:39:06Z
117665744,https://github.com/BANKEX/plasma-test-coin-distributer,BANKEX,2018-01-16T09:54:26Z
117662179,https://github.com/gowthamrajbm/QlikSense-Text-Button-Design,gowthamrajbm,2018-01-16T09:24:23Z
117664512,https://github.com/zhuoshaohere/lazyloading,zhuoshaohere,2018-01-16T09:43:47Z
117665441,https://github.com/wujinzhe/five-qi,wujinzhe,2018-01-16T09:51:38Z
117662396,https://github.com/lln7777/parsetime-zhcn,lln7777,2018-01-16T09:26:02Z
117666164,https://github.com/ShayBox/Discord-Emoji-Converter,ShayBox,2018-01-16T09:58:02Z
117661192,https://github.com/pchdl/vmboom,pchdl,2018-01-16T09:16:06Z
117664002,https://github.com/snutiise/dropbox,snutiise,2018-01-16T09:39:25Z
117662665,https://github.com/ziguifrido/ajudame-web,ziguifrido,2018-01-16T09:28:13Z
117662049,https://github.com/zhuoshaohere/AdaptiveFixedNavigation,zhuoshaohere,2018-01-16T09:23:24Z
117666068,https://github.com/XSana/WeChat2048,XSana,2018-01-16T09:57:06Z
117660341,https://github.com/lisafra/vfly,lisafra,2018-01-16T09:08:38Z
117660618,https://github.com/liufusong/bxg,liufusong,2018-01-16T09:11:15Z
117662258,https://github.com/tom6886/DQGJK,tom6886,2018-01-16T09:25:00Z
117661790,https://github.com/taojy123/Feeding,taojy123,2018-01-16T09:21:09Z
117666372,https://github.com/cheeseleng/love,cheeseleng,2018-01-16T09:59:53Z
117660798,https://github.com/azstack/azstack-react-native,azstack,2018-01-16T09:12:45Z
117663866,https://github.com/philcon93/netotheme-style,philcon93,2018-01-16T09:38:18Z
117664659,https://github.com/Blackheart340/object-trace,Blackheart340,2018-01-16T09:45:09Z
117662017,https://github.com/konglx90/fox,konglx90,2018-01-16T09:23:07Z
117662980,https://github.com/weizhengda/vue-live,weizhengda,2018-01-16T09:30:46Z
117665531,https://github.com/rbudiharso/JenkinsTest,rbudiharso,2018-01-16T09:52:31Z
117661187,https://github.com/stefan-jevtic/doggo,stefan-jevtic,2018-01-16T09:16:04Z
117663331,https://github.com/daojs/service-prototype,daojs,2018-01-16T09:33:51Z
117661389,https://github.com/disi1166/swoon-editions-frontend-test,disi1166,2018-01-16T09:17:50Z
117661398,https://github.com/sarahchima/pomodoro-clock,sarahchima,2018-01-16T09:17:54Z
117659744,https://github.com/wangjie233/luzhougonggongfuwu,wangjie233,2018-01-16T09:03:22Z
117660191,https://github.com/kuribohzz98/NguyenKhanhDuy,kuribohzz98,2018-01-16T09:07:27Z
117659416,https://github.com/iraSong/imgPinch,iraSong,2018-01-16T09:00:32Z
117662752,https://github.com/sundadong/express-demo,sundadong,2018-01-16T09:28:58Z
117665049,https://github.com/kiranbangale/webpack-tryouts,kiranbangale,2018-01-16T09:48:06Z
117661577,https://github.com/xmyzincx/Cornet_MySQL_API,xmyzincx,2018-01-16T09:19:20Z
117666020,https://github.com/juniter/ssm-sample,juniter,2018-01-16T09:56:43Z
117664001,https://github.com/dchy/dataPool,dchy,2018-01-16T09:39:25Z
117664006,https://github.com/lnancy226/yzb-entryOfInstitutions,lnancy226,2018-01-16T09:39:27Z
117661272,https://github.com/ChipTechno/IPMI-card,ChipTechno,2018-01-16T09:16:51Z
117664525,https://github.com/ishaanjain/gryphonjs,ishaanjain,2018-01-16T09:43:55Z
117664892,https://github.com/chen4342024/ui-components,chen4342024,2018-01-16T09:46:48Z
117661401,https://github.com/trungth1406/FIT,trungth1406,2018-01-16T09:17:56Z
117660889,https://github.com/julien-f/issue-babel-jest-decorators-async-methods,julien-f,2018-01-16T09:13:28Z
117660223,https://github.com/qgrid/core,qgrid,2018-01-16T09:07:42Z
117662762,https://github.com/hirefirst/example-private-dep,hirefirst,2018-01-16T09:29:01Z
117662158,https://github.com/selvesandev/redux,selvesandev,2018-01-16T09:24:15Z
117664131,https://github.com/ErnstCreemers/dyslectinator,ErnstCreemers,2018-01-16T09:40:28Z
117660637,https://github.com/georgybu/monty-hall,georgybu,2018-01-16T09:11:21Z
117665949,https://github.com/CbedoyaRamirez/curso_react,CbedoyaRamirez,2018-01-16T09:56:10Z
117663414,https://github.com/gre-foundation/gre-core-eth,gre-foundation,2018-01-16T09:34:32Z
117666350,https://github.com/medusaless/My-Simple-MVVM,medusaless,2018-01-16T09:59:40Z
117665347,https://github.com/snutiise/dropbox-server,snutiise,2018-01-16T09:50:49Z
117664633,https://github.com/cronapptreina/PostoUsuario-final-M2,cronapptreina,2018-01-16T09:44:57Z
117665061,https://github.com/H5javascript/vuecomponents,H5javascript,2018-01-16T09:48:12Z
117663837,https://github.com/gaurav-bothra/parkNGoApi,gaurav-bothra,2018-01-16T09:38:03Z
117662641,https://github.com/jakkyo/canUseStorageCheck,jakkyo,2018-01-16T09:27:59Z
117659764,https://github.com/dd82516389/-,dd82516389,2018-01-16T09:03:36Z
117660823,https://github.com/sfcuiyi/music,sfcuiyi,2018-01-16T09:13:00Z
117660051,https://github.com/Winteee/Winteee.github.io,Winteee,2018-01-16T09:06:14Z
117663012,https://github.com/dylanhong325/Around-Web,dylanhong325,2018-01-16T09:30:58Z
117660386,https://github.com/Abdulfattah1/myFirstProject,Abdulfattah1,2018-01-16T09:09:05Z
117660499,https://github.com/stouduo/qcf,stouduo,2018-01-16T09:10:08Z
117666184,https://github.com/hsabouri/42_computorv1,hsabouri,2018-01-16T09:58:14Z
117665456,https://github.com/leeight/san-types,leeight,2018-01-16T09:51:45Z
117663631,https://github.com/pira26/React_Router,pira26,2018-01-16T09:36:27Z
117663789,https://github.com/viprewad9810/Azerbaijan-minimap,viprewad9810,2018-01-16T09:37:42Z
117664092,https://github.com/szu-jim/jump,szu-jim,2018-01-16T09:40:14Z
117664139,https://github.com/ganeshpprasad/reactUdemyApp,ganeshpprasad,2018-01-16T09:40:32Z
117660049,https://github.com/bcollins0905/clickster,bcollins0905,2018-01-16T09:06:14Z
117660130,https://github.com/mahasak/JestPuppeteerUITest,mahasak,2018-01-16T09:06:51Z
117662909,https://github.com/alextavgen/markov_bot,alextavgen,2018-01-16T09:30:09Z
117662932,https://github.com/bigbeno37/GameOfLife,bigbeno37,2018-01-16T09:30:19Z
117660456,https://github.com/whitemiaool/sharefile,whitemiaool,2018-01-16T09:09:43Z
117659588,https://github.com/alu20491577a/tienda,alu20491577a,2018-01-16T09:01:57Z
117659998,https://github.com/mattcarpowich1/mood-tracker,mattcarpowich1,2018-01-16T09:05:55Z
117664601,https://github.com/KeisiOo/50236-cat-energy,KeisiOo,2018-01-16T09:44:36Z
117665392,https://github.com/kris2485/zadanie_11_4,kris2485,2018-01-16T09:51:18Z
117662483,https://github.com/BartekBuslowicz/13.4-CommonJS,BartekBuslowicz,2018-01-16T09:26:39Z
117664925,https://github.com/AlexxNica/ikm-dashboard,AlexxNica,2018-01-16T09:47:05Z
117660505,https://github.com/xiaoxiaodu/library,xiaoxiaodu,2018-01-16T09:10:10Z
117660537,https://github.com/haroncurtis/tutorial,haroncurtis,2018-01-16T09:10:27Z
117660101,https://github.com/happyfreemo69/githubhook-server,happyfreemo69,2018-01-16T09:06:35Z
117663011,https://github.com/ArminBlaze/code-and-magic,ArminBlaze,2018-01-16T09:30:58Z
117661649,https://github.com/sarahchima/javascript-form-validation,sarahchima,2018-01-16T09:19:57Z
117665849,https://github.com/ArminBlaze/keksobooking-2,ArminBlaze,2018-01-16T09:55:15Z
117659540,https://github.com/blastZ/react-echarts,blastZ,2018-01-16T09:01:35Z
117663719,https://github.com/yamla3/yamla3.github.io,yamla3,2018-01-16T09:37:12Z
117661134,https://github.com/atoris1192/Vue-cli-pug,atoris1192,2018-01-16T09:15:35Z
117661312,https://github.com/xmyzincx/Cornet_Postgre_API,xmyzincx,2018-01-16T09:17:10Z
117664366,https://github.com/weiguangping/webpack-more,weiguangping,2018-01-16T09:42:35Z
117664577,https://github.com/wasdokij/mkWachatExample,wasdokij,2018-01-16T09:44:21Z
117661089,https://github.com/azarz/ASTATE,azarz,2018-01-16T09:15:14Z
117665387,https://github.com/jeffersondanielss/environment,jeffersondanielss,2018-01-16T09:51:14Z
117664691,https://github.com/ath92/xml-sequence-diagram,ath92,2018-01-16T09:45:22Z
117663076,https://github.com/ChauveauE/project9_vues,ChauveauE,2018-01-16T09:31:39Z
117665872,https://github.com/YaroslavMifit/angular2-springboot-starter,YaroslavMifit,2018-01-16T09:55:34Z
117664893,https://github.com/KOHETs/angular-playground,KOHETs,2018-01-16T09:46:49Z
117662167,https://github.com/vjekooo/hackNews,vjekooo,2018-01-16T09:24:18Z
117664184,https://github.com/Alexandru317Mitrica/GraphQL-queries,Alexandru317Mitrica,2018-01-16T09:40:57Z
117662187,https://github.com/chutiphon-k/test-pre-commit,chutiphon-k,2018-01-16T09:24:29Z
117661149,https://github.com/nsharma1396/DraftEd,nsharma1396,2018-01-16T09:15:40Z
117660178,https://github.com/Dharisd/webapp-Login,Dharisd,2018-01-16T09:07:21Z
117660830,https://github.com/Micheloncio/canvas-game,Micheloncio,2018-01-16T09:13:02Z
117665307,https://github.com/Hanooch/Huaian,Hanooch,2018-01-16T09:50:26Z
117666364,https://github.com/yclaydin/cvWeb,yclaydin,2018-01-16T09:59:50Z
117663419,https://github.com/LonelystartO/file-comparison,LonelystartO,2018-01-16T09:34:33Z
117662875,https://github.com/rjzfrj/springboot-webjsp,rjzfrj,2018-01-16T09:29:53Z
117664219,https://github.com/ZhongpingZhou/quickstart,ZhongpingZhou,2018-01-16T09:41:17Z
117665276,https://github.com/joshuaj004/ringstrasse,joshuaj004,2018-01-16T09:50:06Z
117661511,https://github.com/lucarv/owntracks2azure,lucarv,2018-01-16T09:18:53Z
117662172,https://github.com/marsaud/level-index-db,marsaud,2018-01-16T09:24:20Z
117663452,https://github.com/nicolaspascual/katas,nicolaspascual,2018-01-16T09:34:55Z
117664786,https://github.com/Ankur-xceedance/FeatureRequest,Ankur-xceedance,2018-01-16T09:45:59Z
117665671,https://github.com/tucchun/react-router,tucchun,2018-01-16T09:53:50Z
117661226,https://github.com/cleanqas/MedMo,cleanqas,2018-01-16T09:16:23Z
117664471,https://github.com/1018zaqzaq1224/mame,1018zaqzaq1224,2018-01-16T09:43:22Z
117662571,https://github.com/sharadn/websocket,sharadn,2018-01-16T09:27:19Z
117664964,https://github.com/YuyaOguchi/YuyaOguchi.github.io,YuyaOguchi,2018-01-16T09:47:25Z
117666228,https://github.com/Astronoit/Logic-game,Astronoit,2018-01-16T09:58:37Z
117662868,https://github.com/yougucollege/gulpfile,yougucollege,2018-01-16T09:29:50Z
117664323,https://github.com/Lockin02/zxttms,Lockin02,2018-01-16T09:42:08Z
117665798,https://github.com/abyrne10/string-calculator-kata-attempt-5,abyrne10,2018-01-16T09:54:52Z
117663996,https://github.com/ballescript/textSizeExtension,ballescript,2018-01-16T09:39:20Z
117666121,https://github.com/dwatek/codecademy-projects,dwatek,2018-01-16T09:57:35Z
117664239,https://github.com/slimshady1281/webRtc-Modified,slimshady1281,2018-01-16T09:41:26Z
117664312,https://github.com/khametra/reactSPA,khametra,2018-01-16T09:42:03Z
117660956,https://github.com/upsub/client-js,upsub,2018-01-16T09:14:05Z
117663292,https://github.com/nandansn/jasmine,nandansn,2018-01-16T09:33:30Z
117663313,https://github.com/joajii/Fullstack,joajii,2018-01-16T09:33:42Z
117663363,https://github.com/wajdikanzali/My-Recipes,wajdikanzali,2018-01-16T09:34:05Z
117666326,https://github.com/genius29/project,genius29,2018-01-16T09:59:27Z
117660454,https://github.com/qgrid/plugin,qgrid,2018-01-16T09:09:42Z
117659502,https://github.com/hirudinee/Sample_CloudWatch,hirudinee,2018-01-16T09:01:13Z
117661941,https://github.com/WiitterSimithYU/Vue-webapp-model,WiitterSimithYU,2018-01-16T09:22:24Z
117662410,https://github.com/su-kun1899/hello-nodejs,su-kun1899,2018-01-16T09:26:08Z
117659580,https://github.com/BlagovestGerov/tetris,BlagovestGerov,2018-01-16T09:01:54Z
117661587,https://github.com/Abishek-TechUniv/functionaljs,Abishek-TechUniv,2018-01-16T09:19:23Z
117664204,https://github.com/zhenghuasheng/springboot-layim,zhenghuasheng,2018-01-16T09:41:10Z
117665314,https://github.com/jedilor/anaxilocaltest,jedilor,2018-01-16T09:50:29Z
117661152,https://github.com/Ostmos/vr-stat,Ostmos,2018-01-16T09:15:40Z
117660017,https://github.com/luwanhua/luwanhua.github.io,luwanhua,2018-01-16T09:06:03Z
117665930,https://github.com/MaiwennB/vue-webpack-babel,MaiwennB,2018-01-16T09:55:59Z
117661060,https://github.com/xiaotingamy/jingxuanshop,xiaotingamy,2018-01-16T09:14:56Z
117661078,https://github.com/rockyr8/go-admin,rockyr8,2018-01-16T09:15:09Z
117665259,https://github.com/thuvva/ThuvvaSNSList,thuvva,2018-01-16T09:49:58Z
117665378,https://github.com/Lmich91/ProfileCompany,Lmich91,2018-01-16T09:51:06Z
117666354,https://github.com/Shkiptan/js_theory_hw,Shkiptan,2018-01-16T09:59:42Z
117660264,https://github.com/skttl/SettingsDashboardForModelsBuilder,skttl,2018-01-16T09:08:00Z
117665790,https://github.com/uwinkler/os-test,uwinkler,2018-01-16T09:54:48Z
117661610,https://github.com/DavidSingh3/physics_ball,DavidSingh3,2018-01-16T09:19:34Z
117664413,https://github.com/zaizizaizai/webVCS,zaizizaizai,2018-01-16T09:42:55Z
117659718,https://github.com/JIT-StackFarm/SchoolMercenary,JIT-StackFarm,2018-01-16T09:03:09Z
117660257,https://github.com/leeeco610/dwz,leeeco610,2018-01-16T09:07:59Z
117664399,https://github.com/4AAAA/jykj-project,4AAAA,2018-01-16T09:42:50Z
117660768,https://github.com/baiqingchun/xiaochengxu,baiqingchun,2018-01-16T09:12:30Z
117660174,https://github.com/ndineth100/node-course-2-web-server,ndineth100,2018-01-16T09:07:18Z
117660245,https://github.com/yanglu9813/yanglu9813.github.io,yanglu9813,2018-01-16T09:07:55Z
117663745,https://github.com/NeXTormer/Messwerte-Webinterface,NeXTormer,2018-01-16T09:37:23Z
117663491,https://github.com/fengxiehou12/ele.me,fengxiehou12,2018-01-16T09:35:15Z
117663509,https://github.com/lcdiao/2048,lcdiao,2018-01-16T09:35:27Z
117662163,https://github.com/a-bart/demo-of-base-api,a-bart,2018-01-16T09:24:17Z
117664719,https://github.com/honeydlp/react-app,honeydlp,2018-01-16T09:45:32Z
117663241,https://github.com/sirsir/MEAN-MVC-bootstrap,sirsir,2018-01-16T09:33:07Z
117665761,https://github.com/hcbai/react,hcbai,2018-01-16T09:54:33Z
117661904,https://github.com/supotka/puppeteer-linkedin-scraper,supotka,2018-01-16T09:22:06Z
117661961,https://github.com/gitforpac/coughstoned,gitforpac,2018-01-16T09:22:35Z
117666173,https://github.com/brunoluizcs/bomcodigo.com,brunoluizcs,2018-01-16T09:58:08Z
117663886,https://github.com/mytEcust/segment,mytEcust,2018-01-16T09:38:28Z
117662776,https://github.com/adamscieszko/graphql-chat,adamscieszko,2018-01-16T09:29:07Z
117661433,https://github.com/linyuNight/share,linyuNight,2018-01-16T09:18:14Z
117663997,https://github.com/idkjs/stocks-api-gql,idkjs,2018-01-16T09:39:21Z
117659767,https://github.com/RKBhardwaj/webpack-demo,RKBhardwaj,2018-01-16T09:03:36Z
117659452,https://github.com/Gabbykun555/tech_co,Gabbykun555,2018-01-16T09:00:49Z
117665891,https://github.com/vectos-microsim/VM-Maps-Sheerwater,vectos-microsim,2018-01-16T09:55:44Z
117664762,https://github.com/dan-j/lerna-experiment,dan-j,2018-01-16T09:45:50Z
117664897,https://github.com/arjanvanderleden/jwt-roles-reference-project,arjanvanderleden,2018-01-16T09:46:50Z
117662365,https://github.com/WenhaoWu/machine-learning,WenhaoWu,2018-01-16T09:25:44Z
117659602,https://github.com/ITWorkTeam/huihoo,ITWorkTeam,2018-01-16T09:02:03Z
117664537,https://github.com/timmykf/htlchain,timmykf,2018-01-16T09:44:00Z
117664570,https://github.com/nwillems/cicd-shenanigans,nwillems,2018-01-16T09:44:15Z
117662734,https://github.com/wangli0518/16-,wangli0518,2018-01-16T09:28:47Z
117660574,https://github.com/sarahchima/Javascript-Calculator,sarahchima,2018-01-16T09:10:46Z
117660409,https://github.com/albeiroespitia/ApiRest-Express,albeiroespitia,2018-01-16T09:09:16Z
117662038,https://github.com/Zishan3165/ReactWeather,Zishan3165,2018-01-16T09:23:17Z
117664085,https://github.com/HengLiYang/ddddd,HengLiYang,2018-01-16T09:40:11Z
117664840,https://github.com/godaner/vm-web,godaner,2018-01-16T09:46:23Z
117666254,https://github.com/Ajhaa/HY-FullStack,Ajhaa,2018-01-16T09:58:49Z
117661425,https://github.com/abhishek4kahol/nodeschool_Workshopper,abhishek4kahol,2018-01-16T09:18:10Z
117666130,https://github.com/seventeen0526/seventeencarat,seventeen0526,2018-01-16T09:57:37Z
117661708,https://github.com/sergeyBreslavets/React_Tutorial_tic-tac_game,sergeyBreslavets,2018-01-16T09:20:25Z
117662697,https://github.com/WHATHELWHATHELWHATHEL/graph_ql_demo,WHATHELWHATHELWHATHEL,2018-01-16T09:28:26Z
117662749,https://github.com/khabaj/burger-builder,khabaj,2018-01-16T09:28:55Z
117659795,https://github.com/zjulyx/SimpleThreadPool,zjulyx,2018-01-16T09:03:56Z
117660887,https://github.com/fgecwr/UX-test,fgecwr,2018-01-16T09:13:27Z
117660128,https://github.com/CptSmoon/Bibliotheque,CptSmoon,2018-01-16T09:06:50Z
117659374,https://github.com/Murajima/Node_JS,Murajima,2018-01-16T09:00:14Z
117662976,https://github.com/sandhyaharigar/InternetSpeed,sandhyaharigar,2018-01-16T09:30:44Z
117662988,https://github.com/patrik1970/react_crud_app,patrik1970,2018-01-16T09:30:48Z
117666124,https://github.com/longfeiyu127/Vue-Project,longfeiyu127,2018-01-16T09:57:35Z
117664318,https://github.com/rjcdev00/hangman-node,rjcdev00,2018-01-16T09:42:05Z
117664328,https://github.com/dmitrykuznetsovdev/webassembly,dmitrykuznetsovdev,2018-01-16T09:42:10Z
117665199,https://github.com/xinhezhang/manager,xinhezhang,2018-01-16T09:49:28Z
117665338,https://github.com/bardius/react-boilerplate-ie8,bardius,2018-01-16T09:50:43Z
117665352,https://github.com/fabiobaser/projekt-tanzsalon,fabiobaser,2018-01-16T09:50:53Z
117666028,https://github.com/vijayranghar/Password-strength-meter-react-redux,vijayranghar,2018-01-16T09:56:47Z
117660466,https://github.com/aryehbeitz/aryehbeitz.github.io,aryehbeitz,2018-01-16T09:09:47Z
117660737,https://github.com/slavniyteo/hide-it-please,slavniyteo,2018-01-16T09:12:15Z
117665612,https://github.com/lindseysimple/react-daily-list,lindseysimple,2018-01-16T09:53:16Z
117664422,https://github.com/Irgola/http2_example,Irgola,2018-01-16T09:42:57Z
117662659,https://github.com/MrFangZhiwei/DubboTest,MrFangZhiwei,2018-01-16T09:28:10Z
117666341,https://github.com/zyoungw/learnNBlog,zyoungw,2018-01-16T09:59:35Z
117661428,https://github.com/VikiLee/module_template,VikiLee,2018-01-16T09:18:11Z
117661663,https://github.com/kyn0v/java_learning,kyn0v,2018-01-16T09:20:03Z
117660482,https://github.com/jioakim/promises,jioakim,2018-01-16T09:10:00Z
117659404,https://github.com/zetaraku/ScannerBase,zetaraku,2018-01-16T09:00:27Z
117663774,https://github.com/sidanmor/selenium-e2e-tests,sidanmor,2018-01-16T09:37:36Z
117662340,https://github.com/invercity/krane,invercity,2018-01-16T09:25:35Z
117662348,https://github.com/rennerwins/creatella-exam,rennerwins,2018-01-16T09:25:39Z
117659557,https://github.com/keidarster/js_calc,keidarster,2018-01-16T09:01:42Z
117663260,https://github.com/dn-Maggie/dnAT,dn-Maggie,2018-01-16T09:33:15Z
117663372,https://github.com/coicoichip/test-git,coicoichip,2018-01-16T09:34:10Z
117664191,https://github.com/Rocen/Rocen.github.io,Rocen,2018-01-16T09:41:01Z
117664845,https://github.com/khandakerakash/count-down-champ,khandakerakash,2018-01-16T09:46:28Z
117665733,https://github.com/zhangchile/fangfang,zhangchile,2018-01-16T09:54:21Z
117663558,https://github.com/lus21/middleware,lus21,2018-01-16T09:35:49Z
117663607,https://github.com/lollipop7/small-project,lollipop7,2018-01-16T09:36:16Z
117660490,https://github.com/mikelaubscher/lottoscrambler,mikelaubscher,2018-01-16T09:10:03Z
117659840,https://github.com/wangyonghua/vue-study,wangyonghua,2018-01-16T09:04:21Z
117659443,https://github.com/BrentonCozby/brenton-store,BrentonCozby,2018-01-16T09:00:44Z
117665418,https://github.com/LeiDapeng/create-rw,LeiDapeng,2018-01-16T09:51:28Z
117660094,https://github.com/multiwhs/steem-js,multiwhs,2018-01-16T09:06:34Z
117660138,https://github.com/FremontJoshua/vuejs1,FremontJoshua,2018-01-16T09:06:56Z
117660201,https://github.com/Theo-Drappier/vuejs,Theo-Drappier,2018-01-16T09:07:33Z
117665611,https://github.com/lxmeetlx/day-plug-in,lxmeetlx,2018-01-16T09:53:16Z
117664354,https://github.com/baigazy47/js_group_2-homework_52-baigazy_torobek_uulu,baigazy47,2018-01-16T09:42:26Z
117660620,https://github.com/Gariel96/Order-app,Gariel96,2018-01-16T09:11:16Z
117663409,https://github.com/swaropvishnu/DI,swaropvishnu,2018-01-16T09:34:28Z
117663470,https://github.com/skillaz-landings/renault-rabota,skillaz-landings,2018-01-16T09:35:04Z
117662502,https://github.com/djole1998/better-playlist,djole1998,2018-01-16T09:26:51Z
117665274,https://github.com/devsameerkhan/workflows,devsameerkhan,2018-01-16T09:50:05Z
117665305,https://github.com/MagBal/GitHub-Users-Searcher,MagBal,2018-01-16T09:50:25Z
117665406,https://github.com/Yechuanjie/ECMAScript-6,Yechuanjie,2018-01-16T09:51:23Z
117663139,https://github.com/ramonck/rotecrio,ramonck,2018-01-16T09:32:11Z
117665831,https://github.com/WebDevJL/wittr-c9-with-answers,WebDevJL,2018-01-16T09:55:07Z
117662828,https://github.com/cmarshall10450/week-15-day-1-imdb-react,cmarshall10450,2018-01-16T09:29:32Z
117664117,https://github.com/ReshmaSharma/gatsby-starter-netlify-cms,ReshmaSharma,2018-01-16T09:40:23Z
117665667,https://github.com/starcount/okta-react,starcount,2018-01-16T09:53:48Z
117662796,https://github.com/siscofatima/kindleSqliteExporter,siscofatima,2018-01-16T09:29:15Z
117660790,https://github.com/VaeVae/jslide,VaeVae,2018-01-16T09:12:40Z
117663014,https://github.com/roycrxtw/react-share-api-test,roycrxtw,2018-01-16T09:30:59Z
117661543,https://github.com/fajarainul/si_mesin_inventori,fajarainul,2018-01-16T09:19:07Z
117660397,https://github.com/quicoto/todo,quicoto,2018-01-16T09:09:08Z