37387971,https://github.com/thoughtbot/rss,thoughtbot,2015-06-13T21:10:09Z
37388182,https://github.com/augustt198/upld,augustt198,2015-06-13T21:17:31Z
37387887,https://github.com/XinyueZ/faroo-push,XinyueZ,2015-06-13T21:07:15Z
37388387,https://github.com/josselinauguste/gobowling,josselinauguste,2015-06-13T21:24:19Z
37388829,https://github.com/VonC/ghref,VonC,2015-06-13T21:39:26Z
37389211,https://github.com/LeonB/shiftindicator,LeonB,2015-06-13T21:52:47Z