21781307,https://github.com/Tankpt/Front-End-Resource,Tankpt,2014-07-13T02:31:41Z
21781021,https://github.com/substack/fuzzy-ansi-color,substack,2014-07-13T02:10:53Z
21781461,https://github.com/MrBunny956/profanity-analysis,MrBunny956,2014-07-13T02:42:36Z
21781554,https://github.com/quoideneuf/asapi,quoideneuf,2014-07-13T02:49:55Z
21781230,https://github.com/comradburk/svg-interactive,comradburk,2014-07-13T02:26:09Z
21781046,https://github.com/shawcohn/sb-admin-v1,shawcohn,2014-07-13T02:12:34Z
21781207,https://github.com/benjamin555/ei,benjamin555,2014-07-13T02:23:46Z
21781675,https://github.com/Railsmania/bob,Railsmania,2014-07-13T02:58:41Z
21781210,https://github.com/JingTaiWu/myWebsite,JingTaiWu,2014-07-13T02:24:10Z
21781313,https://github.com/herbadis/Legit-or-quit,herbadis,2014-07-13T02:32:07Z
21781341,https://github.com/jonavargas/ISW,jonavargas,2014-07-13T02:34:13Z
21780982,https://github.com/kishoreror/launcherr,kishoreror,2014-07-13T02:08:39Z
21781041,https://github.com/Michieljoris/denodify-core,Michieljoris,2014-07-13T02:12:25Z
21781059,https://github.com/nathan7/sorted-cmp-array,nathan7,2014-07-13T02:13:37Z
21780999,https://github.com/wilbertom/datamandering,wilbertom,2014-07-13T02:09:22Z
21781088,https://github.com/darrylcousins/django-project,darrylcousins,2014-07-13T02:15:11Z
21780900,https://github.com/govpack/govpack,govpack,2014-07-13T02:03:03Z
21781595,https://github.com/dryajov/grunt-template-store,dryajov,2014-07-13T02:52:43Z
21781580,https://github.com/serkanyersen/notes,serkanyersen,2014-07-13T02:52:00Z
21781343,https://github.com/johntoopublic/authlink,johntoopublic,2014-07-13T02:34:23Z
21781057,https://github.com/maswhitaker/to-do-application,maswhitaker,2014-07-13T02:13:32Z
21781147,https://github.com/bradleybernard/LCSHub,bradleybernard,2014-07-13T02:19:13Z
21781281,https://github.com/BobbyJoeSmith3/Code-Academy,BobbyJoeSmith3,2014-07-13T02:29:42Z
21781375,https://github.com/pohl/pohl.github.io,pohl,2014-07-13T02:36:39Z
21781552,https://github.com/emila-github/learn-express-mongoose-ejs,emila-github,2014-07-13T02:49:51Z
21781539,https://github.com/colenhyt/xiaotudou,colenhyt,2014-07-13T02:48:29Z
21780849,https://github.com/shunnien/TWMVC_workshop_prac,shunnien,2014-07-13T02:00:20Z
21781214,https://github.com/pcgeosl/Team_SpryLithe_govhack2014,pcgeosl,2014-07-13T02:24:39Z
21781097,https://github.com/Atlaspud/RC-Cars,Atlaspud,2014-07-13T02:15:37Z
21781185,https://github.com/AdrianRossouw/widget-markdown,AdrianRossouw,2014-07-13T02:21:53Z
21781471,https://github.com/ddhalpin/sqftpro,ddhalpin,2014-07-13T02:43:18Z
21780918,https://github.com/hybrisCole/mongemadre,hybrisCole,2014-07-13T02:04:28Z