79348214,https://github.com/cijujoseph/activiti-examples,cijujoseph,2017-01-18T14:33:28Z
79347582,https://github.com/damonare/ajax,damonare,2017-01-18T14:26:18Z
79349977,https://github.com/bhaskar-c/django-haystack-elasticsearch,bhaskar-c,2017-01-18T14:51:30Z
79349430,https://github.com/dbs-leipzig/gradoop_demo,dbs-leipzig,2017-01-18T14:45:50Z
79350716,https://github.com/avajs/babel-preset-stage-4,avajs,2017-01-18T14:59:00Z
79350488,https://github.com/hola/jwplayer-hlsjs,hola,2017-01-18T14:56:49Z
79349644,https://github.com/royeeshemesh/react-es6-fsm,royeeshemesh,2017-01-18T14:48:05Z
79345607,https://github.com/DiemenDesign/summernote-image-captionit,DiemenDesign,2017-01-18T14:04:59Z
79346119,https://github.com/jgarber623/devdocs-electron,jgarber623,2017-01-18T14:10:51Z
79349924,https://github.com/CIsMe/paiduiji,CIsMe,2017-01-18T14:50:50Z
79349354,https://github.com/NLeSC/case-law-app,NLeSC,2017-01-18T14:45:03Z
79347518,https://github.com/denops/yreymini,denops,2017-01-18T14:25:31Z
79349382,https://github.com/manucoffin/ResizeJs,manucoffin,2017-01-18T14:45:23Z
79350637,https://github.com/Convicted202/Space-Invaders-RxJS,Convicted202,2017-01-18T14:58:04Z
79346423,https://github.com/danprince/docker-pm2-example,danprince,2017-01-18T14:14:00Z
79350093,https://github.com/elva2596/my-blog,elva2596,2017-01-18T14:52:52Z
79348123,https://github.com/trendmicro-frontend/react-navs,trendmicro-frontend,2017-01-18T14:32:37Z
79350601,https://github.com/doulmi/weapp_alphabeille,doulmi,2017-01-18T14:57:42Z
79346596,https://github.com/SilentByte/opstatic,SilentByte,2017-01-18T14:15:58Z
79348523,https://github.com/MNLaugh/P2,MNLaugh,2017-01-18T14:36:44Z
79350369,https://github.com/reuvenlivn/whiteboard-server,reuvenlivn,2017-01-18T14:55:33Z
79348868,https://github.com/htulpmada/OpenGL-Using-HTML5-and-JavaScript,htulpmada,2017-01-18T14:40:18Z
79349500,https://github.com/fin-hypergrid/fin-hypergrid-css,fin-hypergrid,2017-01-18T14:46:35Z
79345800,https://github.com/Slamakans/discord.js-snippets,Slamakans,2017-01-18T14:07:05Z
79348956,https://github.com/PabloVallejo/js-phoenix-socket,PabloVallejo,2017-01-18T14:41:23Z
79346716,https://github.com/saintograph/arctic-this-week,saintograph,2017-01-18T14:17:14Z
79347152,https://github.com/colbat/heap,colbat,2017-01-18T14:21:38Z
79349854,https://github.com/DiemenDesign/summernote-image-shapes,DiemenDesign,2017-01-18T14:50:02Z
79350090,https://github.com/fonseca-hugo/facelens,fonseca-hugo,2017-01-18T14:52:51Z
79349316,https://github.com/ghstahl/P7,ghstahl,2017-01-18T14:44:43Z
79350266,https://github.com/simonwoerpel/d3-playbooks-riot-components,simonwoerpel,2017-01-18T14:54:34Z
79349765,https://github.com/nnm0167/art_communication,nnm0167,2017-01-18T14:49:02Z
79349882,https://github.com/ledeniqt/Lern-to-make-CMSs,ledeniqt,2017-01-18T14:50:20Z
79347646,https://github.com/xiangzi1226/diannei,xiangzi1226,2017-01-18T14:26:55Z
79347770,https://github.com/dyatesupnorth/mean-shelf,dyatesupnorth,2017-01-18T14:28:13Z
79345317,https://github.com/joabac/salud,joabac,2017-01-18T14:01:35Z
79350669,https://github.com/julianeuman/StemMap,julianeuman,2017-01-18T14:58:27Z
79349339,https://github.com/rosegauthier/fullStack,rosegauthier,2017-01-18T14:44:56Z
79349472,https://github.com/luvram/javascript,luvram,2017-01-18T14:46:10Z
79348236,https://github.com/bailnl/component,bailnl,2017-01-18T14:33:42Z
79348545,https://github.com/touchdownli/amazon_z,touchdownli,2017-01-18T14:37:00Z
79350036,https://github.com/LinFeng1997/freecodecamp,LinFeng1997,2017-01-18T14:52:14Z
79345182,https://github.com/hellemess/261907-keksobooking,hellemess,2017-01-18T14:00:08Z
79346546,https://github.com/phuongdpham/node-todo-api,phuongdpham,2017-01-18T14:15:26Z
79346646,https://github.com/lhas/vue-server-side-rendering-tutorial,lhas,2017-01-18T14:16:28Z
79345330,https://github.com/sppc/module1-solution,sppc,2017-01-18T14:01:42Z
79345484,https://github.com/wittycircle/back-endV2,wittycircle,2017-01-18T14:03:30Z
79346597,https://github.com/minimalist-components/angular-mn-date,minimalist-components,2017-01-18T14:15:58Z
79349642,https://github.com/ronald132/ReactJS-Boilerplate,ronald132,2017-01-18T14:48:04Z
79345627,https://github.com/shisaq/leetcode,shisaq,2017-01-18T14:05:15Z
79349852,https://github.com/bogdancrainicu/OpenShift-JSON-HelloWorld-1,bogdancrainicu,2017-01-18T14:50:01Z
79350012,https://github.com/mengxxSELF/node-service,mengxxSELF,2017-01-18T14:51:55Z
79349997,https://github.com/jonbarks/Coursera-test,jonbarks,2017-01-18T14:51:46Z
79349505,https://github.com/zheksoon/HashSet,zheksoon,2017-01-18T14:46:36Z
79349605,https://github.com/PangPangPangPangPang/little_proj_rate_calculate,PangPangPangPangPang,2017-01-18T14:47:41Z
79348867,https://github.com/Trisky/Mutual,Trisky,2017-01-18T14:40:17Z
79348913,https://github.com/Unnamed454/aurelia-tst,Unnamed454,2017-01-18T14:40:49Z
79347462,https://github.com/huli1234/srw-pixlr,huli1234,2017-01-18T14:24:51Z
79348679,https://github.com/florianb/generator-floston-paradise,florianb,2017-01-18T14:38:22Z
79346429,https://github.com/asmagen/CancerApp,asmagen,2017-01-18T14:14:03Z
79347198,https://github.com/IDgis/GeoDropIn-poc,IDgis,2017-01-18T14:22:10Z
79350092,https://github.com/jkkim74/git_chat,jkkim74,2017-01-18T14:52:52Z
79345435,https://github.com/forCrowd/Labs-RollupJS-InvalidAliasesFix,forCrowd,2017-01-18T14:03:06Z
79345831,https://github.com/chengke/house-history,chengke,2017-01-18T14:07:37Z
79345922,https://github.com/lulul62/Watchdog-ms-madera,lulul62,2017-01-18T14:08:28Z
79346965,https://github.com/jk3a0123/kb141_ADFront,jk3a0123,2017-01-18T14:19:48Z
79349688,https://github.com/arahnik121/lid-pro,arahnik121,2017-01-18T14:48:30Z
79349617,https://github.com/haegis/ReactTodo,haegis,2017-01-18T14:47:51Z
79346103,https://github.com/katherine0325/caidan,katherine0325,2017-01-18T14:10:45Z
79346287,https://github.com/vineetha2438/IoT-tutorial-1484748699094,vineetha2438,2017-01-18T14:12:33Z
79350343,https://github.com/kmiasko/fcc-filemetadata,kmiasko,2017-01-18T14:55:18Z
79348069,https://github.com/vdmchpg/cdp-infra,vdmchpg,2017-01-18T14:31:58Z
79348152,https://github.com/callamwilliams/simple-gulp-imagemin,callamwilliams,2017-01-18T14:32:57Z
79348588,https://github.com/ReachMaine/Crab-Tree-Neck-Cottages,ReachMaine,2017-01-18T14:37:33Z
79347798,https://github.com/aveekdeveloper/visualisationOfBBCtop100Movies,aveekdeveloper,2017-01-18T14:28:41Z
79346741,https://github.com/eroncastro/minicourse-ajax-project,eroncastro,2017-01-18T14:17:29Z
79350578,https://github.com/maral/matchbox,maral,2017-01-18T14:57:32Z
79349124,https://github.com/bjornhenrikzink/fonddata,bjornhenrikzink,2017-01-18T14:42:59Z
79346472,https://github.com/stoan/lobola-calculator,stoan,2017-01-18T14:14:35Z
79350469,https://github.com/seewinds/Udacity-Practice,seewinds,2017-01-18T14:56:42Z
79345956,https://github.com/dmonad/tag-dist-files,dmonad,2017-01-18T14:08:52Z
79348755,https://github.com/PurpleDogEnterprises/Voting-App-with-React-and-Redux-Client-Side-,PurpleDogEnterprises,2017-01-18T14:38:59Z
79347993,https://github.com/RPsingh22/social-networking,RPsingh22,2017-01-18T14:30:55Z
79347011,https://github.com/RodinJS/Rodin-Modules,RodinJS,2017-01-18T14:20:18Z
79350334,https://github.com/songyijian/share,songyijian,2017-01-18T14:55:13Z
79350430,https://github.com/igorbriukhovetskii/248432-kekstagram,igorbriukhovetskii,2017-01-18T14:56:14Z
79347325,https://github.com/purvasingh96/Node-js-basics,purvasingh96,2017-01-18T14:23:30Z
79347490,https://github.com/robinpapa/robinpapa.nl,robinpapa,2017-01-18T14:25:08Z
79346034,https://github.com/limite/Test,limite,2017-01-18T14:09:50Z
79348235,https://github.com/ThienDinh/Polling,ThienDinh,2017-01-18T14:33:41Z
79348384,https://github.com/stupeters187/dataviewer,stupeters187,2017-01-18T14:35:09Z
79348393,https://github.com/praneetsharma/Random-Quote-Generator,praneetsharma,2017-01-18T14:35:16Z
79348730,https://github.com/kentaromiura/astroll,kentaromiura,2017-01-18T14:38:46Z
79346936,https://github.com/muhhsinin/muhhsinin.github.io,muhhsinin,2017-01-18T14:19:29Z
79346769,https://github.com/darwinboaventura/contatooh,darwinboaventura,2017-01-18T14:17:50Z
79349942,https://github.com/nuria-fl/vue-ssr-demo,nuria-fl,2017-01-18T14:51:01Z
79350055,https://github.com/joellegg/caitlin-angular1.6,joellegg,2017-01-18T14:52:30Z
79346405,https://github.com/Alefdayanno/C-Users-Alef-Dayanno-Downloads-WebExemplo,Alefdayanno,2017-01-18T14:13:44Z
79347965,https://github.com/Enokyan/laravel_angularjs1,Enokyan,2017-01-18T14:30:35Z
79349479,https://github.com/kueikuei/ToDo,kueikuei,2017-01-18T14:46:13Z
79346056,https://github.com/Alanf718/Simple-JSON-GraphQL,Alanf718,2017-01-18T14:10:03Z
79348563,https://github.com/Andersama/MockCamera.js,Andersama,2017-01-18T14:37:15Z
79348618,https://github.com/vinfinit/rethinkdb_migration,vinfinit,2017-01-18T14:37:51Z
79345610,https://github.com/lclark070607/classJan18,lclark070607,2017-01-18T14:05:02Z
79347771,https://github.com/explorigin/portfolio,explorigin,2017-01-18T14:28:14Z
79347907,https://github.com/shilpachourasia11/student-system,shilpachourasia11,2017-01-18T14:29:52Z
79345203,https://github.com/ThisIsCaketown/MomentJS_Practice,ThisIsCaketown,2017-01-18T14:00:26Z
79346087,https://github.com/ashleymoogle/react-redux-sample,ashleymoogle,2017-01-18T14:10:27Z
79346184,https://github.com/juliaeliz92/ci_login,juliaeliz92,2017-01-18T14:11:36Z
79348121,https://github.com/allenca/ra-project-01b,allenca,2017-01-18T14:32:37Z
79348717,https://github.com/tldees/ReactWeather,tldees,2017-01-18T14:38:38Z
79350560,https://github.com/dpalominop/ReactJSForFlask,dpalominop,2017-01-18T14:57:25Z
79350610,https://github.com/akase244/GetWild,akase244,2017-01-18T14:57:46Z
79349065,https://github.com/shaynemeyer/modern-react,shaynemeyer,2017-01-18T14:42:27Z
79346805,https://github.com/Antha/old_squaregames,Antha,2017-01-18T14:18:08Z
79350000,https://github.com/uxpaul/bordeaux-entrepreneurs,uxpaul,2017-01-18T14:51:48Z
79346855,https://github.com/mfranco/COMP40010CloudSurvey,mfranco,2017-01-18T14:18:34Z
79346919,https://github.com/loriezn/cart-coins-frontend,loriezn,2017-01-18T14:19:19Z
79349878,https://github.com/petitchevalroux/node-sitemap-parser,petitchevalroux,2017-01-18T14:50:16Z
79345726,https://github.com/rajeshkumarramamurthy/MyFirstBotRR,rajeshkumarramamurthy,2017-01-18T14:06:21Z
79350505,https://github.com/gebot3/Kemakananku,gebot3,2017-01-18T14:56:57Z
79347123,https://github.com/ItsJimi/Simple-Client,ItsJimi,2017-01-18T14:21:24Z
79348397,https://github.com/klemenkenda/rf,klemenkenda,2017-01-18T14:35:19Z
79349272,https://github.com/pratul29/cloudstory,pratul29,2017-01-18T14:44:21Z
79349308,https://github.com/ProgrammedMikey/voting-app-client,ProgrammedMikey,2017-01-18T14:44:40Z
79347574,https://github.com/cmanlh/jquery-component,cmanlh,2017-01-18T14:26:09Z
79348045,https://github.com/Aksnv/pokupo_registration,Aksnv,2017-01-18T14:31:38Z
79349340,https://github.com/antonmc/IoT613,antonmc,2017-01-18T14:44:56Z
79347811,https://github.com/Met4tron/jquery,Met4tron,2017-01-18T14:28:50Z
79345365,https://github.com/Beautblessing/FirstGo,Beautblessing,2017-01-18T14:02:07Z
79347509,https://github.com/Quazag/quan,Quazag,2017-01-18T14:25:25Z
79346241,https://github.com/pourmesomecode/machinelearning-javascript,pourmesomecode,2017-01-18T14:12:09Z
79348938,https://github.com/ricardoahumada/angular-webpack,ricardoahumada,2017-01-18T14:41:12Z
79350402,https://github.com/tkhanna42/CurrentWeatherApp,tkhanna42,2017-01-18T14:55:52Z
79349252,https://github.com/anaymalpani/AnayJS,anaymalpani,2017-01-18T14:44:12Z
79346054,https://github.com/gkucmierz/kvs-sync,gkucmierz,2017-01-18T14:10:02Z
79348340,https://github.com/SudoPlz/ProblematicNavBarExample,SudoPlz,2017-01-18T14:34:37Z
79348768,https://github.com/blaszczakphoto/react-hello-world,blaszczakphoto,2017-01-18T14:39:04Z
79345765,https://github.com/LewisMac/fantasyGameJSTask,LewisMac,2017-01-18T14:06:45Z
79345856,https://github.com/HiThisIsKiki/Perspective,HiThisIsKiki,2017-01-18T14:07:50Z
79347922,https://github.com/calvimor/jsDev-environment,calvimor,2017-01-18T14:30:04Z
79347488,https://github.com/emontzka/vue-cli-sandbox,emontzka,2017-01-18T14:25:07Z
79350452,https://github.com/divya-/nodejs,divya-,2017-01-18T14:56:33Z
79347674,https://github.com/kotori-sonoda/angular-tutorial-sip,kotori-sonoda,2017-01-18T14:27:13Z
79345592,https://github.com/a791847897/travel,a791847897,2017-01-18T14:04:53Z
79349151,https://github.com/Happykiller/ODA_BABY,Happykiller,2017-01-18T14:43:17Z
79347962,https://github.com/tw-sg-maker-night/hey-office-buses,tw-sg-maker-night,2017-01-18T14:30:34Z
79346036,https://github.com/lwakefield/vue-test,lwakefield,2017-01-18T14:09:51Z
79346042,https://github.com/bbrangeo/spliced-commerce,bbrangeo,2017-01-18T14:09:55Z
79348163,https://github.com/oserdale/Dale-repository,oserdale,2017-01-18T14:33:05Z
79348583,https://github.com/joelgombin/chronique_siren,joelgombin,2017-01-18T14:37:29Z
79347294,https://github.com/davidwalker2235/BouncedNodeServer,davidwalker2235,2017-01-18T14:23:07Z
79346830,https://github.com/kubarom/Public,kubarom,2017-01-18T14:18:22Z
79346991,https://github.com/rveciana/d3-label,rveciana,2017-01-18T14:20:08Z
79349114,https://github.com/jirki/Test,jirki,2017-01-18T14:42:52Z
79347942,https://github.com/glauroqj/scup-front-end,glauroqj,2017-01-18T14:30:18Z
79350342,https://github.com/qingxue0606/button-moblie,qingxue0606,2017-01-18T14:55:18Z
79347427,https://github.com/herber/new-port-cli,herber,2017-01-18T14:24:24Z
79346186,https://github.com/PaladhiDinesh/Dominion-Hack-Data-Visualization-of-Hampton-Roads,PaladhiDinesh,2017-01-18T14:11:37Z
79348155,https://github.com/YvesCharvis/Tri-Tab-JS,YvesCharvis,2017-01-18T14:33:01Z
79350002,https://github.com/mayurthakor/javascript-core,mayurthakor,2017-01-18T14:51:50Z
79350350,https://github.com/Mikel45/node-todo-api,Mikel45,2017-01-18T14:55:23Z
79346096,https://github.com/noah-wisch/ES6,noah-wisch,2017-01-18T14:10:33Z
79348386,https://github.com/mostachowski/galery,mostachowski,2017-01-18T14:35:09Z
79348506,https://github.com/youshujie/Timer,youshujie,2017-01-18T14:36:35Z
79346727,https://github.com/Cobra0107/bipsunreact,Cobra0107,2017-01-18T14:17:19Z
79347558,https://github.com/medlend/IVStoreFront,medlend,2017-01-18T14:25:52Z
79347022,https://github.com/shcyiza/ibuku,shcyiza,2017-01-18T14:20:29Z
79347023,https://github.com/matswainson/screen-info-js,matswainson,2017-01-18T14:20:29Z
79347232,https://github.com/Vovke/node-telegram-bot-seed,Vovke,2017-01-18T14:22:31Z
79347240,https://github.com/restcristian/TimeLineHelper,restcristian,2017-01-18T14:22:36Z
79347312,https://github.com/festerx/COMP40010CloudSurvey,festerx,2017-01-18T14:23:18Z
79347514,https://github.com/sashberd/homework,sashberd,2017-01-18T14:25:27Z
79346017,https://github.com/bdawie/message,bdawie,2017-01-18T14:09:40Z
79348262,https://github.com/NCZkevin/vjudge-group-rank,NCZkevin,2017-01-18T14:33:50Z
79348307,https://github.com/geekidentity/justdoit,geekidentity,2017-01-18T14:34:14Z
79348373,https://github.com/zimmat/meteorTutorial,zimmat,2017-01-18T14:34:57Z
79348457,https://github.com/tomiloza/nomad-consul-presentation,tomiloza,2017-01-18T14:36:02Z
79349629,https://github.com/GitHub-Frontend/homework_15-16_js,GitHub-Frontend,2017-01-18T14:47:57Z
79347865,https://github.com/yashsharma04/Student,yashsharma04,2017-01-18T14:29:22Z
79346463,https://github.com/majacar/Social-Network,majacar,2017-01-18T14:14:29Z