206925147,https://github.com/mayneyao/gatsby-source-notion-database,mayneyao,2019-09-07T06:17:56Z
206927317,https://github.com/tonlabs/ton-dev-cli,tonlabs,2019-09-07T06:39:32Z
206923937,https://github.com/UlisesGascon/tor-detect-middleware,UlisesGascon,2019-09-07T06:05:44Z
206926268,https://github.com/xusenlin/MaterialUiAdmin,xusenlin,2019-09-07T06:29:46Z
206928261,https://github.com/airingursb/react-markdown,airingursb,2019-09-07T06:48:53Z
206923428,https://github.com/ovejorgensen/ovejorgensen.github.io,ovejorgensen,2019-09-07T06:00:38Z
206925862,https://github.com/kamerk22/rn_guess_a_number_app,kamerk22,2019-09-07T06:25:36Z
206927175,https://github.com/alifarhan1230/Restfull-Api,alifarhan1230,2019-09-07T06:38:17Z
206928478,https://github.com/Andreas-Sujono/Testing,Andreas-Sujono,2019-09-07T06:51:00Z
206927524,https://github.com/tranttommy/koa-practice,tranttommy,2019-09-07T06:41:40Z
206927426,https://github.com/janakhpon/reactnative-collection,janakhpon,2019-09-07T06:40:41Z
206926427,https://github.com/gabrielcon6/tic-tac-toe,gabrielcon6,2019-09-07T06:31:16Z
206924060,https://github.com/alino20/layer-viewer,alino20,2019-09-07T06:06:53Z
206925793,https://github.com/cendekia/rasa-chatter,cendekia,2019-09-07T06:24:56Z
206925477,https://github.com/syed-sameer1/github-clone,syed-sameer1,2019-09-07T06:21:24Z
206923775,https://github.com/carbongo/kcd-watches,carbongo,2019-09-07T06:04:08Z
206924506,https://github.com/ntdcodervn/Smart-Class-IOT-Server,ntdcodervn,2019-09-07T06:11:22Z
206923650,https://github.com/umbrella22/WebpackLearnOfVue,umbrella22,2019-09-07T06:02:47Z
206923925,https://github.com/thepinetree/lensflare,thepinetree,2019-09-07T06:05:33Z
206925902,https://github.com/sreesairaghava/weather-app-new,sreesairaghava,2019-09-07T06:25:54Z
206926150,https://github.com/IamBani/nodesocket,IamBani,2019-09-07T06:28:39Z
206928542,https://github.com/mayank8aug/Posts,mayank8aug,2019-09-07T06:51:53Z
206925614,https://github.com/RocktimRajkumar/Electron-ShoppingList,RocktimRajkumar,2019-09-07T06:23:01Z
206925764,https://github.com/bhartishah/ANGRY-BIRD-GAME1,bhartishah,2019-09-07T06:24:38Z
206925963,https://github.com/anariak/random,anariak,2019-09-07T06:26:37Z
206926580,https://github.com/SasinduSanka/Health,SasinduSanka,2019-09-07T06:32:48Z
206925168,https://github.com/myGitAcc933/Responsive-Website-,myGitAcc933,2019-09-07T06:18:16Z
206924681,https://github.com/zirri/academy-js19,zirri,2019-09-07T06:13:08Z
206924302,https://github.com/leegeunhyeok/generator-example,leegeunhyeok,2019-09-07T06:09:30Z
206924114,https://github.com/hamzaouazzi/crwn-clothing,hamzaouazzi,2019-09-07T06:07:29Z
206929033,https://github.com/abhilash4252/enginner_ai_react_assignemet,abhilash4252,2019-09-07T06:56:52Z
206925412,https://github.com/subhasis2020/webapiOauth,subhasis2020,2019-09-07T06:20:49Z
206926866,https://github.com/AbhayPai/cross-browser-js,AbhayPai,2019-09-07T06:35:24Z
206926965,https://github.com/devopstechguru/docker-demo,devopstechguru,2019-09-07T06:36:28Z
206926233,https://github.com/Adeeba-Fatima/allmicroservices,Adeeba-Fatima,2019-09-07T06:29:28Z
206926386,https://github.com/Maissacrement/aws-node,Maissacrement,2019-09-07T06:30:52Z
206924107,https://github.com/hpatelgmailcom/rn-seed,hpatelgmailcom,2019-09-07T06:07:22Z
206926068,https://github.com/void-fornax/Logic-website,void-fornax,2019-09-07T06:27:45Z
206924180,https://github.com/gabrielhirakawa/interface-facebook-reactjs,gabrielhirakawa,2019-09-07T06:08:11Z
206926581,https://github.com/zyyx-yokoyama/sample-express,zyyx-yokoyama,2019-09-07T06:32:48Z
206925342,https://github.com/proxifly/proxifly,proxifly,2019-09-07T06:20:09Z
206927676,https://github.com/mayurdg93/mg5435.github.io,mayurdg93,2019-09-07T06:43:23Z
206924985,https://github.com/eduardo-exists/eduardo-wtf,eduardo-exists,2019-09-07T06:15:57Z
206924739,https://github.com/sree2chin/git-learn,sree2chin,2019-09-07T06:13:48Z
206924083,https://github.com/Surbhiairan/demo-app-joybird,Surbhiairan,2019-09-07T06:07:10Z
206927438,https://github.com/senavarro/jQuery_DOM_and_text_exercises,senavarro,2019-09-07T06:40:47Z
206927961,https://github.com/Tristanw3/seifx-tic-tac-toe,Tristanw3,2019-09-07T06:46:09Z
206925899,https://github.com/kim0ssun/toto-love,kim0ssun,2019-09-07T06:25:52Z
206924519,https://github.com/adekanyetomie/tomi.peexoo.github.io,adekanyetomie,2019-09-07T06:11:29Z
206927087,https://github.com/Viktor2350/goit-react-hw-01-components,Viktor2350,2019-09-07T06:37:29Z
206928063,https://github.com/sulbha29/ananyatest,sulbha29,2019-09-07T06:47:16Z
206925557,https://github.com/kiri-tavaga/coDirect,kiri-tavaga,2019-09-07T06:22:23Z
206926304,https://github.com/BhavanaVanjani/ReactNative-Coursera,BhavanaVanjani,2019-09-07T06:30:05Z
206928544,https://github.com/jokingzhang/demos-category,jokingzhang,2019-09-07T06:51:54Z
206928730,https://github.com/toddmcneill/reverse-polish,toddmcneill,2019-09-07T06:54:09Z
206926701,https://github.com/aravindanvenkataraju/react,aravindanvenkataraju,2019-09-07T06:33:45Z
206929326,https://github.com/akiakiakiakiakiakiaki/tutorial_0907,akiakiakiakiakiakiaki,2019-09-07T06:59:29Z
206928756,https://github.com/davelorino/campsite-marketplace-frontend,davelorino,2019-09-07T06:54:24Z
206927541,https://github.com/EzioW/seraph-release,EzioW,2019-09-07T06:41:54Z
206924270,https://github.com/nitin-1926/React-Practice,nitin-1926,2019-09-07T06:09:07Z
206923792,https://github.com/cangSDARM/Mini-Program-Taro-Init,cangSDARM,2019-09-07T06:04:18Z
206923433,https://github.com/AbdulrhmnGhanem/streams,AbdulrhmnGhanem,2019-09-07T06:00:39Z
206927730,https://github.com/dadur604/FirefoxManualScrobbler,dadur604,2019-09-07T06:43:52Z
206929337,https://github.com/mrmcmaxify/tutorial,mrmcmaxify,2019-09-07T06:59:34Z
206925546,https://github.com/super-lin0/webpack-study,super-lin0,2019-09-07T06:22:14Z
206926026,https://github.com/prabhatkadam18/React-Practice,prabhatkadam18,2019-09-07T06:27:19Z
206929000,https://github.com/ronak0624/GIFTastic,ronak0624,2019-09-07T06:56:39Z
206927965,https://github.com/rasa7585/vas-y,rasa7585,2019-09-07T06:46:10Z
206927633,https://github.com/JanKaczmarkiewicz/timer-api,JanKaczmarkiewicz,2019-09-07T06:42:57Z
206926162,https://github.com/vdvishal/reactV4,vdvishal,2019-09-07T06:28:45Z
206927299,https://github.com/winner95725/restraunt-frontend-react,winner95725,2019-09-07T06:39:22Z
206923437,https://github.com/simply-hollow/simran-digital-seva,simply-hollow,2019-09-07T06:00:41Z
206924768,https://github.com/hodacthuan/nodejs-redis-example,hodacthuan,2019-09-07T06:13:59Z
206925708,https://github.com/Densitty/note-maker,Densitty,2019-09-07T06:24:02Z
206924099,https://github.com/sagar-pardhi/newsapi,sagar-pardhi,2019-09-07T06:07:19Z
206924157,https://github.com/lamsingyip/Local-Weather-Six-Hour-Forecast.,lamsingyip,2019-09-07T06:07:58Z
206923636,https://github.com/wangchengjiang6666/AfterServe,wangchengjiang6666,2019-09-07T06:02:36Z
206926677,https://github.com/jacypne/jacypne.github.io,jacypne,2019-09-07T06:33:37Z
206928421,https://github.com/qilin1995717/hmk,qilin1995717,2019-09-07T06:50:26Z
206925800,https://github.com/pankaj-06/Social-Notes01,pankaj-06,2019-09-07T06:24:59Z
206928594,https://github.com/szalajm/szalajm.github.io,szalajm,2019-09-07T06:52:33Z
206925389,https://github.com/oyewoas/hwapi,oyewoas,2019-09-07T06:20:33Z
206927996,https://github.com/EzioW/seraph-eslint,EzioW,2019-09-07T06:46:35Z
206927742,https://github.com/david8388/Vue-Dashboard,david8388,2019-09-07T06:44:01Z
206924339,https://github.com/trslater/x-tic-tac-toe-api,trslater,2019-09-07T06:09:49Z
206923896,https://github.com/StarInternship/FullTextSearch-Elastic,StarInternship,2019-09-07T06:05:16Z
206924959,https://github.com/manuelmr96/Employees-Meetings,manuelmr96,2019-09-07T06:15:46Z
206925210,https://github.com/IlyaShutov/Homework-11-,IlyaShutov,2019-09-07T06:18:44Z
206926993,https://github.com/silica67sdm/learn-express,silica67sdm,2019-09-07T06:36:41Z
206926674,https://github.com/DrizzleWorm/MyLife,DrizzleWorm,2019-09-07T06:33:35Z
206929269,https://github.com/dohyekim/nodejsPrac,dohyekim,2019-09-07T06:59:04Z
206925130,https://github.com/jameszou707/JZPagination,jameszou707,2019-09-07T06:17:47Z
206927817,https://github.com/TsukasaGR/wysiwyg-sample,TsukasaGR,2019-09-07T06:44:47Z
206925594,https://github.com/annatham/GifTastic,annatham,2019-09-07T06:22:48Z
206925340,https://github.com/Smacricket/Vue-,Smacricket,2019-09-07T06:20:06Z
206927517,https://github.com/XianRenJia/leyanbao1,XianRenJia,2019-09-07T06:41:35Z
206924296,https://github.com/dalalRohit/chat-application-react-redux-try,dalalRohit,2019-09-07T06:09:25Z
206926458,https://github.com/Kyounghwan01/meetup,Kyounghwan01,2019-09-07T06:31:39Z
206923625,https://github.com/arjavjain59998/Hacktober-2K19-replacement,arjavjain59998,2019-09-07T06:02:28Z
206927057,https://github.com/davetayls/gatsby-netlify-cms,davetayls,2019-09-07T06:37:14Z
206926187,https://github.com/Soaib007/TestForPartialView,Soaib007,2019-09-07T06:29:03Z
206925560,https://github.com/GoodGuy1124/Vue-resume,GoodGuy1124,2019-09-07T06:22:25Z
206923889,https://github.com/shynnhuy/mern,shynnhuy,2019-09-07T06:05:13Z
206924115,https://github.com/KineticFanatic/counter-app,KineticFanatic,2019-09-07T06:07:30Z
206926031,https://github.com/liulei3/babasport,liulei3,2019-09-07T06:27:23Z
206928584,https://github.com/neil-zammit/salary_calculator,neil-zammit,2019-09-07T06:52:26Z
206926706,https://github.com/milgor931/Picture-Change-Bookmarklet,milgor931,2019-09-07T06:33:49Z
206926452,https://github.com/SasinduSanka/Fit,SasinduSanka,2019-09-07T06:31:34Z
206928824,https://github.com/tonkunz/gobarber,tonkunz,2019-09-07T06:54:57Z
206925221,https://github.com/victor-marks/lights-out,victor-marks,2019-09-07T06:18:50Z
206927947,https://github.com/DarshanK777/node-weather-website,DarshanK777,2019-09-07T06:45:58Z
206928453,https://github.com/yingkun1/Travel,yingkun1,2019-09-07T06:50:47Z
206925475,https://github.com/mamilla11/smart-device,mamilla11,2019-09-07T06:21:23Z
206924197,https://github.com/chenchingk/2019AAclasswork,chenchingk,2019-09-07T06:08:22Z
206923480,https://github.com/rocmeseguer/classpip-services,rocmeseguer,2019-09-07T06:01:05Z
206923986,https://github.com/sailorsben/OracleDBSQLGenerator,sailorsben,2019-09-07T06:06:15Z
206923717,https://github.com/arund21/DMS_Product_Backend,arund21,2019-09-07T06:03:31Z
206924661,https://github.com/devnow8/what-todo,devnow8,2019-09-07T06:12:54Z
206924305,https://github.com/Rahul-98765/app-rahul,Rahul-98765,2019-09-07T06:09:31Z
206925688,https://github.com/BhavinShiroya/React-native,BhavinShiroya,2019-09-07T06:23:50Z
206923681,https://github.com/swopnil/String-Project,swopnil,2019-09-07T06:03:04Z
206928632,https://github.com/JangirSumit/aiir,JangirSumit,2019-09-07T06:52:54Z
206924930,https://github.com/1947361973/wx_case,1947361973,2019-09-07T06:15:27Z
206923380,https://github.com/andymuniz/portfolio-site,andymuniz,2019-09-07T06:00:08Z
206923516,https://github.com/serstyle/multi-container-project-learn,serstyle,2019-09-07T06:01:25Z
206926782,https://github.com/brolag/taller-rxjs-starter,brolag,2019-09-07T06:34:35Z
206928202,https://github.com/santoshSrinivasa/react-jqhnjd,santoshSrinivasa,2019-09-07T06:48:23Z
206925871,https://github.com/arindamxd/quotes-api,arindamxd,2019-09-07T06:25:38Z
206924918,https://github.com/glhc/todo,glhc,2019-09-07T06:15:22Z
206925564,https://github.com/prince737/eps-ui,prince737,2019-09-07T06:22:28Z
206926055,https://github.com/isdaniel/ItHelp_MVC_10th,isdaniel,2019-09-07T06:27:32Z
206923452,https://github.com/thejoaov/bootcamp-modulo7,thejoaov,2019-09-07T06:00:47Z
206923992,https://github.com/duckets615/Udemi_React,duckets615,2019-09-07T06:06:17Z
206927993,https://github.com/forderation/mern-skeleton,forderation,2019-09-07T06:46:33Z
206926131,https://github.com/LuMC9/mvc,LuMC9,2019-09-07T06:28:25Z
206928446,https://github.com/sigitgirianto/ocatelkom,sigitgirianto,2019-09-07T06:50:45Z
206924567,https://github.com/angelapwen/playmate,angelapwen,2019-09-07T06:12:01Z
206924769,https://github.com/mahdiehjam/Education-Portal-Project,mahdiehjam,2019-09-07T06:13:59Z
206926232,https://github.com/pavellukin/text-x,pavellukin,2019-09-07T06:29:28Z
206926409,https://github.com/enavid/toDo,enavid,2019-09-07T06:31:09Z
206929244,https://github.com/stephenbear/MyGithubPage,stephenbear,2019-09-07T06:58:50Z
206927889,https://github.com/ivinaypathak/ivinaypathak.github.io,ivinaypathak,2019-09-07T06:45:25Z
206924587,https://github.com/PauloMilk/apiCrushApp,PauloMilk,2019-09-07T06:12:13Z
206924604,https://github.com/Fastuz/home_work_5,Fastuz,2019-09-07T06:12:22Z
206926246,https://github.com/allendaicool/nodeJSReact,allendaicool,2019-09-07T06:29:36Z
206928551,https://github.com/SGarcia710/cooking-recipes-app,SGarcia710,2019-09-07T06:51:56Z
206929052,https://github.com/radenadri/crwn-clothing-react-lesson,radenadri,2019-09-07T06:57:04Z
206926460,https://github.com/sujiv/simple-20190907062854377,sujiv,2019-09-07T06:31:40Z
206927900,https://github.com/abduttawab/react-ecommerceapp,abduttawab,2019-09-07T06:45:30Z
206928180,https://github.com/vothanhdanhbk/GPS-GSM-Luan-Van-Tot-Nghiep,vothanhdanhbk,2019-09-07T06:48:11Z
206925518,https://github.com/utf-x/gatsby-test,utf-x,2019-09-07T06:21:53Z
206928699,https://github.com/solodov-dev/odin-js-tdd,solodov-dev,2019-09-07T06:53:51Z
206928124,https://github.com/gaoljhy/vscode-extension,gaoljhy,2019-09-07T06:47:44Z
206928538,https://github.com/675076143/ReactAdmin,675076143,2019-09-07T06:51:50Z
206928940,https://github.com/krishanathep/E-ducument-system,krishanathep,2019-09-07T06:56:03Z
206929118,https://github.com/davelorino/campsite-react-frontend,davelorino,2019-09-07T06:57:42Z
206925488,https://github.com/JayModo/fake-blogger,JayModo,2019-09-07T06:21:31Z
206926076,https://github.com/niel2913/C25,niel2913,2019-09-07T06:27:55Z
206927331,https://github.com/JasperTechnologies/jasper-web,JasperTechnologies,2019-09-07T06:39:41Z
206926154,https://github.com/Na-Nazhou/express-react-postgres,Na-Nazhou,2019-09-07T06:28:40Z
206927705,https://github.com/minas528/minas,minas528,2019-09-07T06:43:42Z
206925287,https://github.com/juanjomcw/Botbot,juanjomcw,2019-09-07T06:19:28Z
206928787,https://github.com/tylermalin/tylersblog,tylermalin,2019-09-07T06:54:41Z
206927811,https://github.com/parthibankrpa/js-works,parthibankrpa,2019-09-07T06:44:45Z
206926289,https://github.com/ProjectBackupRahul/BLE_Mesh,ProjectBackupRahul,2019-09-07T06:29:57Z
206928573,https://github.com/dharmeshpipariya/dharmeshpipariya.github.io,dharmeshpipariya,2019-09-07T06:52:15Z
206924271,https://github.com/RajeshVerma7/Test_commits,RajeshVerma7,2019-09-07T06:09:08Z
206924278,https://github.com/li1137131459/cms,li1137131459,2019-09-07T06:09:11Z
206926608,https://github.com/s-projects18/pwa-test,s-projects18,2019-09-07T06:33:02Z
206925148,https://github.com/WEBLYP/shanghaiSchool,WEBLYP,2019-09-07T06:17:57Z
206924931,https://github.com/vodemka/cwp-labs,vodemka,2019-09-07T06:15:28Z
206923728,https://github.com/Say-hi/w-xmini-shufa,Say-hi,2019-09-07T06:03:40Z
206928297,https://github.com/woo13244/Chess,woo13244,2019-09-07T06:49:11Z
206924285,https://github.com/Luiserebii/coinbase-commerce-meme,Luiserebii,2019-09-07T06:09:17Z
206924015,https://github.com/Anonymous-Web-Cloud-Service/Django,Anonymous-Web-Cloud-Service,2019-09-07T06:06:31Z
206923660,https://github.com/sajidhasan/react-node-gitAPI,sajidhasan,2019-09-07T06:02:54Z
206924759,https://github.com/lamsingyip/Flashcards-,lamsingyip,2019-09-07T06:13:55Z
206928593,https://github.com/jlbellorin/yahtzee,jlbellorin,2019-09-07T06:52:32Z
206928643,https://github.com/fryn3/Wall,fryn3,2019-09-07T06:53:00Z
206924975,https://github.com/nugurejeil/movie_app_2019,nugurejeil,2019-09-07T06:15:52Z
206924977,https://github.com/Antlers0/Antlers0.github.io,Antlers0,2019-09-07T06:15:53Z
206928878,https://github.com/Dingcy/react-webpack-demo,Dingcy,2019-09-07T06:55:26Z
206928373,https://github.com/MrDanielfo/CN-ClientTwo,MrDanielfo,2019-09-07T06:50:01Z
206928473,https://github.com/guoweixin/ssm-,guoweixin,2019-09-07T06:50:57Z
206924828,https://github.com/ccarr115/JavaScript-and-DOM-Manipulation,ccarr115,2019-09-07T06:14:23Z
206927205,https://github.com/jiko797torayo/react-hooks-101,jiko797torayo,2019-09-07T06:38:32Z
206927569,https://github.com/HDD0207/H5xuexi,HDD0207,2019-09-07T06:42:13Z
206928419,https://github.com/Moayad93/wdi-fundamentals-memorygame,Moayad93,2019-09-07T06:50:25Z
206924881,https://github.com/Ruckaiya/madeinbd,Ruckaiya,2019-09-07T06:15:01Z
206928007,https://github.com/HitorideStudio/final,HitorideStudio,2019-09-07T06:46:38Z
206926864,https://github.com/ryuntalan/twitch---react-app,ryuntalan,2019-09-07T06:35:22Z
206926774,https://github.com/khmelka/skiApp-frontend,khmelka,2019-09-07T06:34:29Z
206928165,https://github.com/yaoyaoahhh/item-collection,yaoyaoahhh,2019-09-07T06:48:05Z
206927774,https://github.com/bnair2001/easyQ,bnair2001,2019-09-07T06:44:17Z