224499520,https://github.com/droidwiki/mediawiki-extensions-AcceleratedMobilePages,droidwiki,2019-11-27T19:07:43Z
224502279,https://github.com/fsclaro/blackbird,fsclaro,2019-11-27T19:24:52Z
224497486,https://github.com/lluiscamino/fast-cache,lluiscamino,2019-11-27T18:55:21Z
224490641,https://github.com/jrodas4044/birdboard,jrodas4044,2019-11-27T18:12:54Z
224506948,https://github.com/sagor-mollik/Automated-School-Management-System,sagor-mollik,2019-11-27T19:55:12Z
224503749,https://github.com/diegoaceneves/git4sysadmin.lw,diegoaceneves,2019-11-27T19:34:35Z
224500708,https://github.com/riponahmed2201/laravel-blog-system-5.6,riponahmed2201,2019-11-27T19:15:01Z
224496560,https://github.com/driftphp/twig-bundle,driftphp,2019-11-27T18:49:42Z
224493327,https://github.com/Blacr7/SpaTemplate,Blacr7,2019-11-27T18:29:42Z
224507616,https://github.com/the-canopus/datatables-module,the-canopus,2019-11-27T19:59:30Z
224492985,https://github.com/irina-dmitrievna/toys,irina-dmitrievna,2019-11-27T18:27:34Z
224507089,https://github.com/GordanaP/LaraBlog,GordanaP,2019-11-27T19:56:12Z
224490752,https://github.com/dansleboby/ubity-sdk-php,dansleboby,2019-11-27T18:13:30Z
224501821,https://github.com/gacon97/dbbtl,gacon97,2019-11-27T19:22:09Z
224498094,https://github.com/TatyanaMolchanova/php_from_webformyself_on_udemy,TatyanaMolchanova,2019-11-27T18:59:06Z
224497217,https://github.com/deekayen/ISACware,deekayen,2019-11-27T18:53:40Z
224502412,https://github.com/cuden-git/Rose-Ankh-Publishing,cuden-git,2019-11-27T19:25:52Z
224498020,https://github.com/mikechip/mafia-game-vk,mikechip,2019-11-27T18:58:37Z
224494117,https://github.com/deekayen/unclog,deekayen,2019-11-27T18:34:36Z
224492987,https://github.com/tsamuel1289/crud1,tsamuel1289,2019-11-27T18:27:35Z
224501784,https://github.com/luizschmitt/php-http,luizschmitt,2019-11-27T19:21:54Z
224502465,https://github.com/Roman-Sapozhnikov/bitrix-memcached,Roman-Sapozhnikov,2019-11-27T19:26:11Z
224497514,https://github.com/Roman-Sapozhnikov/bitrix-reduce-migrations,Roman-Sapozhnikov,2019-11-27T18:55:33Z
224502883,https://github.com/Roman-Sapozhnikov/ylab.likes,Roman-Sapozhnikov,2019-11-27T19:28:56Z
224504677,https://github.com/FilipBaravi/Stream-Project,FilipBaravi,2019-11-27T19:40:21Z
224506555,https://github.com/skyBodrik/clickInterviewTask,skyBodrik,2019-11-27T19:52:35Z
224500102,https://github.com/lSwarml/Test3,lSwarml,2019-11-27T19:11:12Z
224499549,https://github.com/begemot1k/server,begemot1k,2019-11-27T19:07:55Z
224488659,https://github.com/CristianDago/Espacio-Comun-Chile,CristianDago,2019-11-27T18:00:05Z
224489723,https://github.com/princeahmed/wp-popup,princeahmed,2019-11-27T18:07:15Z
224492711,https://github.com/ISCLuisRamirez/AlmacenERP,ISCLuisRamirez,2019-11-27T18:25:50Z
224495048,https://github.com/arighifari/projectwad,arighifari,2019-11-27T18:40:23Z
224503506,https://github.com/miguelvelandia/proyectobackend,miguelvelandia,2019-11-27T19:33:06Z
224501815,https://github.com/pritpalsk/Hospital,pritpalsk,2019-11-27T19:22:07Z
224507396,https://github.com/MariaDelgado93/NVL-PHP-FICHEROS-2,MariaDelgado93,2019-11-27T19:58:16Z
224499104,https://github.com/AlexeyDokuchaev/BanzaiGames,AlexeyDokuchaev,2019-11-27T19:05:15Z
224498370,https://github.com/DVJBlack/laravel_test1,DVJBlack,2019-11-27T19:00:48Z
224502260,https://github.com/pkajan/MagnetDL-RSS,pkajan,2019-11-27T19:24:46Z
224504701,https://github.com/jasonshillingford/websocketdemo,jasonshillingford,2019-11-27T19:40:29Z
224502905,https://github.com/GPrevisto/Laravel,GPrevisto,2019-11-27T19:29:07Z
224498786,https://github.com/jimmynetor3/Ben-je-boos-c85a9277,jimmynetor3,2019-11-27T19:03:15Z
224489323,https://github.com/j-p-t/wordpress-theme-1,j-p-t,2019-11-27T18:04:20Z
224501082,https://github.com/yash7690/magento2-routing-samplemodule,yash7690,2019-11-27T19:17:33Z
224496476,https://github.com/Roman-Sapozhnikov/bitrix-module-migrations,Roman-Sapozhnikov,2019-11-27T18:49:13Z
224504968,https://github.com/FilipBaravi/Tourist-Website,FilipBaravi,2019-11-27T19:42:30Z
224497146,https://github.com/MattFranq/tutorials,MattFranq,2019-11-27T18:53:14Z
224492498,https://github.com/ryu-ji0130/laravel03_kadai.php,ryu-ji0130,2019-11-27T18:24:23Z
224493800,https://github.com/uchihaslowx/Balonscore,uchihaslowx,2019-11-27T18:32:38Z
224504136,https://github.com/chiptu/Autocool,chiptu,2019-11-27T19:37:01Z
224499301,https://github.com/melissacabral/image-app-1119,melissacabral,2019-11-27T19:06:26Z
224493698,https://github.com/pyxis-software/jrnetPHP,pyxis-software,2019-11-27T18:31:59Z
224489710,https://github.com/faroukchtioui/projetweb,faroukchtioui,2019-11-27T18:07:10Z
224489018,https://github.com/omarelloumi/web,omarelloumi,2019-11-27T18:02:23Z
224498624,https://github.com/leosantosp/modal-without-bootstrap,leosantosp,2019-11-27T19:02:22Z
224494270,https://github.com/kuzovkov/machine1,kuzovkov,2019-11-27T18:35:41Z
224493987,https://github.com/franckysolo/laravel-configuration,franckysolo,2019-11-27T18:33:47Z
224505059,https://github.com/jonte254/WordPress-2019,jonte254,2019-11-27T19:43:03Z
224501166,https://github.com/valentesolucoes/docker-lamp,valentesolucoes,2019-11-27T19:17:58Z
224498506,https://github.com/MariaDelgado93/NVL-PHP-FICHEROS-1,MariaDelgado93,2019-11-27T19:01:40Z
224502124,https://github.com/sebdemaria/ecomlaravel,sebdemaria,2019-11-27T19:23:58Z
224506684,https://github.com/FloWebDev/api-framework,FloWebDev,2019-11-27T19:53:20Z
224503117,https://github.com/emlycool/IP-ADRR-LOCATON,emlycool,2019-11-27T19:30:36Z
224504759,https://github.com/adriR97/aprendendoPhp,adriR97,2019-11-27T19:40:58Z
224496971,https://github.com/deekayen/Lame-O-Nickometer,deekayen,2019-11-27T18:52:13Z
224489067,https://github.com/vitormarini/cnab_exportador240_400,vitormarini,2019-11-27T18:02:45Z
224489667,https://github.com/jerry-sihombing/sihombing--jerry--techtask-201910,jerry-sihombing,2019-11-27T18:06:49Z
224496365,https://github.com/roberto-santos-yela/passwords,roberto-santos-yela,2019-11-27T18:48:31Z
224507564,https://github.com/codepxl/veseys-pimgento2,codepxl,2019-11-27T19:59:13Z
224507581,https://github.com/daanilosilvaa/cursophp7-dao,daanilosilvaa,2019-11-27T19:59:17Z
224489228,https://github.com/Tharlei/modulo-marketplace,Tharlei,2019-11-27T18:03:46Z
224498494,https://github.com/yogeshmagento/magento2,yogeshmagento,2019-11-27T19:01:36Z
224501737,https://github.com/MiqueiasBelarmino/TaskListRest,MiqueiasBelarmino,2019-11-27T19:21:38Z
224496493,https://github.com/Ximmi/PaginasPR,Ximmi,2019-11-27T18:49:20Z
224498235,https://github.com/suparerk/first-laravel-laracasts,suparerk,2019-11-27T19:00:02Z
224497541,https://github.com/kellegous/grpc-21321,kellegous,2019-11-27T18:55:43Z
224490171,https://github.com/teamnxgit/gceal,teamnxgit,2019-11-27T18:09:48Z
224498424,https://github.com/bunkua/Brain-Games-PHP,bunkua,2019-11-27T19:01:07Z
224489105,https://github.com/CROS17/reporte,CROS17,2019-11-27T18:03:01Z
224489356,https://github.com/ex3mlyfab/habibah,ex3mlyfab,2019-11-27T18:04:32Z
224502451,https://github.com/SaiDevOpsFaculty/saidynamodb,SaiDevOpsFaculty,2019-11-27T19:26:05Z
224503785,https://github.com/idiosyncratic-code/http-exceptions,idiosyncratic-code,2019-11-27T19:34:48Z
224493292,https://github.com/mateusrp44/PHP-Laravel,mateusrp44,2019-11-27T18:29:34Z
224497046,https://github.com/deekayen/AOL-TOC,deekayen,2019-11-27T18:52:41Z
224491672,https://github.com/BethanyWorld/KoofaDesign,BethanyWorld,2019-11-27T18:19:13Z
224502975,https://github.com/im-noob/WebScraperGoldCalculator,im-noob,2019-11-27T19:29:37Z
224489367,https://github.com/theEmelie/ramverk1-modul,theEmelie,2019-11-27T18:04:34Z
224496577,https://github.com/deekayen/nits,deekayen,2019-11-27T18:49:47Z
224498563,https://github.com/deekayen/myBackware,deekayen,2019-11-27T19:02:06Z
224496225,https://github.com/deekayen/phpcpubar,deekayen,2019-11-27T18:47:45Z
224494960,https://github.com/mattbylett/tacklepro,mattbylett,2019-11-27T18:39:50Z
224502170,https://github.com/Roman-Sapozhnikov/bitrix-sphinx,Roman-Sapozhnikov,2019-11-27T19:24:13Z
224493628,https://github.com/rMazeiks/stripe-graphql,rMazeiks,2019-11-27T18:31:29Z
224494942,https://github.com/Roman-Sapozhnikov/citfact.debugbar,Roman-Sapozhnikov,2019-11-27T18:39:46Z
224495529,https://github.com/luqman74/codehacking,luqman74,2019-11-27T18:43:22Z
224496973,https://github.com/thebayliff41/Web-Project-Final,thebayliff41,2019-11-27T18:52:13Z
224504495,https://github.com/Roman-Sapozhnikov/BxOptimize,Roman-Sapozhnikov,2019-11-27T19:39:15Z
224495352,https://github.com/codecookies666/laravelProject1,codecookies666,2019-11-27T18:42:20Z
224504445,https://github.com/Sniedze/Logistic-tool,Sniedze,2019-11-27T19:38:56Z
224496863,https://github.com/deltacastro/chdetalles,deltacastro,2019-11-27T18:51:37Z
224499734,https://github.com/kutatherman/laracarte-hkutat,kutatherman,2019-11-27T19:09:05Z
https://github.com/heldino/mise-en-relation,False,2019-11-27T18:59:31Z
https://github.com/Roman-Sapozhnikov/bitrixtemplate_stylish,False,2019-11-27T19:10:54Z
https://github.com/lingaiahdanda/Riktham,False,2019-11-27T19:17:32Z
https://github.com/apnmrv/kickico-test,False,2019-11-27T19:19:16Z
https://github.com/rafaelquir/ligas,False,2019-11-27T19:52:21Z
https://github.com/ricojr/projects,False,2019-11-27T18:52:28Z
https://github.com/pefferen/phpinfo-viewer,False,2019-11-27T19:15:10Z
https://github.com/FAISAL-TANIM/event,False,2019-11-27T18:55:23Z
https://github.com/turashrocks/backend_apilaravelcart,False,2019-11-27T18:21:02Z
https://github.com/hbeddouka/peliculas,False,2019-11-27T18:03:38Z
https://github.com/grkanemanja/grka,False,2019-11-27T18:09:37Z
https://github.com/valijec/casaDePariuri,False,2019-11-27T18:26:03Z
https://github.com/igormjq/docker-laravel,False,2019-11-27T18:40:30Z
https://github.com/3velyn/XSchallange,False,2019-11-27T19:02:19Z
https://github.com/deekayen/phpnetbar,False,2019-11-27T18:44:37Z
https://github.com/deekayen/resnet-arping,False,2019-11-27T18:42:19Z
https://github.com/Joker0428/Oficial1,False,2019-11-27T19:36:40Z
https://github.com/JosipBugarija/croz,False,2019-11-27T18:50:42Z
https://github.com/Roman-Sapozhnikov/bitrix-clear-upload,False,2019-11-27T19:06:17Z
https://github.com/javiAso/Practica4,False,2019-11-27T19:44:53Z
https://github.com/scandipwa/klarna-graphql,False,2019-11-27T18:10:12Z
https://github.com/PitaShani/StorePlant,False,2019-11-27T18:39:27Z
https://github.com/SaiDevOpsFaculty/vendor,False,2019-11-27T19:45:46Z
https://github.com/saumilbhalodi99/Project1,False,2019-11-27T18:25:29Z
https://github.com/EduJCordeiro/projetoWEB,False,2019-11-27T19:26:24Z
https://github.com/kdephp/test,False,2019-11-27T18:22:07Z
https://github.com/fgabrielqr/SistemaComercial-Integrador,False,2019-11-27T19:09:56Z
https://github.com/katlose/Web,False,2019-11-27T19:18:49Z
https://github.com/mfinell/coachist,False,2019-11-27T18:05:44Z
https://github.com/usask-rc/radiam-hubzero,False,2019-11-27T19:44:08Z
https://github.com/kresnawhy/ppl-pawit,False,2019-11-27T19:50:03Z
https://github.com/Distantone/www,False,2019-11-27T18:26:47Z
https://github.com/JethroHazelhurst/larastart,False,2019-11-27T19:03:23Z
https://github.com/Nise25/deck_list,False,2019-11-27T19:46:05Z
https://github.com/Sandy-Lake/Draft,False,2019-11-27T19:50:25Z
https://github.com/antorni/i18n-laravel-vuetify-SPA,False,2019-11-27T19:16:37Z
https://github.com/Valeur-Nes/esgi-symfony,False,2019-11-27T19:24:40Z
https://github.com/sigridstens/internship-website,False,2019-11-27T18:43:05Z
https://github.com/NancyHebert/learn-med-app,False,2019-11-27T18:42:05Z
https://github.com/vpopov97/postalonee,False,2019-11-27T18:43:18Z
https://github.com/msabares/cst225cst227cst234,False,2019-11-27T19:10:22Z
https://github.com/hasansujan23/UserPortal,False,2019-11-27T19:20:49Z
https://github.com/owenzhou/laravel-rrbac,False,2019-11-27T19:22:53Z