3582481,https://github.com/heroku/faceplate,heroku,2012-02-29T14:43:23Z
3582488,https://github.com/genehack/perl-beginner-talks,genehack,2012-02-29T14:44:00Z
3582605,https://github.com/ivanpreziosi/jLinkSharer,ivanpreziosi,2012-02-29T14:56:23Z
3582367,https://github.com/kboden/e4ds-template,kboden,2012-02-29T14:29:08Z
3582411,https://github.com/onesite/onesite.github.com,onesite,2012-02-29T14:35:14Z
3582480,https://github.com/KOBA789/flowering-node,KOBA789,2012-02-29T14:43:18Z
3582144,https://github.com/NewSignature/jquery.charactercount.js,NewSignature,2012-02-29T14:01:47Z
3582604,https://github.com/sharovatov/my,sharovatov,2012-02-29T14:56:15Z
3582282,https://github.com/juniorz/phonegap-lab,juniorz,2012-02-29T14:19:18Z
3582305,https://github.com/ponntyo/--,ponntyo,2012-02-29T14:22:18Z
3582248,https://github.com/krawaller/2DV407,krawaller,2012-02-29T14:14:30Z
3582249,https://github.com/kmees/Octopress-NuGet-Aside,kmees,2012-02-29T14:14:33Z
3582215,https://github.com/CommandFusion/Yahoo-Weather,CommandFusion,2012-02-29T14:10:15Z
3582407,https://github.com/deedubs/requirejs-backbone-mocha,deedubs,2012-02-29T14:34:32Z
3582185,https://github.com/ringe/andra,ringe,2012-02-29T14:06:42Z