24982482,https://github.com/yiwenl/WebGL_Particle_Stream,yiwenl,2014-10-09T09:30:58Z
24982990,https://github.com/theThings/thethings.iO-SDK-Javascript,theThings,2014-10-09T09:45:26Z
24983209,https://github.com/sotospez/sotos-angular-material-gridview,sotospez,2014-10-09T09:51:21Z
24982535,https://github.com/yoocky/router,yoocky,2014-10-09T09:32:10Z
24982864,https://github.com/wangxingyun/node-svn-diff-parser,wangxingyun,2014-10-09T09:41:47Z
24981834,https://github.com/camunda/bower-camunda-bpm-sdk-js,camunda,2014-10-09T09:13:24Z
24982815,https://github.com/Floby/node-stream-blackhole,Floby,2014-10-09T09:40:18Z
24982883,https://github.com/kenan5020/wechat_website,kenan5020,2014-10-09T09:42:13Z
24981379,https://github.com/mingxinstar/Data_Structures_Algorithms_with_Javascript,mingxinstar,2014-10-09T09:01:59Z
24982418,https://github.com/developer82/javascript-stopwatch,developer82,2014-10-09T09:29:25Z
24983143,https://github.com/finn-no/object-proxy-js,finn-no,2014-10-09T09:49:24Z
24982303,https://github.com/ehrenberg/schuppen,ehrenberg,2014-10-09T09:26:21Z
24982460,https://github.com/lisposter/github-url-analyzer,lisposter,2014-10-09T09:30:30Z
24982084,https://github.com/lekoaf/HackerNews,lekoaf,2014-10-09T09:20:16Z
24983126,https://github.com/sflorian/demogit2,sflorian,2014-10-09T09:49:07Z
24983253,https://github.com/AlexanderDaniel/sbt-mocha-playground,AlexanderDaniel,2014-10-09T09:52:34Z
24982000,https://github.com/Raj1v/WebCrawler,Raj1v,2014-10-09T09:17:59Z
24981706,https://github.com/FirstFactor/knowisknow,FirstFactor,2014-10-09T09:10:50Z
24982498,https://github.com/p10ns11y/batboomer,p10ns11y,2014-10-09T09:31:21Z
24982549,https://github.com/panida/twitterAnalysis,panida,2014-10-09T09:32:21Z
24983061,https://github.com/francesco87/snake,francesco87,2014-10-09T09:47:28Z
24982643,https://github.com/faleev/macpaw-tests-java,faleev,2014-10-09T09:35:16Z
24982768,https://github.com/TimHeap46/StringCalculatorTemplate,TimHeap46,2014-10-09T09:39:01Z
24982850,https://github.com/citrone/rss-vanilla-js,citrone,2014-10-09T09:41:29Z
24983124,https://github.com/rhoeas/demogit2,rhoeas,2014-10-09T09:49:07Z
24983198,https://github.com/rivetmel/MedicoSoft,rivetmel,2014-10-09T09:51:00Z
24983123,https://github.com/MCLOPDS/demogit2,MCLOPDS,2014-10-09T09:49:07Z
24982306,https://github.com/Birmingham-Coding-Sessions/dashboard,Birmingham-Coding-Sessions,2014-10-09T09:26:26Z
24982350,https://github.com/sunil-git/OfficeTest,sunil-git,2014-10-09T09:27:56Z
24983476,https://github.com/albertmatyi/meteor-hangs,albertmatyi,2014-10-09T09:59:19Z
24982958,https://github.com/Jaaga/jaaga_yearBook14,Jaaga,2014-10-09T09:44:38Z
24981902,https://github.com/aramhen/PFC,aramhen,2014-10-09T09:15:10Z
24982127,https://github.com/oizhaolei/tttalk.dict,oizhaolei,2014-10-09T09:21:26Z
24981371,https://github.com/candradwiprasetyo/pw_parallax_putih,candradwiprasetyo,2014-10-09T09:01:35Z
24982518,https://github.com/TianNiu/git-dath-simple-calculator,TianNiu,2014-10-09T09:31:53Z
24982999,https://github.com/ki8asui/ki8asui.github.io,ki8asui,2014-10-09T09:45:40Z
24983120,https://github.com/gaeledrant/demogit2,gaeledrant,2014-10-09T09:49:05Z
24981752,https://github.com/jianlei/urgent-project,jianlei,2014-10-09T09:11:49Z
24982644,https://github.com/artesis/ding_export_to_ris,artesis,2014-10-09T09:35:21Z
24982855,https://github.com/carlbarrdahl/busstrams,carlbarrdahl,2014-10-09T09:41:35Z
24983424,https://github.com/simonfan/expedicao-fabrica-presentation,simonfan,2014-10-09T09:57:48Z
24982399,https://github.com/aidabadosa/lottery,aidabadosa,2014-10-09T09:28:49Z
24981609,https://github.com/lebrisse/projet,lebrisse,2014-10-09T09:08:08Z
24983358,https://github.com/CUL-DigitalServices/timetable-3,CUL-DigitalServices,2014-10-09T09:56:07Z
24982698,https://github.com/dberniell/lottery,dberniell,2014-10-09T09:36:50Z
24982778,https://github.com/aaronjzhang/aaronjzhang.github.io,aaronjzhang,2014-10-09T09:39:13Z
24982845,https://github.com/liziqiang/util,liziqiang,2014-10-09T09:41:24Z
24981741,https://github.com/remiuz/myblog,remiuz,2014-10-09T09:11:31Z
24983128,https://github.com/rorogouss95/demogit2,rorogouss95,2014-10-09T09:49:08Z
24982597,https://github.com/BlogPark/ShoppingStore,BlogPark,2014-10-09T09:33:55Z
24983335,https://github.com/narendrarajwar/resource_example,narendrarajwar,2014-10-09T09:55:22Z
24981372,https://github.com/lsm/meteor-session-bind,lsm,2014-10-09T09:01:36Z
24982816,https://github.com/prasadkonde/easyrtc,prasadkonde,2014-10-09T09:40:21Z
24982851,https://github.com/WorkOfArtiz/WorkOfArtiz.github.io,WorkOfArtiz,2014-10-09T09:41:30Z
24982413,https://github.com/stefanospizzica/Java-Web-Application,stefanospizzica,2014-10-09T09:29:10Z
24982068,https://github.com/Vincent-Noben/project_web1,Vincent-Noben,2014-10-09T09:19:47Z
24982725,https://github.com/oishi0731/ZDD,oishi0731,2014-10-09T09:37:27Z
24982933,https://github.com/naverstaem/watchTag,naverstaem,2014-10-09T09:43:46Z
24982441,https://github.com/ganezasan/gpstest-titanium-ios8,ganezasan,2014-10-09T09:30:00Z
24981739,https://github.com/crismerino/popUpStore,crismerino,2014-10-09T09:11:24Z
24981625,https://github.com/luisomoreau/dev_web_project,luisomoreau,2014-10-09T09:08:30Z
24981666,https://github.com/angelwebsofts/myfirst,angelwebsofts,2014-10-09T09:09:47Z
24983111,https://github.com/smof/OpenAM_OAuth2_Client,smof,2014-10-09T09:48:57Z
24981772,https://github.com/rico7c/RTS,rico7c,2014-10-09T09:12:12Z
24981358,https://github.com/q591266765/q591266765.github.io,q591266765,2014-10-09T09:00:58Z
24982701,https://github.com/dianaberenguer/lottery,dianaberenguer,2014-10-09T09:36:57Z
24982721,https://github.com/muyan9/sync_linux,muyan9,2014-10-09T09:37:19Z
24981443,https://github.com/vickyazizold/Test-Chat,vickyazizold,2014-10-09T09:03:39Z
24983462,https://github.com/vowelsgoddess/MedicoSoft,vowelsgoddess,2014-10-09T09:59:01Z
24982950,https://github.com/bamboo-c/enterframe-manager,bamboo-c,2014-10-09T09:44:18Z
24982664,https://github.com/juanpablironhack/gitexercice1,juanpablironhack,2014-10-09T09:35:59Z
24981936,https://github.com/ArnoldKrumins/GreensockFlipper,ArnoldKrumins,2014-10-09T09:16:24Z
24982465,https://github.com/codebuff/motify,codebuff,2014-10-09T09:30:35Z
24983072,https://github.com/mayanchao/test,mayanchao,2014-10-09T09:47:43Z
24983129,https://github.com/sweetformation/demogit2,sweetformation,2014-10-09T09:49:09Z
24983175,https://github.com/Elianto68/signaturemaster,Elianto68,2014-10-09T09:50:27Z
24982954,https://github.com/NouranMahmoud/jasmine-with-coffeescript-samples,NouranMahmoud,2014-10-09T09:44:33Z
24982505,https://github.com/bigevil/photoapps-chrome,bigevil,2014-10-09T09:31:33Z
24981672,https://github.com/fesenko/GetBack,fesenko,2014-10-09T09:10:01Z