214762086,https://github.com/sbridges/ledgerble,sbridges,2019-10-13T04:46:53Z
214763055,https://github.com/lukeed/local-hostname,lukeed,2019-10-13T04:57:03Z
214761041,https://github.com/ramsatt/Angular8AdminLteBasicTeplate,ramsatt,2019-10-13T04:35:29Z
214762609,https://github.com/appwrite/playground-for-js,appwrite,2019-10-13T04:52:18Z
214762600,https://github.com/rigoneri/Syte3,rigoneri,2019-10-13T04:52:10Z
214760152,https://github.com/julianlcuervo/pvideo,julianlcuervo,2019-10-13T04:25:03Z
214762638,https://github.com/Talon-Dechert/React,Talon-Dechert,2019-10-13T04:52:33Z
214762349,https://github.com/li-car-fei/wuxiebmym,li-car-fei,2019-10-13T04:49:42Z
214762720,https://github.com/ElliLoes/MyBamazon,ElliLoes,2019-10-13T04:53:33Z
214761218,https://github.com/belachkar/recipe-book,belachkar,2019-10-13T04:37:20Z
214757934,https://github.com/marvinxu99/crown-winter,marvinxu99,2019-10-13T04:01:39Z
214758662,https://github.com/unitehenry/portfolio,unitehenry,2019-10-13T04:09:28Z
214760885,https://github.com/xman40100/xValidate,xman40100,2019-10-13T04:33:39Z
214760049,https://github.com/REBL-Stack/www.rebl.run,REBL-Stack,2019-10-13T04:24:03Z
214760271,https://github.com/etclabscore/ethclassic-docs,etclabscore,2019-10-13T04:26:29Z
214758247,https://github.com/Variable-Teknologies/Variable-Teknologies.github.io,Variable-Teknologies,2019-10-13T04:05:15Z
214758946,https://github.com/Budibase/components-template,Budibase,2019-10-13T04:12:08Z
214759000,https://github.com/brockfenbert/dino-bot,brockfenbert,2019-10-13T04:12:32Z
214758661,https://github.com/ricardosmithco/vids,ricardosmithco,2019-10-13T04:09:27Z
214762385,https://github.com/Manjuwebnexs/hapiProject,Manjuwebnexs,2019-10-13T04:49:58Z
214761484,https://github.com/alexanderbenavides/todolist-nodejs,alexanderbenavides,2019-10-13T04:40:17Z
214759854,https://github.com/es021/resume,es021,2019-10-13T04:21:49Z
214761717,https://github.com/vtproduction/Project2Years-RN,vtproduction,2019-10-13T04:42:53Z
214763081,https://github.com/yumemi-omi/react-webpack-template,yumemi-omi,2019-10-13T04:57:26Z
214760079,https://github.com/frdclav/unit-4-game,frdclav,2019-10-13T04:24:22Z
214760606,https://github.com/Techne3/BookList,Techne3,2019-10-13T04:30:15Z
214763069,https://github.com/EnzoEsper/web-server1,EnzoEsper,2019-10-13T04:57:18Z
214762212,https://github.com/smithspeed/ReactNativeDo,smithspeed,2019-10-13T04:48:05Z
214760021,https://github.com/kamilacamacho1/TadHackGlobal,kamilacamacho1,2019-10-13T04:23:44Z
214759724,https://github.com/jo-va/web-components-demo,jo-va,2019-10-13T04:20:29Z
214761010,https://github.com/Cradical/phone-book-listing-app,Cradical,2019-10-13T04:35:09Z
214758644,https://github.com/mahendra0859/track-server,mahendra0859,2019-10-13T04:09:21Z
214762775,https://github.com/aZerato/X100,aZerato,2019-10-13T04:54:06Z
214762177,https://github.com/camarenad/react-hooks,camarenad,2019-10-13T04:47:45Z
214763183,https://github.com/isaackrementsov/driving-client,isaackrementsov,2019-10-13T04:58:31Z
214760475,https://github.com/sherikopec/ReactPractice,sherikopec,2019-10-13T04:28:51Z
214758785,https://github.com/gjgd/truffle-hdwallet-provider-bug-example,gjgd,2019-10-13T04:10:34Z
214763051,https://github.com/viccortes/es-la-buena-front,viccortes,2019-10-13T04:56:59Z
214761005,https://github.com/muhammadumarfarooq/thinking-in-react,muhammadumarfarooq,2019-10-13T04:35:06Z
214761619,https://github.com/qianxunlingbao/wangyong,qianxunlingbao,2019-10-13T04:41:46Z
214758169,https://github.com/saulscs/learning-graphql,saulscs,2019-10-13T04:04:32Z
214759604,https://github.com/Mr-Pit/JS_REPL_Game,Mr-Pit,2019-10-13T04:19:03Z
214757779,https://github.com/manmeet-gill/graphql,manmeet-gill,2019-10-13T04:00:11Z
214760469,https://github.com/ahaddabeh/Juventus-Website,ahaddabeh,2019-10-13T04:28:47Z
214762237,https://github.com/sriramr98/react-redux-boilerplate,sriramr98,2019-10-13T04:48:22Z
214760196,https://github.com/dheeru-singh/sandypethotel,dheeru-singh,2019-10-13T04:25:31Z
214758880,https://github.com/beatrizf13/aircnc,beatrizf13,2019-10-13T04:11:27Z
214759203,https://github.com/huashengkiko/test-egg-7,huashengkiko,2019-10-13T04:14:48Z
214762025,https://github.com/Darshan-Chauhan/Ds-Algos-in-JS,Darshan-Chauhan,2019-10-13T04:46:12Z
214758802,https://github.com/Zeb88/Node.js-CORS-Proxy,Zeb88,2019-10-13T04:10:47Z
214762662,https://github.com/pradiptab/docker-react,pradiptab,2019-10-13T04:52:54Z
214762850,https://github.com/Sakshisrivastava413/nodejs-unit-testing,Sakshisrivastava413,2019-10-13T04:54:53Z
214762527,https://github.com/MichaelHarper14/HW-17,MichaelHarper14,2019-10-13T04:51:19Z
214760126,https://github.com/nishikaza/attendance,nishikaza,2019-10-13T04:24:51Z
214761627,https://github.com/estebansa19/ExpressJS,estebansa19,2019-10-13T04:41:51Z
214760360,https://github.com/ResourcesCo/client-gateway,ResourcesCo,2019-10-13T04:27:30Z
214762146,https://github.com/Limsangkeun/checkserverstatus,Limsangkeun,2019-10-13T04:47:24Z
214762507,https://github.com/rupin/WrittenAudioWebsite,rupin,2019-10-13T04:51:01Z
214762709,https://github.com/VictorAlvesBug/Yin-Yang,VictorAlvesBug,2019-10-13T04:53:28Z
214763298,https://github.com/LucasVieira98/aula_bootstrap,LucasVieira98,2019-10-13T04:59:44Z
214763301,https://github.com/MrMitchellMoore/rock_paper_scissors_js,MrMitchellMoore,2019-10-13T04:59:44Z
214761437,https://github.com/marquez138/skyline-ecommerce,marquez138,2019-10-13T04:39:43Z
214757871,https://github.com/Diuxx/sql_node_api,Diuxx,2019-10-13T04:01:00Z
214759750,https://github.com/tsubayan/share,tsubayan,2019-10-13T04:20:44Z
214761299,https://github.com/eecanada/assessment-1,eecanada,2019-10-13T04:38:12Z
214761953,https://github.com/shravan1998/clouds-2k19,shravan1998,2019-10-13T04:45:29Z
214758793,https://github.com/atulb123/Protractor,atulb123,2019-10-13T04:10:40Z
214758148,https://github.com/jmcelroy5/docker-react,jmcelroy5,2019-10-13T04:04:19Z
214759214,https://github.com/minhanPark/Runflix,minhanPark,2019-10-13T04:14:56Z
214758989,https://github.com/tushar7072/ETR,tushar7072,2019-10-13T04:12:24Z
214762094,https://github.com/czyang/CS545-Server,czyang,2019-10-13T04:46:59Z
214760389,https://github.com/wangluyu1998/wx-api,wangluyu1998,2019-10-13T04:27:52Z
214760073,https://github.com/ahmadhdr/learning-dom,ahmadhdr,2019-10-13T04:24:17Z
214761386,https://github.com/tjfarns/CreativeProject2,tjfarns,2019-10-13T04:39:11Z
214758474,https://github.com/sivanbhfe/passwordstrength,sivanbhfe,2019-10-13T04:07:27Z
214760949,https://github.com/paulmrg-461/separacionCitas,paulmrg-461,2019-10-13T04:34:32Z
214759016,https://github.com/riemannzeta1191/Node.js_Social_Connections,riemannzeta1191,2019-10-13T04:12:48Z
214760600,https://github.com/lumiseven/network_proxy_pac,lumiseven,2019-10-13T04:30:11Z
214759264,https://github.com/premdav/budgetAppBackend,premdav,2019-10-13T04:15:30Z
214761652,https://github.com/tsukhu/HouseTourVR,tsukhu,2019-10-13T04:42:07Z
214761111,https://github.com/dontre13/10-12-19,dontre13,2019-10-13T04:36:13Z
214760229,https://github.com/jeremyc2/New-Testament-Gems,jeremyc2,2019-10-13T04:26:00Z
214759815,https://github.com/beamerhvh/69420,beamerhvh,2019-10-13T04:21:25Z
214759405,https://github.com/RodNick10/quizoficial,RodNick10,2019-10-13T04:17:00Z
214759469,https://github.com/tyunegov/js-edu,tyunegov,2019-10-13T04:17:37Z
214759498,https://github.com/Fengfeike/wechat,Fengfeike,2019-10-13T04:17:58Z
214761820,https://github.com/zifeiyuDemo/vue-demo,zifeiyuDemo,2019-10-13T04:44:06Z
214760138,https://github.com/Nusaxe/TriviaGame,Nusaxe,2019-10-13T04:24:58Z
214763310,https://github.com/shawnv98/OEC-APP-master,shawnv98,2019-10-13T04:59:51Z
214761018,https://github.com/pvamshi/autosave-demo,pvamshi,2019-10-13T04:35:13Z
214760862,https://github.com/it-one-mm/http-app,it-one-mm,2019-10-13T04:33:18Z
214759791,https://github.com/frankzhang05/snake,frankzhang05,2019-10-13T04:21:08Z
214760145,https://github.com/paobuji/ES6,paobuji,2019-10-13T04:25:01Z
214761826,https://github.com/VictorAlvesBug/XOR-IA,VictorAlvesBug,2019-10-13T04:44:12Z
214759988,https://github.com/arrlancore/arlan.net,arrlancore,2019-10-13T04:23:22Z
214763186,https://github.com/ypsoul/yp-cli,ypsoul,2019-10-13T04:58:34Z
214761722,https://github.com/matricci/electron-react-template,matricci,2019-10-13T04:42:58Z
214760776,https://github.com/cjlaguardia/blood-donation-app,cjlaguardia,2019-10-13T04:32:16Z
214758426,https://github.com/Tgolds/vue-tgolds,Tgolds,2019-10-13T04:07:01Z
214761150,https://github.com/dcicantab5/saiful-pandas-shallow,dcicantab5,2019-10-13T04:36:35Z
214761722,https://github.com/matricci/electron-react-template,matricci,2019-10-13T04:42:58Z
214760776,https://github.com/cjlaguardia/blood-donation-app,cjlaguardia,2019-10-13T04:32:16Z
214758426,https://github.com/Tgolds/vue-tgolds,Tgolds,2019-10-13T04:07:01Z
214761150,https://github.com/dcicantab5/saiful-pandas-shallow,dcicantab5,2019-10-13T04:36:35Z
214763276,https://github.com/rampeand/MusiQ,rampeand,2019-10-13T04:59:33Z
214762492,https://github.com/danielcpan/AuthAPI,danielcpan,2019-10-13T04:50:54Z
214759431,https://github.com/gsprasanna/Library-management-react,gsprasanna,2019-10-13T04:17:14Z
214762176,https://github.com/donnatto/budgety-js,donnatto,2019-10-13T04:47:44Z
214760022,https://github.com/woshitiancai1/weixinkaifa,woshitiancai1,2019-10-13T04:23:45Z
214761701,https://github.com/Hayden-Allen/Tile.js-v4,Hayden-Allen,2019-10-13T04:42:41Z
214763041,https://github.com/kivelz/Boilerplate-nodejs-api,kivelz,2019-10-13T04:56:50Z
214759534,https://github.com/nimoosman/leaflet-challenge,nimoosman,2019-10-13T04:18:12Z
214757964,https://github.com/yanjasho/interactive_portfolio,yanjasho,2019-10-13T04:01:58Z
214759032,https://github.com/mukeshk05/SmartMoneyBudget,mukeshk05,2019-10-13T04:12:54Z
214760523,https://github.com/sarangan/jest-test,sarangan,2019-10-13T04:29:27Z
214762598,https://github.com/utkarsh-dixit/prepstart-question-selector,utkarsh-dixit,2019-10-13T04:52:07Z
214759583,https://github.com/ldenholm/zeusAPI,ldenholm,2019-10-13T04:18:54Z
214762537,https://github.com/kemsakurai/gas-GSiteRSSWidgets,kemsakurai,2019-10-13T04:51:24Z
214759492,https://github.com/normhesu/Tetris,normhesu,2019-10-13T04:17:54Z
214758040,https://github.com/VictorAlvesBug/Breakout-IA,VictorAlvesBug,2019-10-13T04:02:58Z
214762203,https://github.com/southojere/PokemonCards,southojere,2019-10-13T04:47:58Z
214758498,https://github.com/tdkhai1998/caroserver,tdkhai1998,2019-10-13T04:07:48Z
214759542,https://github.com/EIswahyudi/Homework4,EIswahyudi,2019-10-13T04:18:23Z
214761936,https://github.com/vanessa-kim/wetube,vanessa-kim,2019-10-13T04:45:15Z
214762053,https://github.com/dmitriyklimchuk/react-basic-functionality,dmitriyklimchuk,2019-10-13T04:46:31Z
214758293,https://github.com/zaqmjuop/hardDrive,zaqmjuop,2019-10-13T04:05:46Z
214759233,https://github.com/maymkwon/calendar,maymkwon,2019-10-13T04:15:09Z
214759851,https://github.com/Alonzo23/leaflet-challenge,Alonzo23,2019-10-13T04:21:47Z
214762950,https://github.com/qwlach/privateProject,qwlach,2019-10-13T04:55:50Z
214759942,https://github.com/ducviet2504/homotest,ducviet2504,2019-10-13T04:22:50Z
214762889,https://github.com/jrivera6/MVC.NET9,jrivera6,2019-10-13T04:55:20Z
214761884,https://github.com/renanalves23/Lista-Construtora-Analisadora,renanalves23,2019-10-13T04:44:46Z
214762096,https://github.com/juliolegrec/MERN-Stack-Shopping-List,juliolegrec,2019-10-13T04:46:59Z
214762106,https://github.com/Harrmalik/quely,Harrmalik,2019-10-13T04:47:07Z
214760907,https://github.com/qazwsxedccsqzse/ikala-interview-app,qazwsxedccsqzse,2019-10-13T04:33:56Z
214762615,https://github.com/Monge1h/u,Monge1h,2019-10-13T04:52:21Z
214763229,https://github.com/VictorAlvesBug/Wooden-Block-Puzzle,VictorAlvesBug,2019-10-13T04:59:05Z
214761849,https://github.com/shanianabilah/tugas-apap,shanianabilah,2019-10-13T04:44:22Z
214759501,https://github.com/nkamath/bloc-forage,nkamath,2019-10-13T04:17:59Z
214758514,https://github.com/rollsthomas/belex-client,rollsthomas,2019-10-13T04:08:03Z
214761623,https://github.com/Fluent85/MarvelTriviaQuiz,Fluent85,2019-10-13T04:41:50Z
214758238,https://github.com/Tgolds/vue,Tgolds,2019-10-13T04:05:13Z
214759168,https://github.com/ivanmunozr/Tutorial-REACT-TicTacToe,ivanmunozr,2019-10-13T04:14:27Z
214761740,https://github.com/rutalee/frontend_course,rutalee,2019-10-13T04:43:12Z
214758122,https://github.com/filipemacedo/site-socket-io-medium,filipemacedo,2019-10-13T04:03:57Z
214759090,https://github.com/yas-okadatech/sample_serverless,yas-okadatech,2019-10-13T04:13:29Z
214761507,https://github.com/CodexTapes/react-app-shell,CodexTapes,2019-10-13T04:40:29Z
214762230,https://github.com/neilcam4/square-sequence,neilcam4,2019-10-13T04:48:17Z
214761296,https://github.com/jonah555/tripit-frontend,jonah555,2019-10-13T04:38:08Z
214758969,https://github.com/prabh-js/react-router-practice,prabh-js,2019-10-13T04:12:16Z
214761547,https://github.com/sujanchhetri/cryptoo,sujanchhetri,2019-10-13T04:40:55Z
214760944,https://github.com/sanaratk/scg-api,sanaratk,2019-10-13T04:34:26Z
214760546,https://github.com/vias2019/react-clicky-game,vias2019,2019-10-13T04:29:39Z
214763283,https://github.com/viveknimkarde/ReactTemplate,viveknimkarde,2019-10-13T04:59:38Z
214762912,https://github.com/VuHoangvn/React-Intro,VuHoangvn,2019-10-13T04:55:29Z
214761489,https://github.com/nakulkundaliya/react-flow-chart,nakulkundaliya,2019-10-13T04:40:19Z
214760134,https://github.com/always-awake/Movie_app,always-awake,2019-10-13T04:24:55Z
214763095,https://github.com/yadson-matheus/market-store-backend,yadson-matheus,2019-10-13T04:57:35Z
214762008,https://github.com/Sarthak-Solanki/task-manager-api,Sarthak-Solanki,2019-10-13T04:45:58Z
214762989,https://github.com/isaackrementsov/driving,isaackrementsov,2019-10-13T04:56:12Z
214761836,https://github.com/Andrxx/GMapitest,Andrxx,2019-10-13T04:44:15Z
214761348,https://github.com/tcardoso2/vermon-dash,tcardoso2,2019-10-13T04:38:48Z
214758789,https://github.com/NeroSolomon/portal_frontend,NeroSolomon,2019-10-13T04:10:38Z
214757994,https://github.com/chandan632/template-engine,chandan632,2019-10-13T04:02:20Z
214761766,https://github.com/asoke1/WEB422,asoke1,2019-10-13T04:43:31Z
214758388,https://github.com/huashengkiko/test-egg-6-7,huashengkiko,2019-10-13T04:06:44Z
214758473,https://github.com/SotaSuzuki/my-react-hook,SotaSuzuki,2019-10-13T04:07:26Z
214762605,https://github.com/MatheusNattan365/react-auth-and-register-with-firebase,MatheusNattan365,2019-10-13T04:52:15Z
214762644,https://github.com/qiqingfu/template,qiqingfu,2019-10-13T04:52:38Z
214762016,https://github.com/anvh2/be-caro,anvh2,2019-10-13T04:46:05Z
214762496,https://github.com/Sakshisrivastava413/practicing-frontend-testing,Sakshisrivastava413,2019-10-13T04:50:55Z
214761518,https://github.com/YuliyaYas/imaginator,YuliyaYas,2019-10-13T04:40:37Z
214761542,https://github.com/psharif/SurveySenderServer,psharif,2019-10-13T04:40:51Z
214758075,https://github.com/fxteguhab/web_graph_sort,fxteguhab,2019-10-13T04:03:26Z
214762280,https://github.com/crafting-for-christ/QuickRequest,crafting-for-christ,2019-10-13T04:48:50Z
214761642,https://github.com/rikkbrownstone/clicky_game,rikkbrownstone,2019-10-13T04:42:03Z
214759562,https://github.com/dingkailiang/Resume,dingkailiang,2019-10-13T04:18:39Z
214761268,https://github.com/mushky/skateboarder,mushky,2019-10-13T04:37:49Z
214761983,https://github.com/CodexTapes/react-ecommerce-shop,CodexTapes,2019-10-13T04:45:46Z
214762686,https://github.com/Yosuke-Aramaki/git-tutorial,Yosuke-Aramaki,2019-10-13T04:53:12Z
214762419,https://github.com/James-Holiday/Calculator,James-Holiday,2019-10-13T04:50:18Z
214759859,https://github.com/Yzhaoyiming/wechat,Yzhaoyiming,2019-10-13T04:21:52Z
214759982,https://github.com/birajhalder1/TodoApp,birajhalder1,2019-10-13T04:23:18Z
214757832,https://github.com/padegalmadhuri/Documentbased-MERN,padegalmadhuri,2019-10-13T04:00:40Z
214761099,https://github.com/Domeniqque/gostack-meetup-web,Domeniqque,2019-10-13T04:36:07Z
214761724,https://github.com/benfixit/finance_app_backend,benfixit,2019-10-13T04:42:58Z
214763075,https://github.com/wjlevan/breakout,wjlevan,2019-10-13T04:57:20Z
214757831,https://github.com/SachaSkinner/Mongo-News,SachaSkinner,2019-10-13T04:00:40Z
214763284,https://github.com/marcos96x/We-Do-Client,marcos96x,2019-10-13T04:59:38Z
214758953,https://github.com/jkieberking/sparkybot,jkieberking,2019-10-13T04:12:10Z
214759157,https://github.com/NNG99/iNTUitionv6,NNG99,2019-10-13T04:14:22Z