148842553,https://github.com/designmynight/laravel-horizon-rabbitmq,designmynight,2018-09-14T21:15:18Z
148848822,https://github.com/Juanchiselo/GramIS,Juanchiselo,2018-09-14T22:44:44Z
148846916,https://github.com/DarielGonzalez/laravel-docker,DarielGonzalez,2018-09-14T22:14:29Z
148848198,https://github.com/widberg/chat,widberg,2018-09-14T22:34:53Z
148843686,https://github.com/carloseduardoweb/curso-php,carloseduardoweb,2018-09-14T21:29:33Z
148848423,https://github.com/Slammad/jato,Slammad,2018-09-14T22:38:29Z
148849488,https://github.com/vespaz/barbearia,vespaz,2018-09-14T22:56:51Z
148844308,https://github.com/Dotunj/Laravel-components-and-slots,Dotunj,2018-09-14T21:37:56Z
148847747,https://github.com/VergilKellley/virgiewpblog,VergilKellley,2018-09-14T22:27:32Z
148843366,https://github.com/DrupalSquad/training-migration,DrupalSquad,2018-09-14T21:25:37Z
148849007,https://github.com/heliosk/prj-cr-alien,heliosk,2018-09-14T22:48:06Z
148841996,https://github.com/marianomon/TPE-web2,marianomon,2018-09-14T21:08:13Z
148846396,https://github.com/Aurion72/helpers,Aurion72,2018-09-14T22:06:46Z
148848431,https://github.com/jmauerhan/wave-php-double-loop-demo,jmauerhan,2018-09-14T22:38:43Z
148849122,https://github.com/olimak98/wp2,olimak98,2018-09-14T22:50:32Z
148841655,https://github.com/Sapistudio/FileDatabase,Sapistudio,2018-09-14T21:03:39Z
148847678,https://github.com/Mostafaramdan/blogcomposer,Mostafaramdan,2018-09-14T22:26:29Z
148847930,https://github.com/JCTec/Domotica,JCTec,2018-09-14T22:30:34Z
148849668,https://github.com/KenoKokoro/team-leader-discount,KenoKokoro,2018-09-14T22:59:58Z
148841338,https://github.com/felipearavena98/Entrega2-PHP-JS-HTML-CASI-EL-70,felipearavena98,2018-09-14T21:00:09Z
148844704,https://github.com/josealejolibreros/consulta-ra,josealejolibreros,2018-09-14T21:43:37Z
148843645,https://github.com/usha88/seleniumwebsite,usha88,2018-09-14T21:28:58Z
148846981,https://github.com/cristianmafla/php,cristianmafla,2018-09-14T22:15:28Z
148847129,https://github.com/deepakmundhra/Project-Allocation,deepakmundhra,2018-09-14T22:18:04Z
148848922,https://github.com/TasteMaShu/Memotest,TasteMaShu,2018-09-14T22:46:27Z
148846532,https://github.com/coodesoft/wp-test,coodesoft,2018-09-14T22:09:03Z
148841703,https://github.com/BStojanoska/BrainsterXyzLabs-Laravel,BStojanoska,2018-09-14T21:04:17Z
148847310,https://github.com/northleft/chinook-tours-website,northleft,2018-09-14T22:20:47Z
148844508,https://github.com/rahulnethues/test,rahulnethues,2018-09-14T21:40:54Z
148849218,https://github.com/vkannan5/New-user-registration,vkannan5,2018-09-14T22:52:17Z
148848493,https://github.com/capsicumgroup/SuiteCRM,capsicumgroup,2018-09-14T22:39:29Z
148844778,https://github.com/matthexx/new-form,matthexx,2018-09-14T21:44:26Z
148841584,https://github.com/Erth0/markdown-email,Erth0,2018-09-14T21:02:56Z
148842928,https://github.com/RSX9998/rsx9998.tk.github.io,RSX9998,2018-09-14T21:20:06Z
148845206,https://github.com/xiaoyuchen/juvo-test-project,xiaoyuchen,2018-09-14T21:49:55Z
148848069,https://github.com/shashaa35/demo-dashboard,shashaa35,2018-09-14T22:33:02Z
148843938,https://github.com/ShayanMandegarian/geocoding2,ShayanMandegarian,2018-09-14T21:32:59Z
148842845,https://github.com/IronnMan/Laravel_Blog,IronnMan,2018-09-14T21:19:07Z
148843134,https://github.com/mctworks/studio-anni,mctworks,2018-09-14T21:22:47Z
148843225,https://github.com/roliveira-com/network,roliveira-com,2018-09-14T21:23:59Z
148841356,https://github.com/CamiloPerezOrtiz/array,CamiloPerezOrtiz,2018-09-14T21:00:25Z
148844779,https://github.com/AndreSaxton/ProjCap,AndreSaxton,2018-09-14T21:44:29Z
148846831,https://github.com/Sayed-Siam123/boilagbe_laravel,Sayed-Siam123,2018-09-14T22:13:24Z
148845365,https://github.com/ThiagoDevs/cadastro,ThiagoDevs,2018-09-14T21:52:06Z
148842052,https://github.com/Aliaa99/ta3lem,Aliaa99,2018-09-14T21:08:56Z
148842733,https://github.com/willwoodlief/maider,willwoodlief,2018-09-14T21:17:41Z
148843598,https://github.com/joco1204/servicios,joco1204,2018-09-14T21:28:29Z
148847441,https://github.com/msarevalo/amigo-secreto,msarevalo,2018-09-14T22:22:47Z
148845269,https://github.com/AADC1/Shop,AADC1,2018-09-14T21:50:43Z
148848823,https://github.com/olimak98/wp1,olimak98,2018-09-14T22:44:45Z
148847149,https://github.com/jeraldfeller/wedding-scrapper,jeraldfeller,2018-09-14T22:18:21Z
148847673,https://github.com/fedeack95/Web2,fedeack95,2018-09-14T22:26:23Z
148847120,https://github.com/zerogpm/Advance-CSS-Lavavel,zerogpm,2018-09-14T22:17:51Z
148845980,https://github.com/MMMamich/devRepo,MMMamich,2018-09-14T22:00:58Z
148849430,https://github.com/KNIGHTTH0R/SurveyOnWeb,KNIGHTTH0R,2018-09-14T22:55:51Z
148842304,https://github.com/Erth0/mini-framework,Erth0,2018-09-14T21:12:08Z
148841965,https://github.com/J-F-Far/php-design-patterns,J-F-Far,2018-09-14T21:07:44Z
148842232,https://github.com/turnermm/cssperpage,turnermm,2018-09-14T21:11:10Z
148848409,https://github.com/aleksmitskevich/m2training,aleksmitskevich,2018-09-14T22:38:17Z
148848586,https://github.com/SiIverHawk/php,SiIverHawk,2018-09-14T22:40:57Z
148847651,https://github.com/dashpilot/netlify-sitepull,dashpilot,2018-09-14T22:26:04Z
148843497,https://github.com/aborthiry/haberes,aborthiry,2018-09-14T21:27:16Z
148843571,https://github.com/kdfwow64/scrapyservice,kdfwow64,2018-09-14T21:28:04Z