51242140,https://github.com/cocos-creator/tutorial-hot-update,cocos-creator,2016-02-07T09:25:45Z
51242626,https://github.com/pakastin/chat-example,pakastin,2016-02-07T09:44:17Z
51242871,https://github.com/skyshore2001/JDCloud,skyshore2001,2016-02-07T09:54:08Z
51241654,https://github.com/woliveiras/modularize-your-gulpfile,woliveiras,2016-02-07T09:06:04Z
51241600,https://github.com/Jpunt/green-light,Jpunt,2016-02-07T09:03:26Z
51241709,https://github.com/bookcover/bookcover.github.com,bookcover,2016-02-07T09:08:26Z
51242037,https://github.com/ben-tmp/demochat,ben-tmp,2016-02-07T09:22:07Z
51241695,https://github.com/hmsk/harp-gh-pages-boilerplate,hmsk,2016-02-07T09:07:54Z
51242098,https://github.com/rniice/node-goose,rniice,2016-02-07T09:24:02Z
51241739,https://github.com/VanRoy/spring-boot-urlshortener,VanRoy,2016-02-07T09:09:57Z
51242235,https://github.com/sunya9/fixed-thead,sunya9,2016-02-07T09:30:12Z
51242184,https://github.com/trigunaitpawan/nodengular,trigunaitpawan,2016-02-07T09:28:10Z
51242848,https://github.com/tjboudreaux/swamp.js,tjboudreaux,2016-02-07T09:53:08Z
51242696,https://github.com/jayoharedee/downtime,jayoharedee,2016-02-07T09:46:56Z
51241675,https://github.com/leipreachan/dedup-bookmarks,leipreachan,2016-02-07T09:07:11Z
51242471,https://github.com/pekkis/kino-kobros,pekkis,2016-02-07T09:38:57Z
51241898,https://github.com/Malkovski/BlindsManagementSystem,Malkovski,2016-02-07T09:16:31Z
51241839,https://github.com/sohje/gfs-upload-cli,sohje,2016-02-07T09:14:18Z
51242947,https://github.com/UNNC-CS-GRP-DTGroup/Notebook-NW.js,UNNC-CS-GRP-DTGroup,2016-02-07T09:57:47Z
51242681,https://github.com/fyvfyv/grid-algorithm,fyvfyv,2016-02-07T09:46:22Z
51242083,https://github.com/ShauryaS/shauryas.github.io,ShauryaS,2016-02-07T09:23:38Z
51241568,https://github.com/JoeyAndres/meteoric-doc,JoeyAndres,2016-02-07T09:01:53Z
51242827,https://github.com/mayankchhabra/autoform-switchery,mayankchhabra,2016-02-07T09:52:20Z
51242463,https://github.com/mrdaniellewis/directory-crawler,mrdaniellewis,2016-02-07T09:38:40Z
51242516,https://github.com/CanvasCao/JS-Design-Pattern,CanvasCao,2016-02-07T09:40:24Z
51242578,https://github.com/Krzysiek102/TestingClientSideJavaScript,Krzysiek102,2016-02-07T09:42:33Z
51241574,https://github.com/moccalotto/language-codes,moccalotto,2016-02-07T09:02:07Z
51241599,https://github.com/Khdoop/cookie_clicker,Khdoop,2016-02-07T09:03:16Z
51241633,https://github.com/sdgu/teambuilder,sdgu,2016-02-07T09:05:07Z
51242051,https://github.com/zofizippo/tes_git,zofizippo,2016-02-07T09:22:22Z
51242055,https://github.com/mengkeys/blog,mengkeys,2016-02-07T09:22:34Z
51242366,https://github.com/Herlanggaws/givani,Herlanggaws,2016-02-07T09:35:27Z
51242496,https://github.com/MarconiVini/blog,MarconiVini,2016-02-07T09:39:45Z
51242118,https://github.com/bel0v/excursiopedia_test,bel0v,2016-02-07T09:24:52Z
51242459,https://github.com/refugeetech/CompetencyApp,refugeetech,2016-02-07T09:38:32Z
51242745,https://github.com/solarboltproductions/solarboltproductions.github.io,solarboltproductions,2016-02-07T09:48:50Z
51242911,https://github.com/klekot/solvarium.ru,klekot,2016-02-07T09:56:23Z
51241930,https://github.com/dvzrd/mantra-tourney,dvzrd,2016-02-07T09:18:07Z
51242149,https://github.com/chrom/smartJs,chrom,2016-02-07T09:26:11Z
51241544,https://github.com/brianbartolini/fizzbuzz,brianbartolini,2016-02-07T09:00:14Z
51242421,https://github.com/b1013251/tourity_plus_demo_final_server,b1013251,2016-02-07T09:37:24Z
51242442,https://github.com/demukeshchouhan/react-todo,demukeshchouhan,2016-02-07T09:38:02Z
51242718,https://github.com/uvwxy/abprune,uvwxy,2016-02-07T09:47:41Z
51242773,https://github.com/galladoroman/fran,galladoroman,2016-02-07T09:50:06Z
51242825,https://github.com/jalalrobi/sails-api-test,jalalrobi,2016-02-07T09:52:18Z
51242321,https://github.com/gevorgmakaryan/zoomyjs,gevorgmakaryan,2016-02-07T09:33:58Z
51242853,https://github.com/nashik/nashik.github.io,nashik,2016-02-07T09:53:20Z
51242962,https://github.com/evdokimovm/NodeJS-Authentication,evdokimovm,2016-02-07T09:58:25Z
51242152,https://github.com/peterrotich/transaction,peterrotich,2016-02-07T09:26:25Z
51241730,https://github.com/uimac/uimac.github.io,uimac,2016-02-07T09:09:39Z
51242994,https://github.com/prageet/prageet-angular-boilerplate,prageet,2016-02-07T09:59:49Z
51242503,https://github.com/gwpmad/mern-stack-tutorial,gwpmad,2016-02-07T09:40:05Z
51242866,https://github.com/babruix/js_backend_test,babruix,2016-02-07T09:53:52Z
51241660,https://github.com/ramifi/stms,ramifi,2016-02-07T09:06:28Z
51242075,https://github.com/alvin-777/node-hr-timer,alvin-777,2016-02-07T09:23:23Z
51242678,https://github.com/maisondemonique/maisondemonique.github.io,maisondemonique,2016-02-07T09:46:18Z
51241909,https://github.com/bmonteiro/angular,bmonteiro,2016-02-07T09:17:01Z
51242003,https://github.com/Pwter/learnyounode,Pwter,2016-02-07T09:20:44Z
51242074,https://github.com/refugeetech/CompetencySite,refugeetech,2016-02-07T09:23:21Z
51242811,https://github.com/knolegsb/MeanApp,knolegsb,2016-02-07T09:51:53Z
51242615,https://github.com/nickzuck/nickzuck.github.io,nickzuck,2016-02-07T09:43:37Z
51242121,https://github.com/issam-H/PropertyCenter.G6,issam-H,2016-02-07T09:25:00Z
51242815,https://github.com/valiplesa/vreme2,valiplesa,2016-02-07T09:52:02Z
51241866,https://github.com/dzyubin/userStory,dzyubin,2016-02-07T09:15:24Z
51241718,https://github.com/kaosat-dev/cycle-mqtt-driver,kaosat-dev,2016-02-07T09:08:45Z
51242359,https://github.com/jalalrobi/hotelApp,jalalrobi,2016-02-07T09:35:15Z
51241604,https://github.com/SlipperyPenguine/tracker,SlipperyPenguine,2016-02-07T09:03:39Z
51241915,https://github.com/luma/eslint-config-es6,luma,2016-02-07T09:17:13Z
51242079,https://github.com/abhikmitra/nextDoorGeeks,abhikmitra,2016-02-07T09:23:33Z
51242863,https://github.com/moskinov/evo_app,moskinov,2016-02-07T09:53:45Z