19587458,https://github.com/ej3dev/Veritas,ej3dev,2014-05-08T20:16:46Z
19588389,https://github.com/VrijVlinder/Widgets,VrijVlinder,2014-05-08T20:48:39Z
19588522,https://github.com/rodlopez/SistemaTickets,rodlopez,2014-05-08T20:53:07Z
19588264,https://github.com/cansinacarer/self-hosted-repository-for-multiple-plugins,cansinacarer,2014-05-08T20:44:51Z
19587879,https://github.com/carlospaliari/login,carlospaliari,2014-05-08T20:31:21Z
19587981,https://github.com/joancefet/StellarWars,joancefet,2014-05-08T20:34:49Z
19588658,https://github.com/passodeluz/crawl4vocab,passodeluz,2014-05-08T20:57:55Z
19587360,https://github.com/danielkoleski/myGlist,danielkoleski,2014-05-08T20:13:03Z
19588206,https://github.com/waltertschwe/TicTacToe,waltertschwe,2014-05-08T20:42:21Z
19587928,https://github.com/npmweb/laravel-sandbox,npmweb,2014-05-08T20:33:18Z
19588391,https://github.com/WolfMicrosystems/doctrine-extended-repositories-bundle,WolfMicrosystems,2014-05-08T20:48:44Z
19588135,https://github.com/udx/lib-features,udx,2014-05-08T20:39:48Z
19587226,https://github.com/frangbravo/mejorandophp_europa,frangbravo,2014-05-08T20:07:46Z
19588686,https://github.com/bign8/url.bign8.info,bign8,2014-05-08T20:59:13Z
19587632,https://github.com/Twire-Solutions/Chain,Twire-Solutions,2014-05-08T20:22:35Z
19588248,https://github.com/gotardo/WP-XML-RPC-Admin,gotardo,2014-05-08T20:44:09Z
19588103,https://github.com/balsama/component-prototyper,balsama,2014-05-08T20:38:34Z
19587350,https://github.com/FrankMuraschow/gb2014,FrankMuraschow,2014-05-08T20:12:25Z
19588516,https://github.com/MariageClementine/ldcserveur,MariageClementine,2014-05-08T20:52:53Z