200909673,https://github.com/deliciousbrains/wp-auto-login,deliciousbrains,2019-08-06T19:10:57Z
200921974,https://github.com/silici0/rdstation-laravel,silici0,2019-08-06T20:43:29Z
200919748,https://github.com/riogod/rsi_worker_timemanager,riogod,2019-08-06T20:26:58Z
200921028,https://github.com/Falldanger/cURL,Falldanger,2019-08-06T20:36:20Z
200910326,https://github.com/nvquocit/todo,nvquocit,2019-08-06T19:15:11Z
200916104,https://github.com/Earl0fPudding/outlook-autodiscover-nginx,Earl0fPudding,2019-08-06T19:58:52Z
200911539,https://github.com/damianopetrungaro/circuit-breaker,damianopetrungaro,2019-08-06T19:24:58Z
200914798,https://github.com/JuanFe12/socialgrafo-angular-php-vcb,JuanFe12,2019-08-06T19:48:28Z
200922445,https://github.com/kingstar1227/laravel-api,kingstar1227,2019-08-06T20:47:42Z
200920085,https://github.com/kpsjocelyn/nextrain,kpsjocelyn,2019-08-06T20:29:30Z
200921438,https://github.com/ccontreras2018/Overclock,ccontreras2018,2019-08-06T20:39:25Z
200916335,https://github.com/aaron5670/Realtime-chat-application,aaron5670,2019-08-06T20:00:43Z
200914769,https://github.com/ingosmalose/Angela,ingosmalose,2019-08-06T19:48:18Z
200915302,https://github.com/freelancefrivas/timetracker,freelancefrivas,2019-08-06T19:52:19Z
200918773,https://github.com/BrunoFormichella/TP-Boletos,BrunoFormichella,2019-08-06T20:19:47Z
200910643,https://github.com/Practical-instance/GildedRose-Refactoring-Kata-V2,Practical-instance,2019-08-06T19:17:50Z
200919647,https://github.com/sprintcorp/symfony,sprintcorp,2019-08-06T20:26:20Z
200915481,https://github.com/XSlimeX/RulesUI,XSlimeX,2019-08-06T19:53:44Z
200910747,https://github.com/eliohead/php-noise-generator,eliohead,2019-08-06T19:18:31Z
200915584,https://github.com/mariolino96/hello-world,mariolino96,2019-08-06T19:54:39Z
200913142,https://github.com/johngellert/php-pet-hotel,johngellert,2019-08-06T19:36:46Z
200914155,https://github.com/Compy/laravel-elastos-auth,Compy,2019-08-06T19:43:26Z
200915040,https://github.com/RikinoKage/Riki-Collection,RikinoKage,2019-08-06T19:50:13Z
200909920,https://github.com/aldwingalapon/ottumwariverfront,aldwingalapon,2019-08-06T19:12:43Z
200909747,https://github.com/nightofpromises/tablePage.ru,nightofpromises,2019-08-06T19:11:27Z
200918059,https://github.com/VickyRoggeroni/TPBondi18-,VickyRoggeroni,2019-08-06T20:14:06Z
200919628,https://github.com/salomaodeveloper/Rede-social-Taimber-Black,salomaodeveloper,2019-08-06T20:26:05Z
200919991,https://github.com/Abraham15rivas/laravel,Abraham15rivas,2019-08-06T20:28:45Z
200921369,https://github.com/Faiz52/PDO-CRUD,Faiz52,2019-08-06T20:38:48Z
200917145,https://github.com/alissonsouza1984/projeto_novo,alissonsouza1984,2019-08-06T20:06:54Z
200916780,https://github.com/d444n/Demo2,d444n,2019-08-06T20:04:06Z
200909893,https://github.com/lushoBarlett/TrabajoTarjeta2019,lushoBarlett,2019-08-06T19:12:28Z
200918910,https://github.com/salomaodeveloper/Rede-social-Orkutus,salomaodeveloper,2019-08-06T20:20:49Z
200921250,https://github.com/devourx/laravel-playground,devourx,2019-08-06T20:37:51Z
200917875,https://github.com/kowal2499/sobczak-orders,kowal2499,2019-08-06T20:12:32Z
200923336,https://github.com/ju1618/TI_laravel_2,ju1618,2019-08-06T20:55:33Z
200922620,https://github.com/evankford/rendcokids,evankford,2019-08-06T20:49:11Z
200919158,https://github.com/extasy7610/slim-few-pages,extasy7610,2019-08-06T20:22:42Z
200915493,https://github.com/DaviAraujo16/POO-com-PHP,DaviAraujo16,2019-08-06T19:53:51Z
200918206,https://github.com/Excavelty/chess-site,Excavelty,2019-08-06T20:15:25Z
200916287,https://github.com/m1m1s4n/XServN7UP,m1m1s4n,2019-08-06T20:00:13Z
200914916,https://github.com/Klevennb/PHPtodo,Klevennb,2019-08-06T19:49:21Z
200914814,https://github.com/anonymous-craftsman/forGit,anonymous-craftsman,2019-08-06T19:48:39Z
200915768,https://github.com/SamJUK/mage-migrate,SamJUK,2019-08-06T19:56:16Z
200914417,https://github.com/dxwebby/lang,dxwebby,2019-08-06T19:45:21Z
200918046,https://github.com/AdelekeIO/larticles,AdelekeIO,2019-08-06T20:13:59Z
200917251,https://github.com/akosiaswe12345/crudbackendPHP,akosiaswe12345,2019-08-06T20:07:42Z
200915903,https://github.com/SebastianIRodriguez/TrabajoTarjeta,SebastianIRodriguez,2019-08-06T19:57:21Z
200912960,https://github.com/coleweusthem/emailBeta,coleweusthem,2019-08-06T19:35:23Z
200917127,https://github.com/leonidasyopan/acme,leonidasyopan,2019-08-06T20:06:42Z
200918777,https://github.com/chuckmo/sgf-webdevs-wp-is-not-as-bad-as-you-probably-think,chuckmo,2019-08-06T20:19:50Z
200919811,https://github.com/mohsinhussainpk/azura,mohsinhussainpk,2019-08-06T20:27:24Z
200920737,https://github.com/kartikay1506/NationData,kartikay1506,2019-08-06T20:34:25Z
200913291,https://github.com/ArsenioMuanda/investimento,ArsenioMuanda,2019-08-06T19:37:45Z
200915089,https://github.com/marklis-mamonov/stanland,marklis-mamonov,2019-08-06T19:50:40Z
200920208,https://github.com/raven-flokker/EngineBlog,raven-flokker,2019-08-06T20:30:16Z
200913544,https://github.com/KennethM-github/VPN-CTF,KennethM-github,2019-08-06T19:39:26Z
200909374,https://github.com/JorgeAnzola/craft-recipe,JorgeAnzola,2019-08-06T19:08:36Z
200908577,https://github.com/CamilaFerreyra/Tarjeta2019,CamilaFerreyra,2019-08-06T19:02:32Z
200923391,https://github.com/cdterry87/Shoplyst,cdterry87,2019-08-06T20:55:58Z
200908620,https://github.com/bluej0e/LangImmers,bluej0e,2019-08-06T19:02:56Z
200923794,https://github.com/alecrabbit/php-twrb-core,alecrabbit,2019-08-06T20:59:45Z
200918465,https://github.com/ndiouga25/podcastAPI-test,ndiouga25,2019-08-06T20:17:25Z
200917518,https://github.com/tomaselis/skelbimai,tomaselis,2019-08-06T20:09:41Z
200915876,https://github.com/IkerCanut/Trabajo-Tarjeta,IkerCanut,2019-08-06T19:57:09Z
200914887,https://github.com/Mateo-6/Blog-Angular-Laravel,Mateo-6,2019-08-06T19:49:11Z
200920302,https://github.com/NitishKumarGarg/railway-management-system,NitishKumarGarg,2019-08-06T20:30:57Z
200918217,https://github.com/Khoroshun/blog,Khoroshun,2019-08-06T20:15:31Z
200923592,https://github.com/DanSias/nexus-five-eight,DanSias,2019-08-06T20:57:46Z
200909145,https://github.com/es-code/backup-mysql,es-code,2019-08-06T19:06:46Z
200913449,https://github.com/amadeomendez/TrabajoTarjeta2019,amadeomendez,2019-08-06T19:38:48Z
200916384,https://github.com/datamafia/datamafia.com,datamafia,2019-08-06T20:01:06Z
200909142,https://github.com/Cookie994/Cookie_Club,Cookie994,2019-08-06T19:06:45Z
200909238,https://github.com/scotthorn/cicd-test,scotthorn,2019-08-06T19:07:31Z
200915674,https://github.com/isaqcpaulo/teste,isaqcpaulo,2019-08-06T19:55:32Z
200923208,https://github.com/2juniorSimone/Work2,2juniorSimone,2019-08-06T20:54:28Z
200909343,https://github.com/atulGupta2922/yii2Training,atulGupta2922,2019-08-06T19:08:19Z
200909950,https://github.com/geshaaa/commission-calculator,geshaaa,2019-08-06T19:12:54Z
200920865,https://github.com/victorchan88/PHP-Practice,victorchan88,2019-08-06T20:35:17Z
200913346,https://github.com/JesusJAS/Test,JesusJAS,2019-08-06T19:38:05Z
200921787,https://github.com/webdevhayes/laraschool,webdevhayes,2019-08-06T20:41:58Z
200917963,https://github.com/rvillar95/TarreoInacap,rvillar95,2019-08-06T20:13:24Z
200916007,https://github.com/huntercam/MoviDagos,huntercam,2019-08-06T19:58:07Z
200918517,https://github.com/salomaodeveloper/Cms-Uoba,salomaodeveloper,2019-08-06T20:17:49Z
200911406,https://github.com/simoheinonen/twdt-stats,simoheinonen,2019-08-06T19:23:52Z
200918781,https://github.com/victoria-ka/Print-Shop,victoria-ka,2019-08-06T20:19:51Z
200922224,https://github.com/mitnar/medicine,mitnar,2019-08-06T20:45:46Z
200922856,https://github.com/DiegoVel97/plataformaShalom,DiegoVel97,2019-08-06T20:51:17Z
200910547,https://github.com/matrousseau/Azure-Blob-Manager-PHP,matrousseau,2019-08-06T19:16:54Z
200914589,https://github.com/rafaldanis/LibCountry,rafaldanis,2019-08-06T19:46:48Z
200915321,https://github.com/TiagoCunhaDeveloper/storage,TiagoCunhaDeveloper,2019-08-06T19:52:28Z
200918458,https://github.com/ss3473/FAQ,ss3473,2019-08-06T20:17:22Z
200914963,https://github.com/ronniepereira/appcliente_laravel,ronniepereira,2019-08-06T19:49:37Z
200915111,https://github.com/harishkrishnan24/laravel-course,harishkrishnan24,2019-08-06T19:50:51Z
200913403,https://github.com/victoria-peinado/Arreglo-tarjeta,victoria-peinado,2019-08-06T19:38:30Z
200910401,https://github.com/santicoronel/TPTarjeta2019,santicoronel,2019-08-06T19:15:43Z
200914730,https://github.com/SergioRBJ/moodle-theme-test,SergioRBJ,2019-08-06T19:47:56Z
200914529,https://github.com/michalsen/emcomposertest,michalsen,2019-08-06T19:46:16Z
200909720,https://github.com/naslyAGUI/Internet-and-Applications-Assignment2,naslyAGUI,2019-08-06T19:11:17Z
200919818,https://github.com/salomaodeveloper/Rede-social-Taimber-Blue,salomaodeveloper,2019-08-06T20:27:26Z
https://github.com/mozammal89/360Ecourier,False,2019-08-06T19:01:33Z
https://github.com/Sidney-Dev/shopping-challenge,False,2019-08-06T20:06:13Z
https://github.com/rko1985/laravel_todo_app,False,2019-08-06T20:19:13Z
https://github.com/JasterTDC/ardu-component,False,2019-08-06T20:37:53Z
https://github.com/fumblaya/mysql-php-notes,False,2019-08-06T19:13:53Z
https://github.com/datanomi/symfonydemo1,False,2019-08-06T19:18:06Z
https://github.com/thled/symfony-docker,False,2019-08-06T20:00:07Z
https://github.com/mbublitz1/TravelExperts,False,2019-08-06T20:42:08Z
https://github.com/MathildeNardeux/portfolio,False,2019-08-06T20:23:16Z
https://github.com/Nebado/learning_php,False,2019-08-06T20:09:33Z