67308895,https://github.com/fluency-in/go,fluency-in,2016-09-03T19:52:51Z
67308718,https://github.com/chapsuk/crawler,chapsuk,2016-09-03T19:48:02Z
67308440,https://github.com/alfchee/UdemyGolang,alfchee,2016-09-03T19:41:44Z