76007381,https://github.com/react-native-component/react-native-smart-sortable-sudoku-grid,react-native-component,2016-12-09T06:15:12Z
76007550,https://github.com/optimizely/snippet-inspector,optimizely,2016-12-09T06:17:53Z
76009340,https://github.com/ychow/wechat-qqmusic,ychow,2016-12-09T06:45:49Z
76008749,https://github.com/hex-random/wilivery-web,hex-random,2016-12-09T06:36:44Z
76009985,https://github.com/xing0617/gulp-checkDomain,xing0617,2016-12-09T06:54:43Z
76009509,https://github.com/fengliner/format-json-pretty,fengliner,2016-12-09T06:48:10Z
76007259,https://github.com/ThomasBullock/FCCGameDevChallengeDec,ThomasBullock,2016-12-09T06:13:10Z
76010199,https://github.com/adg29/react-kanban,adg29,2016-12-09T06:58:00Z
76007072,https://github.com/AppWorkshop/facebookLoginOauthMeteorExample,AppWorkshop,2016-12-09T06:10:14Z
76009035,https://github.com/coryisbest0728/XMLParser,coryisbest0728,2016-12-09T06:41:15Z
76007924,https://github.com/pdroll/windowevents,pdroll,2016-12-09T06:23:43Z
76007196,https://github.com/yKanazawa/aws_monthly_amount,yKanazawa,2016-12-09T06:12:03Z
76009439,https://github.com/Agile-IoT/agile-idm-examples,Agile-IoT,2016-12-09T06:47:08Z
76008399,https://github.com/hedanto/webpack-action,hedanto,2016-12-09T06:31:24Z
76007086,https://github.com/hanhanhan/rattle,hanhanhan,2016-12-09T06:10:29Z
76007433,https://github.com/nishihong/onlyni,nishihong,2016-12-09T06:15:56Z
76006525,https://github.com/guiguan/ui-test,guiguan,2016-12-09T06:01:19Z
76006690,https://github.com/selfup/arduino_control,selfup,2016-12-09T06:03:44Z
76008095,https://github.com/andrewnick/angular-xeditable-ngAutocomplete,andrewnick,2016-12-09T06:26:22Z
76008330,https://github.com/johnnybad1/flasktutorial,johnnybad1,2016-12-09T06:30:09Z
76008754,https://github.com/arunkumar334/website-optimization,arunkumar334,2016-12-09T06:36:48Z
76007695,https://github.com/Adnan-Niloy/PMVC2_ATS_SEE-,Adnan-Niloy,2016-12-09T06:19:55Z
76006495,https://github.com/xiaocuihero/1118___,xiaocuihero,2016-12-09T06:00:53Z
76006850,https://github.com/younginnovations/events,younginnovations,2016-12-09T06:06:34Z
76006662,https://github.com/j-toma/why0rless.com,j-toma,2016-12-09T06:03:26Z
76007987,https://github.com/webwyz/electron-quick-start,webwyz,2016-12-09T06:24:46Z
76010255,https://github.com/theslyone/tech-terest,theslyone,2016-12-09T06:58:49Z
76006924,https://github.com/trcielomuyot/nodecrud,trcielomuyot,2016-12-09T06:07:51Z
76008607,https://github.com/cjg125/fe-pc-tmpl,cjg125,2016-12-09T06:34:30Z
76009192,https://github.com/SrinivasNarayansetty/Data-Strctures,SrinivasNarayansetty,2016-12-09T06:43:30Z
76009535,https://github.com/YISHIDE/webFrame,YISHIDE,2016-12-09T06:48:32Z
76009095,https://github.com/amyzhou2015/admin,amyzhou2015,2016-12-09T06:42:07Z
76009961,https://github.com/thinkeloquent/npm-browsersync-configuration,thinkeloquent,2016-12-09T06:54:21Z
76009666,https://github.com/biswarajkar/storyNext,biswarajkar,2016-12-09T06:50:27Z
76009703,https://github.com/chongg039/reactHackNews,chongg039,2016-12-09T06:50:56Z
76007784,https://github.com/xxyh/xxyh.github.io,xxyh,2016-12-09T06:21:21Z
76008273,https://github.com/barrard/expresssessions,barrard,2016-12-09T06:29:14Z
76008350,https://github.com/stevenyee99/node-course-2-todo-api,stevenyee99,2016-12-09T06:30:31Z
76007985,https://github.com/deodeveloper/languageApp,deodeveloper,2016-12-09T06:24:46Z
76009917,https://github.com/Negusun/projectGram,Negusun,2016-12-09T06:53:38Z
76010100,https://github.com/WEByangyang/test,WEByangyang,2016-12-09T06:56:31Z
76010189,https://github.com/johnark88/auth0twitterbot,johnark88,2016-12-09T06:57:49Z
76008044,https://github.com/yuolvv/TingBrowser,yuolvv,2016-12-09T06:25:37Z
76007421,https://github.com/eflynch/evanlyn.ch,eflynch,2016-12-09T06:15:48Z
76008946,https://github.com/ian-garrett/basketballStatistics,ian-garrett,2016-12-09T06:39:57Z
76008981,https://github.com/itteklove/Week1,itteklove,2016-12-09T06:40:27Z
76009258,https://github.com/zxj5588028/node_express,zxj5588028,2016-12-09T06:44:39Z
76009329,https://github.com/amitOodles/skeletonEthereum,amitOodles,2016-12-09T06:45:41Z
76007052,https://github.com/parmindersingh1/iAccelMob,parmindersingh1,2016-12-09T06:09:53Z
76007171,https://github.com/bitnbytesio/dialogX,bitnbytesio,2016-12-09T06:11:44Z
76009816,https://github.com/mattericbrown/reactPractice,mattericbrown,2016-12-09T06:52:21Z
76008937,https://github.com/TommyX12/tommyx12.github.io,TommyX12,2016-12-09T06:39:51Z
76008610,https://github.com/JeneralTso/ASIFAPortland_site_mockup,JeneralTso,2016-12-09T06:34:32Z
76008371,https://github.com/swatiY1025/project_repository1,swatiY1025,2016-12-09T06:31:06Z
76007633,https://github.com/LaurieWilliamsNZ/JavascriptDomPractice,LaurieWilliamsNZ,2016-12-09T06:19:00Z
76007993,https://github.com/Durgaprasadcv/MindShift,Durgaprasadcv,2016-12-09T06:24:50Z
76010310,https://github.com/markedelman/wronglyrics3,markedelman,2016-12-09T06:59:39Z
76007158,https://github.com/hcyfreedom/jsAnimation,hcyfreedom,2016-12-09T06:11:33Z
76007179,https://github.com/vardanmanoukian/angularFire,vardanmanoukian,2016-12-09T06:11:54Z
76010274,https://github.com/eflynch/eflynch.github.io,eflynch,2016-12-09T06:59:02Z
76009915,https://github.com/nlhuykhang/slides-meteor-server-stuffs-training,nlhuykhang,2016-12-09T06:53:36Z
76010155,https://github.com/koles/react-scripts-pr-1212,koles,2016-12-09T06:57:16Z
76009837,https://github.com/manpenghui/expressDemo,manpenghui,2016-12-09T06:52:43Z
76008665,https://github.com/aj120426394/Multi-function-site,aj120426394,2016-12-09T06:35:25Z
76008723,https://github.com/akhem301/express-files,akhem301,2016-12-09T06:36:24Z
76007885,https://github.com/Spanishiwa/ExpressHelloWorld,Spanishiwa,2016-12-09T06:23:03Z
76007965,https://github.com/lwross/jb-chrome-push-notification,lwross,2016-12-09T06:24:28Z
76008507,https://github.com/sgnsys3/2BKMUTT-Staff-Registration,sgnsys3,2016-12-09T06:33:01Z
76009184,https://github.com/jazzysnail/airdatejs,jazzysnail,2016-12-09T06:43:22Z
76006935,https://github.com/alljsh/sql-assessment,alljsh,2016-12-09T06:07:59Z
76009763,https://github.com/itiut/autolink-for-yugioh-card-wiki,itiut,2016-12-09T06:51:39Z
76007898,https://github.com/pomejs/pome-logger,pomejs,2016-12-09T06:23:14Z
76007930,https://github.com/whitekkk/whitetest001,whitekkk,2016-12-09T06:23:52Z
76007547,https://github.com/aungmyozaw92/mmentertainment,aungmyozaw92,2016-12-09T06:17:52Z
76009827,https://github.com/rmagnum2002/sweets,rmagnum2002,2016-12-09T06:52:35Z
76008895,https://github.com/yashasm/ebay-Webservice-client,yashasm,2016-12-09T06:38:58Z
76006949,https://github.com/DougKeller/ISP-Final,DougKeller,2016-12-09T06:08:16Z
76008463,https://github.com/seniorsam/My-todo-list-app,seniorsam,2016-12-09T06:32:24Z
76006631,https://github.com/San-github/project1_1,San-github,2016-12-09T06:02:51Z
76008240,https://github.com/pomejs/pome-masterha-plugin,pomejs,2016-12-09T06:28:46Z
76008491,https://github.com/nikolaiwarner/letsfigurethisouttogether,nikolaiwarner,2016-12-09T06:32:52Z
76009348,https://github.com/aporat48/node-course-2-chat-app,aporat48,2016-12-09T06:45:54Z
76009399,https://github.com/FirstYangYang/demo,FirstYangYang,2016-12-09T06:46:37Z
76009424,https://github.com/dengpplive/NextCMS,dengpplive,2016-12-09T06:46:59Z
76009440,https://github.com/Squallac/test_catalog,Squallac,2016-12-09T06:47:09Z
76007046,https://github.com/Chung-I/soyun-crawler,Chung-I,2016-12-09T06:09:49Z
76007077,https://github.com/edwardcoo/edc-common,edwardcoo,2016-12-09T06:10:18Z
76010197,https://github.com/desjarlais/desjarlais.github.io,desjarlais,2016-12-09T06:57:57Z
76008510,https://github.com/wolfstark/reader,wolfstark,2016-12-09T06:33:05Z
76008549,https://github.com/ALLENLIN-CHEN/base,ALLENLIN-CHEN,2016-12-09T06:33:43Z
76008117,https://github.com/snipertulip/web_amfe,snipertulip,2016-12-09T06:26:54Z
76008178,https://github.com/JANGFREEMAN/leaderboard-by-react,JANGFREEMAN,2016-12-09T06:27:48Z
76007572,https://github.com/kundaliaivar/apttus,kundaliaivar,2016-12-09T06:18:11Z
76008927,https://github.com/Rouge111/G-Watch,Rouge111,2016-12-09T06:39:33Z
76006932,https://github.com/yunfat/yunfat.github.com,yunfat,2016-12-09T06:07:56Z
76007807,https://github.com/winnieverzosa/fifteen-puzzle,winnieverzosa,2016-12-09T06:21:41Z
76007321,https://github.com/Little-Phoenix/gameWebsite,Little-Phoenix,2016-12-09T06:14:11Z
76006714,https://github.com/RZeni/Cross-Platform-Hybrid-Starter,RZeni,2016-12-09T06:04:06Z
76008291,https://github.com/ChangeZhang/wx-demo,ChangeZhang,2016-12-09T06:29:31Z
76008388,https://github.com/agolomazov/sketchschool,agolomazov,2016-12-09T06:31:17Z
76007654,https://github.com/oscaroceguera/Image-gallery-react-redux-saga,oscaroceguera,2016-12-09T06:19:19Z
76009792,https://github.com/tomo-rrrr/arc-progress,tomo-rrrr,2016-12-09T06:52:08Z
76008026,https://github.com/study-machine/noteforoversea,study-machine,2016-12-09T06:25:18Z
76007409,https://github.com/kartikeya100/Socket-React-Chat-App,kartikeya100,2016-12-09T06:15:33Z
76007474,https://github.com/vientang/javascript-vanilla-apps,vientang,2016-12-09T06:16:45Z
76007842,https://github.com/liumianmian/IM_nodejs,liumianmian,2016-12-09T06:22:15Z
76007959,https://github.com/yuichkun/midi-generator,yuichkun,2016-12-09T06:24:20Z
76006490,https://github.com/kalaspuffar/whatshappning,kalaspuffar,2016-12-09T06:00:47Z
76009260,https://github.com/Judy2013/mfang,Judy2013,2016-12-09T06:44:41Z
76007169,https://github.com/simonszc/sart-portfolio-init,simonszc,2016-12-09T06:11:43Z
76009507,https://github.com/yonyouyc/webpack-i18n-multipage,yonyouyc,2016-12-09T06:48:07Z
76009951,https://github.com/Metatavu/tnp-app,Metatavu,2016-12-09T06:54:15Z
76009886,https://github.com/smc395/Angular2Tutorial,smc395,2016-12-09T06:53:16Z
76008082,https://github.com/beconomist/asyn_dev,beconomist,2016-12-09T06:26:11Z
76008202,https://github.com/tinoliveria/testing,tinoliveria,2016-12-09T06:28:08Z
76008028,https://github.com/johnhays/QSOfinder,johnhays,2016-12-09T06:25:18Z
76009120,https://github.com/pomejs/pome-monitor,pomejs,2016-12-09T06:42:28Z
76007068,https://github.com/genmmao/vue2-example,genmmao,2016-12-09T06:10:08Z
76006697,https://github.com/shgtkshruch/drag-circles,shgtkshruch,2016-12-09T06:03:53Z
76006801,https://github.com/MyFreeCodeCampCode/CheckforPalindromes,MyFreeCodeCampCode,2016-12-09T06:05:32Z
76007922,https://github.com/tangzanarak5/tamadeetorjai,tangzanarak5,2016-12-09T06:23:39Z
76007349,https://github.com/shikyowang/test,shikyowang,2016-12-09T06:14:41Z
76007495,https://github.com/BillyQin/canvas,BillyQin,2016-12-09T06:17:06Z
76008519,https://github.com/dubeyharshit/FogUI,dubeyharshit,2016-12-09T06:33:11Z
76008706,https://github.com/arunkumar334/arcade-game-clone,arunkumar334,2016-12-09T06:36:08Z
76007901,https://github.com/webstersolutions/webstertracker,webstersolutions,2016-12-09T06:23:18Z
76010034,https://github.com/danyelangel/timetracker,danyelangel,2016-12-09T06:55:30Z
76009604,https://github.com/YihuaWanglv/icms,YihuaWanglv,2016-12-09T06:49:33Z
76008336,https://github.com/iquallinfo/Laravel-With-Mongodb,iquallinfo,2016-12-09T06:30:15Z
76010073,https://github.com/delaguilaluis/confit-workshop,delaguilaluis,2016-12-09T06:56:09Z
76008466,https://github.com/martin-banks/expandingCards,martin-banks,2016-12-09T06:32:27Z
76008834,https://github.com/RobertCool/transmd,RobertCool,2016-12-09T06:38:02Z
76007834,https://github.com/uerbin/parse_html_by_config,uerbin,2016-12-09T06:22:11Z
76006496,https://github.com/piotr-sobczyk/dsr-angular-starter,piotr-sobczyk,2016-12-09T06:00:54Z
76010289,https://github.com/jubeatWwW/REMdomDinner,jubeatWwW,2016-12-09T06:59:14Z
76009668,https://github.com/vitthalbhakad/DemoProject,vitthalbhakad,2016-12-09T06:50:29Z
76006980,https://github.com/michellenguyen/ClassProject1,michellenguyen,2016-12-09T06:08:46Z
76008934,https://github.com/divanvisagie/redux-nodebot,divanvisagie,2016-12-09T06:39:48Z
76009198,https://github.com/nelsliu9121/md2png,nelsliu9121,2016-12-09T06:43:37Z
76007840,https://github.com/jzzj/injector,jzzj,2016-12-09T06:22:14Z