69162957,https://github.com/Core-Xii/freqwordseq-legacy-,Core-Xii,2016-09-25T12:28:32Z
69164229,https://github.com/sadovnik/fs,sadovnik,2016-09-25T12:55:35Z
69164117,https://github.com/Restlin/PjaxIndicator,Restlin,2016-09-25T12:53:09Z
69163514,https://github.com/SteamScore/api,SteamScore,2016-09-25T12:39:51Z
69163895,https://github.com/HanamaruSS/to-do-list,HanamaruSS,2016-09-25T12:48:08Z
69161919,https://github.com/Y-Power/handcraft-expo,Y-Power,2016-09-25T12:05:14Z
69162437,https://github.com/digitalpencil/colbeckwedding,digitalpencil,2016-09-25T12:16:43Z
69163737,https://github.com/anchorhuy/timetable,anchorhuy,2016-09-25T12:44:46Z
69163738,https://github.com/ATechWriter/foobooks,ATechWriter,2016-09-25T12:44:48Z
69163111,https://github.com/nckvn/manager,nckvn,2016-09-25T12:31:36Z
69163353,https://github.com/CilooW/quetepoo,CilooW,2016-09-25T12:36:24Z
69163067,https://github.com/toxypapi/myphotographe,toxypapi,2016-09-25T12:30:46Z
69163308,https://github.com/subhanshup/LaQshya-2014,subhanshup,2016-09-25T12:35:35Z
69162016,https://github.com/bucha1989/photokredit,bucha1989,2016-09-25T12:07:19Z
69163698,https://github.com/mixiaojiong/yaf_demo,mixiaojiong,2016-09-25T12:43:52Z
69162739,https://github.com/CI3-guide/tutorial-apps,CI3-guide,2016-09-25T12:23:58Z
69163502,https://github.com/diogocezar/dctb-docker-wordpress,diogocezar,2016-09-25T12:39:34Z
69162996,https://github.com/vyctory/venus-bash,vyctory,2016-09-25T12:29:18Z
69162789,https://github.com/qyqax/repshub,qyqax,2016-09-25T12:25:12Z
69163257,https://github.com/zhu-xiaoyuan/NewVote,zhu-xiaoyuan,2016-09-25T12:34:30Z
69164188,https://github.com/proggR/wedding,proggR,2016-09-25T12:54:29Z
69163659,https://github.com/UnicornInReverse/feestboek,UnicornInReverse,2016-09-25T12:42:49Z
69161898,https://github.com/canteroferron/AnabelBlog,canteroferron,2016-09-25T12:04:24Z
69164001,https://github.com/LawlietZe/Message-Comments,LawlietZe,2016-09-25T12:50:25Z
69163441,https://github.com/angular-tools/php-test,angular-tools,2016-09-25T12:38:20Z