21970806,https://github.com/pirumpi/tiny-router,pirumpi,2014-07-18T06:47:59Z
21969729,https://github.com/jalbertbowden/indesign-scripting,jalbertbowden,2014-07-18T06:11:29Z
21970629,https://github.com/gavinning/dir,gavinning,2014-07-18T06:40:55Z
21969488,https://github.com/rukmal/showcase,rukmal,2014-07-18T06:01:36Z
21969552,https://github.com/Empired/Snippets,Empired,2014-07-18T06:04:06Z
21969542,https://github.com/kmanchanda/HTML5Game,kmanchanda,2014-07-18T06:03:42Z
21970720,https://github.com/gnunicorn/discourse-plugin-custom-content-layouts,gnunicorn,2014-07-18T06:45:00Z
21970641,https://github.com/jhudson8/fancydocs,jhudson8,2014-07-18T06:41:29Z
21970338,https://github.com/dca/node-api-hooks,dca,2014-07-18T06:29:35Z
21970651,https://github.com/chitoku-k/SystemInfo,chitoku-k,2014-07-18T06:41:49Z
21970916,https://github.com/tuukkapuranen/signalrdemo,tuukkapuranen,2014-07-18T06:52:15Z
21971052,https://github.com/internetsadboy/short-url,internetsadboy,2014-07-18T06:58:33Z
21969743,https://github.com/SUSTC/EryaDanmaku,SUSTC,2014-07-18T06:11:52Z
21969845,https://github.com/UltCombo/node-static-test-125,UltCombo,2014-07-18T06:16:08Z
21970274,https://github.com/berg-rickard/goofy-peer,berg-rickard,2014-07-18T06:27:40Z
21969555,https://github.com/cfperrone/polar,cfperrone,2014-07-18T06:04:15Z
21971078,https://github.com/barallat/slidifyProject,barallat,2014-07-18T06:59:53Z
21970270,https://github.com/ionutivan1/newsample_app,ionutivan1,2014-07-18T06:27:27Z
21970168,https://github.com/MLHale/mlhale.github.io,MLHale,2014-07-18T06:24:50Z
21970545,https://github.com/minimo/TouchDeShot,minimo,2014-07-18T06:37:32Z
21969735,https://github.com/mannyhappenings/XML-Editor,mannyhappenings,2014-07-18T06:11:36Z
21970561,https://github.com/devWayne/web-starter-template,devWayne,2014-07-18T06:37:52Z
21970910,https://github.com/PitBult/shorturl,PitBult,2014-07-18T06:52:08Z
21970906,https://github.com/designerguru/EmployeeDirectoryJQM,designerguru,2014-07-18T06:51:59Z
21970560,https://github.com/bfricka/node-gource,bfricka,2014-07-18T06:37:52Z
21970747,https://github.com/hernus/system_romeo_mobile,hernus,2014-07-18T06:45:56Z
21969881,https://github.com/JSoon/EzineMetroUI,JSoon,2014-07-18T06:17:00Z
21970079,https://github.com/newroc/hexo-additional-asset,newroc,2014-07-18T06:22:19Z
21970141,https://github.com/drewmoore/memoryGame,drewmoore,2014-07-18T06:24:13Z
21969474,https://github.com/chrissharkey/chrissharkey.github.io,chrissharkey,2014-07-18T06:00:59Z
21969507,https://github.com/mwurzberger/backbone-enhanced,mwurzberger,2014-07-18T06:02:31Z
21969632,https://github.com/SticksInHand/jsexample,SticksInHand,2014-07-18T06:07:03Z
21970105,https://github.com/mattluurocks/plantrbot-desktop,mattluurocks,2014-07-18T06:23:15Z
21969741,https://github.com/kevinhuanglds/wardhelper2,kevinhuanglds,2014-07-18T06:11:50Z
21970654,https://github.com/sandeepchhapola/SessionManagement,sandeepchhapola,2014-07-18T06:42:01Z
21971018,https://github.com/zcfrank1st/PushServer_express,zcfrank1st,2014-07-18T06:56:44Z
21970386,https://github.com/fish7929/shandongcherry,fish7929,2014-07-18T06:30:54Z
21970293,https://github.com/seedalpha/component-headhesive,seedalpha,2014-07-18T06:28:02Z
21969702,https://github.com/Marekje/marekje.github.io,Marekje,2014-07-18T06:10:04Z
21970090,https://github.com/nerdible/itsfriday.github.com,nerdible,2014-07-18T06:22:45Z
21970818,https://github.com/ProfFan/iGEMWikiHelper,ProfFan,2014-07-18T06:48:26Z
21970198,https://github.com/dowenliu-xyz/solr-deploy,dowenliu-xyz,2014-07-18T06:25:25Z
21970265,https://github.com/AllInWeb/allinweb-Yii,AllInWeb,2014-07-18T06:27:16Z
21969867,https://github.com/zhou-yg/displayControler,zhou-yg,2014-07-18T06:16:47Z
21969492,https://github.com/jamkcas/drag,jamkcas,2014-07-18T06:01:55Z
21969760,https://github.com/MFarmer/Calculator_jQuery,MFarmer,2014-07-18T06:12:50Z
21969933,https://github.com/polyome/Muphic-Online-beta,polyome,2014-07-18T06:18:11Z
21969993,https://github.com/lilysvain/intergral-circle,lilysvain,2014-07-18T06:19:58Z
21970406,https://github.com/pmuellr/possum,pmuellr,2014-07-18T06:31:41Z
21970875,https://github.com/BigIroh/diffserv-demo,BigIroh,2014-07-18T06:50:32Z
21969719,https://github.com/xsxR00t/survelillance-camera,xsxR00t,2014-07-18T06:10:57Z