95607981,https://github.com/kometen/http_post,kometen,2017-06-27T23:03:07Z
95610432,https://github.com/pbnj/petya-killswitch,pbnj,2017-06-27T23:52:27Z
95608682,https://github.com/devinmcgloin/clr,devinmcgloin,2017-06-27T23:16:45Z
95608047,https://github.com/mainiak/move2gogs,mainiak,2017-06-27T23:04:20Z
95607849,https://github.com/piiih/repo_test,piiih,2017-06-27T23:01:16Z
95610446,https://github.com/wangzhqiang/golib,wangzhqiang,2017-06-27T23:52:38Z
95608345,https://github.com/mdaisuke/gobantam,mdaisuke,2017-06-27T23:10:27Z
95608500,https://github.com/balegas/GGC,balegas,2017-06-27T23:13:10Z
95609156,https://github.com/Javin-Ambridge/go-practice,Javin-Ambridge,2017-06-27T23:25:58Z