43841094,https://github.com/dennybritz/neal-react,dennybritz,2015-10-07T19:50:23Z
43840217,https://github.com/A9T9/Copyfish,A9T9,2015-10-07T19:34:18Z
43841205,https://github.com/bjorxi/frodo,bjorxi,2015-10-07T19:52:51Z
43841338,https://github.com/kubernetes-ui/container-terminal,kubernetes-ui,2015-10-07T19:55:39Z
43841203,https://github.com/sindresorhus/wallpaper-cli,sindresorhus,2015-10-07T19:52:46Z
43838736,https://github.com/dzannotti/reactive2015,dzannotti,2015-10-07T19:08:21Z
43841145,https://github.com/bitpay/i-made-this,bitpay,2015-10-07T19:51:40Z
43841195,https://github.com/risq/transceiver,risq,2015-10-07T19:52:32Z
43841107,https://github.com/bitpay/lemonade-stand,bitpay,2015-10-07T19:50:51Z
43839771,https://github.com/hapijs/teamwork,hapijs,2015-10-07T19:25:55Z
43839682,https://github.com/inventid/gennie,inventid,2015-10-07T19:24:24Z
43840551,https://github.com/stevefaeembra/MakeNamedVectorGrid,stevefaeembra,2015-10-07T19:40:02Z
43838455,https://github.com/brunneus/Webgl-Viewport,brunneus,2015-10-07T19:03:21Z
43839060,https://github.com/jugglinmike/node-http-port-guard,jugglinmike,2015-10-07T19:13:15Z
43841031,https://github.com/bitpay/satoshi-fire-alarm,bitpay,2015-10-07T19:48:52Z
43838719,https://github.com/michalkasparek/WishYouWereHere,michalkasparek,2015-10-07T19:08:00Z
43838276,https://github.com/redbabel/maap,redbabel,2015-10-07T19:00:18Z
43841404,https://github.com/mrblueblue/react-stateful-input,mrblueblue,2015-10-07T19:57:07Z
43840626,https://github.com/sheeley/csproj-check,sheeley,2015-10-07T19:41:38Z
43839794,https://github.com/KirillSuhodolov/ember-cli-opentok-calls,KirillSuhodolov,2015-10-07T19:26:21Z
43839859,https://github.com/joe916/jemp-text-editor,joe916,2015-10-07T19:27:32Z
43838445,https://github.com/coconitro/mumble-soundboard,coconitro,2015-10-07T19:03:09Z
43841090,https://github.com/jeann2013/apede,jeann2013,2015-10-07T19:50:19Z
43840868,https://github.com/webartistkb/All-Dependency-Files,webartistkb,2015-10-07T19:45:39Z
43839410,https://github.com/Xantier/hubot-dublin-luas,Xantier,2015-10-07T19:19:44Z
43839245,https://github.com/antoniofurone/cy-bss-ironhorse,antoniofurone,2015-10-07T19:16:38Z
43839323,https://github.com/leonardovff/selectTree-html,leonardovff,2015-10-07T19:18:15Z
43839036,https://github.com/M1r3l/Practicas,M1r3l,2015-10-07T19:12:55Z
43839838,https://github.com/eerlikh/activityManager,eerlikh,2015-10-07T19:27:08Z
43840223,https://github.com/eaguilarjz/bubblio,eaguilarjz,2015-10-07T19:34:24Z
43840366,https://github.com/amitgaur/react-github-notes,amitgaur,2015-10-07T19:36:46Z
43839652,https://github.com/ryankmcintyre/P20SummerCamp,ryankmcintyre,2015-10-07T19:24:03Z
43840881,https://github.com/shenron/injector-js,shenron,2015-10-07T19:45:49Z
43841169,https://github.com/nateschulte/resistanceslackbot,nateschulte,2015-10-07T19:52:05Z
43838705,https://github.com/oeeckhoutte/Facebook_Check_Bday,oeeckhoutte,2015-10-07T19:07:46Z
43841502,https://github.com/udaiyamnmGITHUB/MEAN-STACK-APPLICATIONS,udaiyamnmGITHUB,2015-10-07T19:59:18Z
43839536,https://github.com/ankurkapur/GenericControls,ankurkapur,2015-10-07T19:22:05Z
43838815,https://github.com/gfrethem/prime_peer_db_01,gfrethem,2015-10-07T19:09:41Z
43838490,https://github.com/dpdwilson/dpdwilson.github.io,dpdwilson,2015-10-07T19:03:57Z
43839068,https://github.com/kodemates/api-query-logger,kodemates,2015-10-07T19:13:19Z
43839101,https://github.com/Joby890/APRS-Tweet-Updater,Joby890,2015-10-07T19:13:56Z
43840651,https://github.com/beckx400/prime_peer_db_01,beckx400,2015-10-07T19:42:07Z
43840917,https://github.com/tera-insights/angular-d3calendar,tera-insights,2015-10-07T19:46:27Z
43839591,https://github.com/tenthdoctor/node-rest,tenthdoctor,2015-10-07T19:23:04Z
43838816,https://github.com/TylerGarlick/microservice-api,TylerGarlick,2015-10-07T19:09:42Z
43839053,https://github.com/jamestalmage/caching-stream,jamestalmage,2015-10-07T19:13:08Z
43839937,https://github.com/corifowler/js-carousel,corifowler,2015-10-07T19:28:55Z
43840063,https://github.com/ValYouW/PhotoImp,ValYouW,2015-10-07T19:31:18Z
43840471,https://github.com/spielbuch/example-en,spielbuch,2015-10-07T19:38:38Z
43841241,https://github.com/amitshah86/Assignment11,amitshah86,2015-10-07T19:53:47Z
43839010,https://github.com/dangn/floret,dangn,2015-10-07T19:12:36Z
43838292,https://github.com/jonnyporter/PhoneMines,jonnyporter,2015-10-07T19:00:35Z
43838284,https://github.com/nomocas/routedsl,nomocas,2015-10-07T19:00:25Z
43841212,https://github.com/ifyio/silently,ifyio,2015-10-07T19:52:54Z
43840727,https://github.com/ToneDen/Styleguide,ToneDen,2015-10-07T19:43:30Z
43840793,https://github.com/john-fitz/JS_QUIZ,john-fitz,2015-10-07T19:44:19Z
43839256,https://github.com/ciudadanointeligente/deldichoalhecho-js,ciudadanointeligente,2015-10-07T19:16:52Z
43839377,https://github.com/hmagph/iot-play-sample,hmagph,2015-10-07T19:19:11Z
43838373,https://github.com/foundling/terminal-weather,foundling,2015-10-07T19:02:00Z
43838656,https://github.com/anlor/mono-filter,anlor,2015-10-07T19:06:53Z
43840125,https://github.com/yossi-halfin/budgetApp,yossi-halfin,2015-10-07T19:32:33Z
43840357,https://github.com/cloew/kao-ng-input,cloew,2015-10-07T19:36:40Z
43840854,https://github.com/xmalmorthen/angularCharts,xmalmorthen,2015-10-07T19:45:30Z
43841487,https://github.com/titusjohnson/mysql-slow-query-log-visualizer,titusjohnson,2015-10-07T19:59:01Z
43841488,https://github.com/JeanelM123/Underscore-Lodash,JeanelM123,2015-10-07T19:59:02Z
43839278,https://github.com/athombv/com.heatmiser,athombv,2015-10-07T19:17:22Z
43841084,https://github.com/jochhop/femhopepfc,jochhop,2015-10-07T19:50:06Z
43841105,https://github.com/pawan-s/javascript-midterm,pawan-s,2015-10-07T19:50:49Z
43839759,https://github.com/mrspaularich/data-viz-p,mrspaularich,2015-10-07T19:25:40Z
43839906,https://github.com/DecayApple/nodePrac,DecayApple,2015-10-07T19:28:24Z
43839416,https://github.com/montyanderson/pgp-server,montyanderson,2015-10-07T19:19:49Z
43839427,https://github.com/ARozar/firstTypeScript,ARozar,2015-10-07T19:19:56Z
43838994,https://github.com/RyanKornyk/Comp2068-Assignment1,RyanKornyk,2015-10-07T19:12:28Z
43839792,https://github.com/leeyuanguang/sia-app-challenge-tablet,leeyuanguang,2015-10-07T19:26:20Z
43840768,https://github.com/ryanrittenhouse/frontend-nanodegree-resume,ryanrittenhouse,2015-10-07T19:43:50Z
43839253,https://github.com/origamiwolf/DevelopingDataProducts,origamiwolf,2015-10-07T19:16:50Z
43839255,https://github.com/ackuser/d3plus-angular-sample,ackuser,2015-10-07T19:16:51Z
43841054,https://github.com/pei-lun/slack-introduction,pei-lun,2015-10-07T19:49:21Z
43839106,https://github.com/JarvusInnovations/jarvus-fileupload,JarvusInnovations,2015-10-07T19:14:01Z
43838517,https://github.com/Devtron718/snake.js,Devtron718,2015-10-07T19:04:25Z
43838533,https://github.com/pandreyn/petkevich.info,pandreyn,2015-10-07T19:04:43Z
43840378,https://github.com/curtiszimmerman/peer2peer,curtiszimmerman,2015-10-07T19:37:00Z
43839227,https://github.com/luizpvas/rtbase,luizpvas,2015-10-07T19:16:19Z
43838978,https://github.com/tuzilingdang/anim-demo1,tuzilingdang,2015-10-07T19:12:16Z
43838309,https://github.com/Rendxx/BowerTemplate,Rendxx,2015-10-07T19:00:50Z
43841071,https://github.com/bbathel/url-opener.js,bbathel,2015-10-07T19:49:47Z
43840479,https://github.com/brntsllvn/infinitejestdaily,brntsllvn,2015-10-07T19:38:49Z
43840763,https://github.com/davidblumer/GetColorAverage,davidblumer,2015-10-07T19:43:46Z
43840999,https://github.com/arroinua/uccadmin,arroinua,2015-10-07T19:48:15Z
43839658,https://github.com/gconnelljr/downtown,gconnelljr,2015-10-07T19:24:06Z
43840822,https://github.com/adrianblynch/dude-wheres-my-bus-stop,adrianblynch,2015-10-07T19:44:58Z
43839671,https://github.com/tlavon/generator-neeshgee,tlavon,2015-10-07T19:24:15Z
43840043,https://github.com/WesAspinall/etsy11,WesAspinall,2015-10-07T19:30:53Z
43840515,https://github.com/kctiley/authentication-in-express,kctiley,2015-10-07T19:39:25Z
43838300,https://github.com/Rafailong/corpfolder-throttling-rules-tests,Rafailong,2015-10-07T19:00:43Z
43838379,https://github.com/m4robb/utilities,m4robb,2015-10-07T19:02:07Z
43838739,https://github.com/smrq/symposium-2015,smrq,2015-10-07T19:08:22Z
43839021,https://github.com/semitaho/tloc-native,semitaho,2015-10-07T19:12:42Z
43841327,https://github.com/rossindiegogo/freezer,rossindiegogo,2015-10-07T19:55:24Z
43840477,https://github.com/fgc29/tweet-search,fgc29,2015-10-07T19:38:45Z
43839151,https://github.com/EkaterinaDidenko/My-Projects,EkaterinaDidenko,2015-10-07T19:14:49Z
43839296,https://github.com/RobLuke/react-fun,RobLuke,2015-10-07T19:17:46Z
43838328,https://github.com/pixelizedPeanut/pLacebo,pixelizedPeanut,2015-10-07T19:01:15Z
43839111,https://github.com/ffossum/react-redux-router-example,ffossum,2015-10-07T19:14:03Z
43839155,https://github.com/GerHarte/S3toTSNE,GerHarte,2015-10-07T19:14:52Z
43840689,https://github.com/sauramirez/brisque,sauramirez,2015-10-07T19:42:53Z
43840709,https://github.com/Xvakin/project-starter-pack,Xvakin,2015-10-07T19:43:12Z
43839285,https://github.com/chrisatthestudy/onegame-03-tunnelblast,chrisatthestudy,2015-10-07T19:17:28Z
43839486,https://github.com/pippinlee/filesize-cli,pippinlee,2015-10-07T19:21:06Z
43840437,https://github.com/smoll/ember-sinatra-test,smoll,2015-10-07T19:38:05Z
43838929,https://github.com/helenakolodko/JavaScript.Tasks,helenakolodko,2015-10-07T19:11:31Z
43840661,https://github.com/NickCulbertson/VidTest,NickCulbertson,2015-10-07T19:42:23Z