170522545,https://github.com/empathyco/ops-aws-vpn,empathyco,2019-02-13T14:34:43Z
170522929,https://github.com/chai2010/wc,chai2010,2019-02-13T14:37:13Z
170521562,https://github.com/travis-g/vault-ipfs,travis-g,2019-02-13T14:28:39Z
170518420,https://github.com/recoilme/googleplaymusic,recoilme,2019-02-13T14:08:31Z
170519465,https://github.com/fridgecow/smartalarm-server,fridgecow,2019-02-13T14:15:12Z
170522444,https://github.com/lpisces/nginxc,lpisces,2019-02-13T14:34:08Z
170524298,https://github.com/murali-reddy/mesh-perf,murali-reddy,2019-02-13T14:46:13Z
170522132,https://github.com/bobbytrapz/hinatazaka,bobbytrapz,2019-02-13T14:32:10Z
170521916,https://github.com/maxkondr/ba-ua-profile-htek,maxkondr,2019-02-13T14:30:48Z
170520660,https://github.com/cloudnoize/conv,cloudnoize,2019-02-13T14:22:48Z
170521133,https://github.com/firstsecret/gowebsocket,firstsecret,2019-02-13T14:25:55Z
170524269,https://github.com/ringoid/perforator,ringoid,2019-02-13T14:46:00Z
170523497,https://github.com/fluidkeys/mailchimp-to-google-form,fluidkeys,2019-02-13T14:40:49Z
170525118,https://github.com/rdoorn/bluetoothtracker,rdoorn,2019-02-13T14:51:10Z
170521637,https://github.com/lukehwang/1m-go-server,lukehwang,2019-02-13T14:29:05Z
170525050,https://github.com/rv404674/go-Lang-Training,rv404674,2019-02-13T14:50:46Z
170518967,https://github.com/altaudio/go-server,altaudio,2019-02-13T14:11:55Z
170519015,https://github.com/Meyhem/go-pewnit,Meyhem,2019-02-13T14:12:20Z
170523706,https://github.com/nozo-moto/pomodoro.nvim,nozo-moto,2019-02-13T14:42:11Z