76222279,https://github.com/opencollective/opencollective-frontend,opencollective,2016-12-12T04:36:39Z
76220803,https://github.com/slipkinem/vue-admin,slipkinem,2016-12-12T04:02:34Z
76220723,https://github.com/joemaller/version-everything,joemaller,2016-12-12T04:01:02Z
76221177,https://github.com/kylemacey/crystal-tiger-dice,kylemacey,2016-12-12T04:10:51Z
76222588,https://github.com/russellmcc/ld37-imp,russellmcc,2016-12-12T04:43:44Z
76221675,https://github.com/kurtisdunn/backbonejs-es6-classes-starter,kurtisdunn,2016-12-12T04:23:06Z
76223076,https://github.com/discourse/discourse-unhandled-tagger,discourse,2016-12-12T04:54:48Z
76222260,https://github.com/gregdelozier/gregdelozier.github.io,gregdelozier,2016-12-12T04:36:12Z
76221600,https://github.com/dlindahl/eugene-skills,dlindahl,2016-12-12T04:21:19Z
76221378,https://github.com/indiebryan/feesheets,indiebryan,2016-12-12T04:15:46Z
76221034,https://github.com/kevinokerlund/content-change,kevinokerlund,2016-12-12T04:07:40Z
76221124,https://github.com/marthematicist/quadTreeArtMode,marthematicist,2016-12-12T04:09:49Z
76221697,https://github.com/louispvb/node-batch-follow,louispvb,2016-12-12T04:23:33Z
76221842,https://github.com/pasing/OpenLayers3-Example,pasing,2016-12-12T04:26:46Z
76223314,https://github.com/RosePowder/App-jurney,RosePowder,2016-12-12T04:59:26Z
76222007,https://github.com/LouisLeWild/slnstate,LouisLeWild,2016-12-12T04:30:29Z
76220922,https://github.com/MergeMerge/test1,MergeMerge,2016-12-12T04:05:00Z
76222454,https://github.com/JustinRyanCarlson/LIRI-Bot,JustinRyanCarlson,2016-12-12T04:40:41Z
76222677,https://github.com/30DaysofVanilla/countdown_clock,30DaysofVanilla,2016-12-12T04:45:49Z
76222215,https://github.com/pussyty/website,pussyty,2016-12-12T04:35:17Z
76221424,https://github.com/nathanerx/examen-ml,nathanerx,2016-12-12T04:16:58Z
76222437,https://github.com/dennisjohn13/react-learning,dennisjohn13,2016-12-12T04:40:20Z
76222706,https://github.com/Server4001/data-structures-and-algorithms-js,Server4001,2016-12-12T04:46:22Z
76222941,https://github.com/BanuPrakash/VISA_ANG,BanuPrakash,2016-12-12T04:51:47Z
76223205,https://github.com/tpntrevor/bchart,tpntrevor,2016-12-12T04:57:13Z
76223325,https://github.com/alexandropavlov/movie-finder,alexandropavlov,2016-12-12T04:59:40Z
76221789,https://github.com/GregoryProuty/ChoreBot,GregoryProuty,2016-12-12T04:25:27Z
76221917,https://github.com/hutomo-s/travelink,hutomo-s,2016-12-12T04:28:35Z
76222779,https://github.com/purwokertodev/wurys-chat-nodejs-socketio,purwokertodev,2016-12-12T04:47:57Z
76221718,https://github.com/codeResolver/AngularJS,codeResolver,2016-12-12T04:24:04Z
76222540,https://github.com/hubingg/test,hubingg,2016-12-12T04:42:48Z
76223211,https://github.com/luguofei123/pageDefined,luguofei123,2016-12-12T04:57:20Z
76221155,https://github.com/eachcan/proo,eachcan,2016-12-12T04:10:29Z
76221949,https://github.com/napcs/checkitapp,napcs,2016-12-12T04:29:18Z
76223027,https://github.com/konstantin24121/hub,konstantin24121,2016-12-12T04:53:48Z
76220753,https://github.com/FalconWiz/javascript-project-boilerplate,FalconWiz,2016-12-12T04:01:28Z
76222028,https://github.com/AnastasiyaYelets/3-Super-Secret-Facts,AnastasiyaYelets,2016-12-12T04:31:00Z
76222585,https://github.com/RosePowder/angular1,RosePowder,2016-12-12T04:43:42Z
76220740,https://github.com/HomyChen/Assignment-3,HomyChen,2016-12-12T04:01:13Z
76220870,https://github.com/oculardata/ocular,oculardata,2016-12-12T04:03:58Z
76223161,https://github.com/norganna/open-keto-journal,norganna,2016-12-12T04:56:12Z
76221036,https://github.com/mariovzc/keyInfo,mariovzc,2016-12-12T04:07:41Z
76221335,https://github.com/imagitama/gitlab-notifications,imagitama,2016-12-12T04:14:31Z
76221471,https://github.com/AN1TAMARY/weboptimization,AN1TAMARY,2016-12-12T04:18:17Z
76221964,https://github.com/inside2504/Sistemas,inside2504,2016-12-12T04:29:40Z
76222492,https://github.com/toladata/tolaboard,toladata,2016-12-12T04:41:42Z
76222240,https://github.com/napcs/groupsorter,napcs,2016-12-12T04:35:46Z
76220726,https://github.com/thodges314/EightQueens,thodges314,2016-12-12T04:01:05Z
76220800,https://github.com/sinthetix/gw2-showcase,sinthetix,2016-12-12T04:02:33Z
76223318,https://github.com/ShacoY/socket-chatroom,ShacoY,2016-12-12T04:59:31Z
76221225,https://github.com/JenPhD/UpStarMusic,JenPhD,2016-12-12T04:11:41Z
76221890,https://github.com/ozyx/ozyx.github.io,ozyx,2016-12-12T04:27:39Z
76220846,https://github.com/YeisonGomez/Sara,YeisonGomez,2016-12-12T04:03:26Z
76222296,https://github.com/tbaba/react-study,tbaba,2016-12-12T04:37:01Z
76221847,https://github.com/sujameslin/democracy.io,sujameslin,2016-12-12T04:26:48Z
76221930,https://github.com/brianbuie/nba-predictions,brianbuie,2016-12-12T04:28:47Z
76221425,https://github.com/coalexe/notifications,coalexe,2016-12-12T04:16:58Z
76221459,https://github.com/anjalichinjilu/web-optimization,anjalichinjilu,2016-12-12T04:17:58Z
76221554,https://github.com/menghanlianxi/RPGUser,menghanlianxi,2016-12-12T04:20:05Z
76222885,https://github.com/ArslanMahmoodAnsari/Ticket-Booking-System,ArslanMahmoodAnsari,2016-12-12T04:50:25Z
76223212,https://github.com/anthonyzappin/best-reads,anthonyzappin,2016-12-12T04:57:21Z
76222994,https://github.com/RostHarcha/site,RostHarcha,2016-12-12T04:52:55Z
76223017,https://github.com/AnastasiyaYelets/Container-game,AnastasiyaYelets,2016-12-12T04:53:39Z
76221678,https://github.com/bharatsontam/CITBT,bharatsontam,2016-12-12T04:23:11Z
76221242,https://github.com/IanMitchell/aegisub-parser,IanMitchell,2016-12-12T04:12:04Z
76223172,https://github.com/kohatang/weatherbot,kohatang,2016-12-12T04:56:29Z
76221976,https://github.com/CommecsiLearn/App,CommecsiLearn,2016-12-12T04:29:57Z
76222459,https://github.com/bhavana2493/angular,bhavana2493,2016-12-12T04:40:57Z
76222517,https://github.com/skc-garimella/adp-hack-got-client,skc-garimella,2016-12-12T04:42:18Z
76221296,https://github.com/mrlannigan/babel-preset-mrlannigan,mrlannigan,2016-12-12T04:13:39Z
76220815,https://github.com/MonikaCY/Darkyun,MonikaCY,2016-12-12T04:02:45Z
76221996,https://github.com/stwilz/gulp-typescript-boilerplate,stwilz,2016-12-12T04:30:20Z
76222525,https://github.com/esnya/dodontof-watcher,esnya,2016-12-12T04:42:30Z
76221360,https://github.com/mediclassics-app/apps,mediclassics-app,2016-12-12T04:15:13Z
76220914,https://github.com/ga12ru12/testAnt,ga12ru12,2016-12-12T04:04:53Z
76221025,https://github.com/chuckdishmon/basketball-scorekeeper,chuckdishmon,2016-12-12T04:07:21Z
76222563,https://github.com/dschep/cookiecutter-serverless,dschep,2016-12-12T04:43:12Z
76222346,https://github.com/nikhildhamija24/calculatorSoap,nikhildhamija24,2016-12-12T04:38:12Z
76222938,https://github.com/peterkim2/node-beginner,peterkim2,2016-12-12T04:51:44Z
76223020,https://github.com/jwongcgh/RPS-Multiplayer,jwongcgh,2016-12-12T04:53:43Z
76220771,https://github.com/mmcmann/hidee-accordion,mmcmann,2016-12-12T04:01:51Z
76221111,https://github.com/xiankai/storybook,xiankai,2016-12-12T04:09:35Z
76222341,https://github.com/qjflores/JaagaScholarship,qjflores,2016-12-12T04:38:07Z
76221799,https://github.com/mruttan/w1d5,mruttan,2016-12-12T04:25:35Z
76222649,https://github.com/shechaoqun/Calendar,shechaoqun,2016-12-12T04:45:16Z
76222711,https://github.com/rajdeepd/ForceDotComSamples,rajdeepd,2016-12-12T04:46:30Z
76221197,https://github.com/jufrim54/JavascriptVisualRelease,jufrim54,2016-12-12T04:11:09Z
76221046,https://github.com/mandama004/BabyRoochineDay2,mandama004,2016-12-12T04:07:56Z
76223034,https://github.com/KChan440/spotify-compare,KChan440,2016-12-12T04:53:54Z
76222031,https://github.com/suresh21m/angular-movie-app,suresh21m,2016-12-12T04:31:08Z
76222746,https://github.com/pransil/faa-info,pransil,2016-12-12T04:47:21Z
76222166,https://github.com/aogilvie/chatserver-scale-test,aogilvie,2016-12-12T04:34:28Z
76220925,https://github.com/josh-ho/josh-jam-wedding-invite,josh-ho,2016-12-12T04:05:06Z
76221030,https://github.com/gz65555/edu,gz65555,2016-12-12T04:07:29Z
76220684,https://github.com/trdlab/linkstate_scalable_networking,trdlab,2016-12-12T04:00:21Z
76222816,https://github.com/GarrettEstrin/token_auth,GarrettEstrin,2016-12-12T04:49:02Z
76222968,https://github.com/ekimlinger/ImageOverlay,ekimlinger,2016-12-12T04:52:24Z
76223030,https://github.com/JakZGit/MyJobApps,JakZGit,2016-12-12T04:53:50Z
76222688,https://github.com/siyongXia/test,siyongXia,2016-12-12T04:46:03Z
76222070,https://github.com/construktivist/NewsFeed,construktivist,2016-12-12T04:32:02Z
76221143,https://github.com/nvmrata/nvmrata.github.io,nvmrata,2016-12-12T04:10:12Z
76221533,https://github.com/thongmap/NewTMDT,thongmap,2016-12-12T04:19:41Z
76223106,https://github.com/Gacnt/TSElectronReact,Gacnt,2016-12-12T04:55:28Z
76222301,https://github.com/bradlm/mapApp,bradlm,2016-12-12T04:37:07Z
76222114,https://github.com/dphurley/ga_ruby,dphurley,2016-12-12T04:33:03Z
76223282,https://github.com/applqpak/SSEUpdates,applqpak,2016-12-12T04:58:46Z
76222976,https://github.com/RosePowder/Microsoft-fang-,RosePowder,2016-12-12T04:52:34Z
76222689,https://github.com/ganeshanpalanichamy/nodeBoilerplate,ganeshanpalanichamy,2016-12-12T04:46:03Z
76222157,https://github.com/bhavana2493/jquery,bhavana2493,2016-12-12T04:34:12Z
76222287,https://github.com/777CC/Ruay-Cloud,777CC,2016-12-12T04:36:47Z
76221714,https://github.com/mandama004/BR2.1,mandama004,2016-12-12T04:23:56Z
76220837,https://github.com/nam4chedspi/komagome,nam4chedspi,2016-12-12T04:03:14Z
76222679,https://github.com/bob360/meteor-bank,bob360,2016-12-12T04:45:53Z