183750849,https://github.com/matnex-mix/SPHP,matnex-mix,2019-04-27T09:00:44Z
183754100,https://github.com/janghyune/MyPlugins,janghyune,2019-04-27T09:35:11Z
183755927,https://github.com/HebaKassem/Company22_UserManagement,HebaKassem,2019-04-27T09:54:23Z
183755783,https://github.com/itxiaolong3/tpshop,itxiaolong3,2019-04-27T09:52:52Z
183756150,https://github.com/anil-sidhu/laravel-api,anil-sidhu,2019-04-27T09:56:56Z
183755675,https://github.com/khanmdsagar/PhpCRUDSapplication,khanmdsagar,2019-04-27T09:51:38Z
183752182,https://github.com/ChristinaObrien/auth.account,ChristinaObrien,2019-04-27T09:14:42Z
183753398,https://github.com/phongtran231/bzc,phongtran231,2019-04-27T09:27:06Z
183754424,https://github.com/shitianshinian/ibbs,shitianshinian,2019-04-27T09:38:22Z
183755538,https://github.com/rito328/Laravel-app-for-PHPUnit-Practice,rito328,2019-04-27T09:50:15Z
183754052,https://github.com/KiboOst/jeedom-jeexplorer,KiboOst,2019-04-27T09:34:40Z
183753618,https://github.com/zhouqiang2017/weather,zhouqiang2017,2019-04-27T09:29:34Z
183753255,https://github.com/MortenDHansen/eloquent-docblock-generator,MortenDHansen,2019-04-27T09:25:38Z
183756363,https://github.com/LongIU/laravel_first,LongIU,2019-04-27T09:59:27Z
183754631,https://github.com/AaronSlots/Webs2Plain,AaronSlots,2019-04-27T09:40:28Z
183755876,https://github.com/phpinterns/php,phpinterns,2019-04-27T09:53:48Z
183750848,https://github.com/jakharbek/yii2-starter-kit,jakharbek,2019-04-27T09:00:42Z
183753994,https://github.com/pradiptha/holies,pradiptha,2019-04-27T09:33:58Z
183754299,https://github.com/alexkimeu/ZalegoCommunity,alexkimeu,2019-04-27T09:37:17Z
183755448,https://github.com/straightvisions/module_sv_human_time,straightvisions,2019-04-27T09:49:23Z
183755269,https://github.com/emmanix2002/jetbrain-settings,emmanix2002,2019-04-27T09:47:28Z
183753352,https://github.com/jannesa/mws,jannesa,2019-04-27T09:26:30Z
183751366,https://github.com/agusariyantopage/slip-gaji-online,agusariyantopage,2019-04-27T09:06:14Z
183754305,https://github.com/rm-yakovenko/symfony-file-uploading,rm-yakovenko,2019-04-27T09:37:22Z
183754738,https://github.com/mwlmalimi/bus-reservation,mwlmalimi,2019-04-27T09:41:35Z
183752430,https://github.com/nadinepuma/testwordpress,nadinepuma,2019-04-27T09:17:13Z
183752602,https://github.com/rb1193/fmvc,rb1193,2019-04-27T09:19:03Z
183754318,https://github.com/gitoshh/mangoma,gitoshh,2019-04-27T09:37:29Z
183752220,https://github.com/ajokic1/kset,ajokic1,2019-04-27T09:15:06Z
183753188,https://github.com/TNSaturday/ecommerce,TNSaturday,2019-04-27T09:24:58Z
183756253,https://github.com/LalitBitcot/ssod,LalitBitcot,2019-04-27T09:58:06Z
183754412,https://github.com/saespmar/http-lab,saespmar,2019-04-27T09:38:18Z
183752676,https://github.com/mariakostyuk/wt4,mariakostyuk,2019-04-27T09:19:53Z
183751709,https://github.com/4201104127/tutphp,4201104127,2019-04-27T09:09:55Z
183753148,https://github.com/shovanmohanty6/devops,shovanmohanty6,2019-04-27T09:24:33Z
183751239,https://github.com/nboldar/interview,nboldar,2019-04-27T09:04:55Z
183755808,https://github.com/Gurshobit/PayTM-CodeIgniter-Library,Gurshobit,2019-04-27T09:53:03Z
183755111,https://github.com/pb-kaijo-search/site,pb-kaijo-search,2019-04-27T09:45:41Z
183755281,https://github.com/nikilic/nikilic.github.io,nikilic,2019-04-27T09:47:39Z
183754342,https://github.com/madzathemes/mpg_a4,madzathemes,2019-04-27T09:37:40Z
183751526,https://github.com/DerZombiiie/Cloud,DerZombiiie,2019-04-27T09:07:47Z
183754711,https://github.com/galto03/mc2019,galto03,2019-04-27T09:41:20Z
183756217,https://github.com/abdeljalilHajjaj/projet_web,abdeljalilHajjaj,2019-04-27T09:57:47Z
183754006,https://github.com/sh-agarwal/RoomDeliveryService,sh-agarwal,2019-04-27T09:34:05Z
183755868,https://github.com/tomkalon/booklist2.0,tomkalon,2019-04-27T09:53:43Z
183755975,https://github.com/ahturzo/Ekota,ahturzo,2019-04-27T09:54:51Z
183752814,https://github.com/Cancain/wp-json-react-test,Cancain,2019-04-27T09:21:26Z