175269893,https://github.com/PtPrashantTripathi/Adhyatma,PtPrashantTripathi,2019-03-12T18:04:10Z
175271588,https://github.com/GaetanRole/sf4.4-official-gendarmerie-reduction,GaetanRole,2019-03-12T18:15:31Z
175284991,https://github.com/amit0805kumar/restApiAuthenticaiton,amit0805kumar,2019-03-12T19:43:05Z
175286012,https://github.com/JimSchofield/wp-vue,JimSchofield,2019-03-12T19:49:48Z
175272775,https://github.com/ssroy548/phpProject,ssroy548,2019-03-12T18:22:51Z
175271546,https://github.com/simsek97/onesignal-php,simsek97,2019-03-12T18:15:18Z
175281827,https://github.com/junicodes/task-manager-app-oop,junicodes,2019-03-12T19:21:48Z
175283162,https://github.com/itsnexuusmc/frogspark-landing,itsnexuusmc,2019-03-12T19:30:55Z
175281787,https://github.com/iskenderbilim/MindSoft,iskenderbilim,2019-03-12T19:21:32Z
175281822,https://github.com/LeticiaHelen/projeto_final,LeticiaHelen,2019-03-12T19:21:45Z
175276089,https://github.com/AndrewsWxCenter/ASOS_livemap,AndrewsWxCenter,2019-03-12T18:42:52Z
175275928,https://github.com/nbc-bravo/drupal-migrate_upgrade,nbc-bravo,2019-03-12T18:42:02Z
175269666,https://github.com/veljko94pesic/restore10,veljko94pesic,2019-03-12T18:02:37Z
175274911,https://github.com/07israel/a-o2d,07israel,2019-03-12T18:35:33Z
175273231,https://github.com/iullyan/ProiectTW-Toyr,iullyan,2019-03-12T18:25:51Z
175280613,https://github.com/pazuhin/php_vp4,pazuhin,2019-03-12T19:13:08Z
175277305,https://github.com/JimSchofield/WP-Vue-components-no-build,JimSchofield,2019-03-12T18:50:42Z
175287005,https://github.com/sergeev/phppgadmin,sergeev,2019-03-12T19:56:46Z
175276620,https://github.com/csi-byte/php-lifeGame-2015,csi-byte,2019-03-12T18:46:22Z
175282804,https://github.com/FonarteLatino/www.fonartelatino.com,FonarteLatino,2019-03-12T19:28:35Z
175270573,https://github.com/dinithiMW/php8,dinithiMW,2019-03-12T18:08:50Z
175270112,https://github.com/OLJANO/TUSK,OLJANO,2019-03-12T18:05:40Z
175271148,https://github.com/joaoneli/Crud,joaoneli,2019-03-12T18:12:42Z
175275399,https://github.com/CordialExperience/Yanzeo-RFID,CordialExperience,2019-03-12T18:38:32Z
175278631,https://github.com/mateuspenha/adianti_components_free,mateuspenha,2019-03-12T18:59:46Z
175279455,https://github.com/ManInTheBit/PHP-Secure-Login,ManInTheBit,2019-03-12T19:05:01Z
175281246,https://github.com/RampsosPeck/crud-lar-vue-ofi,RampsosPeck,2019-03-12T19:17:36Z
175284658,https://github.com/cptnTobi/shopping-cart-api,cptnTobi,2019-03-12T19:40:46Z
175272658,https://github.com/Aspie96/deletemyaccount,Aspie96,2019-03-12T18:22:08Z
175275801,https://github.com/andrekiffer/queuer,andrekiffer,2019-03-12T18:41:11Z
175277775,https://github.com/Fran-heii/latestcode,Fran-heii,2019-03-12T18:53:56Z
175274485,https://github.com/Jefferson08/gerador-loteria,Jefferson08,2019-03-12T18:33:07Z
175282239,https://github.com/isitme/iawd_1904,isitme,2019-03-12T19:24:41Z
175280529,https://github.com/olejnaess/shareboard,olejnaess,2019-03-12T19:12:35Z
175271682,https://github.com/gabealeman/magento-2-wysiwygaddons,gabealeman,2019-03-12T18:16:07Z
175269334,https://github.com/tatjanail/tasks,tatjanail,2019-03-12T18:00:26Z
175270249,https://github.com/grgicmatej/Shared-Gallery,grgicmatej,2019-03-12T18:06:36Z
175279701,https://github.com/ImtiazEpu/sosPHP,ImtiazEpu,2019-03-12T19:06:35Z
175278027,https://github.com/kyomei/cmg,kyomei,2019-03-12T18:55:34Z
175274692,https://github.com/vipuma1819daw2/vicpue,vipuma1819daw2,2019-03-12T18:34:15Z
175284359,https://github.com/ricardolimati/agenda,ricardolimati,2019-03-12T19:39:01Z
175273682,https://github.com/charruaafull/Proyecto2019,charruaafull,2019-03-12T18:28:51Z
175279795,https://github.com/Mazin-Ibrahim/Task,Mazin-Ibrahim,2019-03-12T19:07:13Z
175287140,https://github.com/bluewave41/sandbox-website,bluewave41,2019-03-12T19:57:45Z
175285037,https://github.com/DanTYang/PHPTest,DanTYang,2019-03-12T19:43:22Z
175285419,https://github.com/flecomte/json-hydrator-bundle,flecomte,2019-03-12T19:45:43Z
175270282,https://github.com/trevenk/si-part-1,trevenk,2019-03-12T18:06:50Z
175272278,https://github.com/siiinoooraaa/UTSPWEB2ARAFAH,siiinoooraaa,2019-03-12T18:19:58Z
175275173,https://github.com/paranormallife/hvc,paranormallife,2019-03-12T18:37:07Z
175270446,https://github.com/daniloazevedosanti/PHP_HTML.CSS.JS_Simula-oCRUD_MySQL_CLOUD_HEROKU,daniloazevedosanti,2019-03-12T18:07:57Z
175272261,https://github.com/clarinapratiwi/UTSPWEB2CLARINA,clarinapratiwi,2019-03-12T18:19:55Z
175285079,https://github.com/diverproject/diamond-json,diverproject,2019-03-12T19:43:35Z
175280202,https://github.com/AmarHidic/personal-website,AmarHidic,2019-03-12T19:10:03Z
175281126,https://github.com/samuelsolis/imf-ejemplos-temario,samuelsolis,2019-03-12T19:16:50Z
175276251,https://github.com/sam-olyver/sistema_terceirizadas,sam-olyver,2019-03-12T18:43:53Z
175274799,https://github.com/appasset/mydaddy,appasset,2019-03-12T18:34:52Z
175280356,https://github.com/jaclynflomen/Week9_Pansclass,jaclynflomen,2019-03-12T19:11:12Z
175269349,https://github.com/all-Jack-of-trade/spa-laravel-vue,all-Jack-of-trade,2019-03-12T18:00:32Z
175271749,https://github.com/crowzz/buscapinga,crowzz,2019-03-12T18:16:34Z
175269685,https://github.com/CerezaR/Agiliway_Test_Task,CerezaR,2019-03-12T18:02:46Z
175279808,https://github.com/artmxra7/php_basic,artmxra7,2019-03-12T19:07:16Z
175272831,https://github.com/joaovitorkilson/php,joaovitorkilson,2019-03-12T18:23:11Z
175275086,https://github.com/m-mahdi/lavavel_iranabnama,m-mahdi,2019-03-12T18:36:40Z
175282472,https://github.com/OsipatovKA/cinema_mvp,OsipatovKA,2019-03-12T19:26:23Z
175279888,https://github.com/ezequieldhonatan/laravel-vue-js,ezequieldhonatan,2019-03-12T19:07:48Z
175280739,https://github.com/nacho6699/Control-asistencia,nacho6699,2019-03-12T19:14:05Z
175286557,https://github.com/nbc-bravo/drupal-image_effects,nbc-bravo,2019-03-12T19:53:21Z
175286600,https://github.com/Ekow244/larablog,Ekow244,2019-03-12T19:53:40Z
175286705,https://github.com/MiguelNaumSantana/vendasfaculdade,MiguelNaumSantana,2019-03-12T19:54:29Z
175279092,https://github.com/IvanBlaise/php,IvanBlaise,2019-03-12T19:02:55Z
175286639,https://github.com/abskll/volleyTest,abskll,2019-03-12T19:53:55Z
175284195,https://github.com/LordMachacon/yt-plugin,LordMachacon,2019-03-12T19:37:56Z
175278497,https://github.com/SamaraD/LVGEVP-Wordpress-Theme,SamaraD,2019-03-12T18:58:43Z
175279947,https://github.com/sw2team/SW2,sw2team,2019-03-12T19:08:17Z
175270303,https://github.com/amikkilineni/Bank-Management,amikkilineni,2019-03-12T18:06:58Z
175276529,https://github.com/livingkings/livingkingsapp,livingkings,2019-03-12T18:45:49Z
175280255,https://github.com/arku31/phpls0219_laravel,arku31,2019-03-12T19:10:25Z
175276621,https://github.com/drewfranz/d8-blog,drewfranz,2019-03-12T18:46:22Z
175277734,https://github.com/setinais/s-cie,setinais,2019-03-12T18:53:38Z
175284059,https://github.com/vool/ringforts.vool.ie,vool,2019-03-12T19:37:10Z
175285279,https://github.com/norvotech/fisPoitiers,norvotech,2019-03-12T19:44:53Z
175285812,https://github.com/diverproject/diamond-sql,diverproject,2019-03-12T19:48:28Z
175283780,https://github.com/savchev/rg-task,savchev,2019-03-12T19:35:24Z
175284362,https://github.com/kiritofighto/larastartcomposer,kiritofighto,2019-03-12T19:39:02Z
175284962,https://github.com/Shotman/pwnedpasswords,Shotman,2019-03-12T19:42:57Z
175276523,https://github.com/geojohan/phpapp,geojohan,2019-03-12T18:45:46Z
175273713,https://github.com/Fehnris/PHPWebsiteClass,Fehnris,2019-03-12T18:29:11Z
175283102,https://github.com/Pierre-pastel/SigfoxBiDir,Pierre-pastel,2019-03-12T19:30:32Z
175282729,https://github.com/nolanpro/pm4-sdk-php,nolanpro,2019-03-12T19:28:01Z
175274453,https://github.com/AnkitSamantaray/phpWebsite,AnkitSamantaray,2019-03-12T18:33:00Z
175284238,https://github.com/lebrica/laravelblog,lebrica,2019-03-12T19:38:15Z
175285442,https://github.com/themilanguy1/Wigmans_factuur_opdracht,themilanguy1,2019-03-12T19:45:48Z
175270312,https://github.com/Pnoexz/php-diem,Pnoexz,2019-03-12T18:07:03Z
175282066,https://github.com/vkosmos/php2,vkosmos,2019-03-12T19:23:40Z
175273251,https://github.com/all-Jack-of-trade/angularjs-zf2,all-Jack-of-trade,2019-03-12T18:25:57Z
175269338,https://github.com/studentgroupir/Doren-Primitive,studentgroupir,2019-03-12T18:00:28Z