26704103,https://github.com/metova/coffee-script-cordova-plugin,metova,2014-11-16T04:48:46Z
26703892,https://github.com/jonschlinkert/loader-cache,jonschlinkert,2014-11-16T04:38:39Z
26704075,https://github.com/perfectsquircle/sqlinjector,perfectsquircle,2014-11-16T04:47:26Z
26703855,https://github.com/huafu/css-devendorize,huafu,2014-11-16T04:36:48Z
26703306,https://github.com/lijiaqigreat/rps_server,lijiaqigreat,2014-11-16T04:10:30Z
26703563,https://github.com/ITJesse/leapmotion-iidx-diy-tool,ITJesse,2014-11-16T04:22:11Z
26703845,https://github.com/warmbowski/sea-b24-api-testing,warmbowski,2014-11-16T04:36:25Z
26704263,https://github.com/birdman1542/socialscheduler,birdman1542,2014-11-16T04:56:31Z
26704109,https://github.com/georgebonnr/doks,georgebonnr,2014-11-16T04:49:08Z
26703990,https://github.com/raihanzohir/EraEmpDir,raihanzohir,2014-11-16T04:43:26Z
26703794,https://github.com/febrianimanda/LaravelPluggableApplication,febrianimanda,2014-11-16T04:34:03Z
26703884,https://github.com/kadoppe/pebble-gps-weather-watch,kadoppe,2014-11-16T04:38:17Z
26704092,https://github.com/bigbassroller/social-app,bigbassroller,2014-11-16T04:48:05Z
26704136,https://github.com/balanza/humancolors.js,balanza,2014-11-16T04:50:12Z
26703589,https://github.com/carlosmoreira/fbgallery-knockoutjs,carlosmoreira,2014-11-16T04:23:24Z
26703702,https://github.com/tma02/steps,tma02,2014-11-16T04:28:48Z
26703330,https://github.com/yoshikaw/oracle-document-support-tool,yoshikaw,2014-11-16T04:11:29Z
26704334,https://github.com/FreeDao/Android_Lession,FreeDao,2014-11-16T04:59:21Z
26704348,https://github.com/hanzblog/hanzblog.github.io,hanzblog,2014-11-16T04:59:46Z
26703846,https://github.com/rcmiii/chatserv,rcmiii,2014-11-16T04:36:30Z
26703917,https://github.com/betak11/curso-de-programasion-basica,betak11,2014-11-16T04:40:17Z
26703671,https://github.com/shashwatanand/FireFoxWebIDE_HelloWorld,shashwatanand,2014-11-16T04:27:27Z
26703691,https://github.com/WillSkates/OOP.js,WillSkates,2014-11-16T04:28:16Z
26703331,https://github.com/filbot/backbone-app,filbot,2014-11-16T04:11:31Z
26704186,https://github.com/LoginAndPlay/pong,LoginAndPlay,2014-11-16T04:53:08Z
26703341,https://github.com/ste616/astrowebservices,ste616,2014-11-16T04:12:07Z
26703107,https://github.com/juliankrispel/vis-util,juliankrispel,2014-11-16T04:00:25Z
26703233,https://github.com/Diralf/CalculatorTask,Diralf,2014-11-16T04:06:46Z
26703241,https://github.com/lucasmonteiro001/internet-systems-and-programming-project-3,lucasmonteiro001,2014-11-16T04:07:09Z
26703445,https://github.com/plunchete/tx-translations-requester,plunchete,2014-11-16T04:16:20Z
26704333,https://github.com/olivierrr/sorting-playground,olivierrr,2014-11-16T04:59:19Z
26704164,https://github.com/nckuee/js,nckuee,2014-11-16T04:51:53Z
26703910,https://github.com/townmi/stockData,townmi,2014-11-16T04:39:52Z
26703262,https://github.com/efan707/articleDirectory,efan707,2014-11-16T04:08:17Z
26703948,https://github.com/nmackey/nmackey-ghost,nmackey,2014-11-16T04:41:42Z
26703635,https://github.com/ianaya89/knockout-validator,ianaya89,2014-11-16T04:25:39Z
26703685,https://github.com/alantliang/AlansWebsite,alantliang,2014-11-16T04:27:57Z