68644868,https://github.com/kindlyops/havengrc,kindlyops,2016-09-19T20:43:13Z
68641655,https://github.com/aloglu/pinlet,aloglu,2016-09-19T20:02:29Z
68642654,https://github.com/Klathmon/gulp-run-command,Klathmon,2016-09-19T20:14:40Z
68641932,https://github.com/tungs/breathe,tungs,2016-09-19T20:05:38Z
68642221,https://github.com/opentok/accelerator-core-js,opentok,2016-09-19T20:09:17Z
68642635,https://github.com/egstad/arena-chrome-extension,egstad,2016-09-19T20:14:29Z
68643432,https://github.com/cjdelisle/cjdnsann,cjdelisle,2016-09-19T20:25:01Z
68645621,https://github.com/whatwewant/generator-react-client-side,whatwewant,2016-09-19T20:52:31Z
68645120,https://github.com/rllola/mixtape,rllola,2016-09-19T20:46:47Z
68646162,https://github.com/O-C-R/floodwatch,O-C-R,2016-09-19T20:59:09Z
68642154,https://github.com/noamkatzir/relight.js,noamkatzir,2016-09-19T20:08:35Z
68643409,https://github.com/swe574-group2/swe574,swe574-group2,2016-09-19T20:24:41Z
68645252,https://github.com/rakannimer/react-redux-saga-cli,rakannimer,2016-09-19T20:48:15Z
68646089,https://github.com/ics-software-engineering/meteor-example-form,ics-software-engineering,2016-09-19T20:58:13Z
68644863,https://github.com/billba/bot-quickstart-js,billba,2016-09-19T20:43:08Z
68642901,https://github.com/frantic/jestbasics,frantic,2016-09-19T20:17:45Z
68644929,https://github.com/tthoraldson/github30DayChallenge,tthoraldson,2016-09-19T20:44:07Z
68645947,https://github.com/tschaub/kinda,tschaub,2016-09-19T20:56:14Z
68646198,https://github.com/O-C-R/floodwatch-extension,O-C-R,2016-09-19T20:59:40Z
68646164,https://github.com/newswim/RCA-Response-Form,newswim,2016-09-19T20:59:11Z
68645172,https://github.com/NusratMojumder/GymManagementWebsite,NusratMojumder,2016-09-19T20:47:30Z
68644543,https://github.com/maxifjaved/react-redux-message-board,maxifjaved,2016-09-19T20:39:23Z
68642665,https://github.com/jghibiki/SIG-Web-Project,jghibiki,2016-09-19T20:14:45Z
68643595,https://github.com/cornellTechMedium/code,cornellTechMedium,2016-09-19T20:27:21Z
68643095,https://github.com/AlexanderZanin/taskManager,AlexanderZanin,2016-09-19T20:20:33Z
68646192,https://github.com/nileshleve/node-red-bluemix-starter-nileshleve-2340-master,nileshleve,2016-09-19T20:59:36Z
68643316,https://github.com/cngroupdk/vse-4it445-2016,cngroupdk,2016-09-19T20:23:18Z
68642305,https://github.com/ilyaivanov/ReactFormGenerator,ilyaivanov,2016-09-19T20:10:25Z
68641625,https://github.com/larsnolden/materialshop,larsnolden,2016-09-19T20:02:07Z
68642012,https://github.com/matchilling/sdk-songkick-nodejs,matchilling,2016-09-19T20:06:46Z
68643597,https://github.com/mstovicek/showcase-spatial-index,mstovicek,2016-09-19T20:27:24Z
68645057,https://github.com/tunguyen1905/CreativeCoding-TuNguyen,tunguyen1905,2016-09-19T20:45:49Z
68645226,https://github.com/IamfromSpace/webview-touch-bug,IamfromSpace,2016-09-19T20:47:57Z
68645410,https://github.com/g-golden/LearningReact,g-golden,2016-09-19T20:50:06Z
68645547,https://github.com/clevyr/sweetalert2-shim,clevyr,2016-09-19T20:51:56Z
68642610,https://github.com/kritzware/discord-bot,kritzware,2016-09-19T20:14:11Z
68644496,https://github.com/mkaminsky11/MIT,mkaminsky11,2016-09-19T20:38:48Z
68642039,https://github.com/JeriesHG/marjaba_chat,JeriesHG,2016-09-19T20:07:00Z
68643494,https://github.com/moffabr1/igif_web_app,moffabr1,2016-09-19T20:26:00Z
68645863,https://github.com/macnube/eloquent-javascript,macnube,2016-09-19T20:55:04Z
68644958,https://github.com/ReMakeEver/Software,ReMakeEver,2016-09-19T20:44:31Z
68645034,https://github.com/HilSny/hilsnydotcom,HilSny,2016-09-19T20:45:31Z
68643688,https://github.com/emmaboardman1986/week10day1HW,emmaboardman1986,2016-09-19T20:28:34Z
68644765,https://github.com/gregerhalltorp/web-app-utils,gregerhalltorp,2016-09-19T20:41:43Z
68644748,https://github.com/galr52/bitly,galr52,2016-09-19T20:41:30Z
68646176,https://github.com/setankecil94/greenzonelaun,setankecil94,2016-09-19T20:59:25Z
68645020,https://github.com/DarkHeart527/deathclicker,DarkHeart527,2016-09-19T20:45:22Z
68645281,https://github.com/jean-maxime/blog,jean-maxime,2016-09-19T20:48:37Z
68644656,https://github.com/colinmcdaniel/Bamazon,colinmcdaniel,2016-09-19T20:40:34Z
68642096,https://github.com/joeinnes/restoyo-tdd,joeinnes,2016-09-19T20:07:41Z
68643875,https://github.com/soniagisel/WbApi,soniagisel,2016-09-19T20:30:46Z
68645725,https://github.com/eventhough/msp-demo,eventhough,2016-09-19T20:53:26Z
68643337,https://github.com/anvlkv/timeline-app,anvlkv,2016-09-19T20:23:35Z
68641913,https://github.com/mappum/pxp,mappum,2016-09-19T20:05:25Z
68641554,https://github.com/ysumio120/RPS-Multiplayer,ysumio120,2016-09-19T20:01:23Z
68645868,https://github.com/AmySeo12/twitter,AmySeo12,2016-09-19T20:55:06Z
68644108,https://github.com/ocanosoup/Sonar,ocanosoup,2016-09-19T20:33:28Z
68642742,https://github.com/abraham/pwa-download,abraham,2016-09-19T20:15:43Z
68644396,https://github.com/ShreyamsJain/nodeapp,ShreyamsJain,2016-09-19T20:37:30Z
68642939,https://github.com/winfreyjr/das-boot,winfreyjr,2016-09-19T20:18:19Z
68642967,https://github.com/vsoundararajan/closeout,vsoundararajan,2016-09-19T20:18:43Z
68643657,https://github.com/nickhstr/react-todo,nickhstr,2016-09-19T20:28:15Z
68645839,https://github.com/EJSteiner/PurchaseRequests,EJSteiner,2016-09-19T20:54:49Z
68645884,https://github.com/YuiKyoko/twiter,YuiKyoko,2016-09-19T20:55:25Z
68643011,https://github.com/Cjshin002/Cjshin002.github.io,Cjshin002,2016-09-19T20:19:18Z
68643515,https://github.com/itsmealves/streamer,itsmealves,2016-09-19T20:26:18Z
68645311,https://github.com/pavelcerveny/librarz,pavelcerveny,2016-09-19T20:49:07Z
68645469,https://github.com/allantargino/OfficeApps,allantargino,2016-09-19T20:50:58Z
68644943,https://github.com/davidgrossi/pkf,davidgrossi,2016-09-19T20:44:22Z
68645225,https://github.com/jennifercrenshaw/FortuneTeller-MVC,jennifercrenshaw,2016-09-19T20:47:57Z
68642498,https://github.com/kasperpagh/mongoTester,kasperpagh,2016-09-19T20:12:52Z
68644517,https://github.com/raykholo/PrintSpace,raykholo,2016-09-19T20:38:59Z
68644547,https://github.com/asolomon412/Spring_CSS_Demo,asolomon412,2016-09-19T20:39:25Z
68642007,https://github.com/samuelpack/samuelpack.github.io,samuelpack,2016-09-19T20:06:44Z
68641595,https://github.com/DavidMcKenzie218/week_10_day_1,DavidMcKenzie218,2016-09-19T20:01:47Z
68643624,https://github.com/asinghamgoodwin/WorkplaceSexismTracker,asinghamgoodwin,2016-09-19T20:27:52Z
68642470,https://github.com/sendicott/hw-22,sendicott,2016-09-19T20:12:32Z
68642560,https://github.com/gabrielbioinfo/cursos,gabrielbioinfo,2016-09-19T20:13:38Z
68644619,https://github.com/Albemode/modestoHW-Multiply-Album-Person,Albemode,2016-09-19T20:40:14Z
68641470,https://github.com/Jetmix/notes,Jetmix,2016-09-19T20:00:14Z
68641478,https://github.com/gurumelo/estudio-olores-industria-quimica,gurumelo,2016-09-19T20:00:20Z
68645688,https://github.com/kesshijordan/messyversionclusterviz,kesshijordan,2016-09-19T20:52:59Z
68645961,https://github.com/EvelynFarfan/twitter,EvelynFarfan,2016-09-19T20:56:25Z
68644916,https://github.com/Elsant/glsh,Elsant,2016-09-19T20:43:56Z
68645228,https://github.com/kerrd89/modtwofinal,kerrd89,2016-09-19T20:47:59Z
68645999,https://github.com/mikeechen/fs-pet-shop,mikeechen,2016-09-19T20:56:53Z
68641745,https://github.com/ryan-ohern/ShoppingList_J1,ryan-ohern,2016-09-19T20:03:29Z
68643031,https://github.com/kingdavis2324/homework1,kingdavis2324,2016-09-19T20:19:34Z
68643060,https://github.com/PLion2/Plion2.github.io,PLion2,2016-09-19T20:19:59Z
68644052,https://github.com/yknx4/tictactoe_core,yknx4,2016-09-19T20:32:51Z
68645742,https://github.com/madison-soucie/final-assessment,madison-soucie,2016-09-19T20:53:39Z
68641931,https://github.com/namespaceahr/MovieHUB_ANDROID-CORDOVA_IONIC_API_GUIDEBOX-,namespaceahr,2016-09-19T20:05:38Z
68642034,https://github.com/codyogdenprime/code_challenge_04,codyogdenprime,2016-09-19T20:06:58Z
68645535,https://github.com/mjvalade/scrabble-assessment,mjvalade,2016-09-19T20:51:50Z
68642776,https://github.com/coenvweb/leafFoodChild,coenvweb,2016-09-19T20:16:09Z
68643774,https://github.com/inlikealion/in-page-nav,inlikealion,2016-09-19T20:29:38Z
68645806,https://github.com/plaify/scroll,plaify,2016-09-19T20:54:25Z
68646170,https://github.com/cebola-estoque/cebola,cebola-estoque,2016-09-19T20:59:21Z
68644508,https://github.com/nithishmohan/ship-problem,nithishmohan,2016-09-19T20:38:54Z
68646171,https://github.com/MrBrooks/ferrari-promo,MrBrooks,2016-09-19T20:59:21Z
68643457,https://github.com/logolevel/jsHomework17_18,logolevel,2016-09-19T20:25:28Z
68643609,https://github.com/vnguyener/angular2-ing,vnguyener,2016-09-19T20:27:36Z
68642393,https://github.com/cadetpak/JSObjectsFund3,cadetpak,2016-09-19T20:11:32Z
68641643,https://github.com/renecardozo/simple_scapegoat,renecardozo,2016-09-19T20:02:22Z
68644443,https://github.com/maxpolski/oopformvalidationexample,maxpolski,2016-09-19T20:37:58Z
68642937,https://github.com/monquixote/sudoku_lodash,monquixote,2016-09-19T20:18:17Z
68646211,https://github.com/junosuarez/graphql-js-test,junosuarez,2016-09-19T20:59:47Z
68644512,https://github.com/raubel/mocha-selenium,raubel,2016-09-19T20:38:56Z
68642148,https://github.com/TajNLD/autoComplete,TajNLD,2016-09-19T20:08:30Z
68641637,https://github.com/BLumsden09/School-View,BLumsden09,2016-09-19T20:02:16Z
68643739,https://github.com/pacabr/react-player-profiles,pacabr,2016-09-19T20:29:21Z
68643754,https://github.com/Joris-van-der-Wel/babel-plugin-program-metadata-literals,Joris-van-der-Wel,2016-09-19T20:29:28Z
68645728,https://github.com/crymzyn/BrandonGIT,crymzyn,2016-09-19T20:53:29Z
68645856,https://github.com/charutiwari04/dashboard,charutiwari04,2016-09-19T20:55:03Z
68644903,https://github.com/DVPitakov/CheesOnlineServer,DVPitakov,2016-09-19T20:43:39Z
68644395,https://github.com/vivekgondaliya/HowToAngularJS,vivekgondaliya,2016-09-19T20:37:30Z
68646077,https://github.com/Sh2dow/AspNet_Anglr_Explorer,Sh2dow,2016-09-19T20:58:02Z
68644791,https://github.com/Emran04/kablan,Emran04,2016-09-19T20:42:11Z
68645996,https://github.com/aaadrian/wripit3,aaadrian,2016-09-19T20:56:52Z
68642467,https://github.com/zhangshuwei/node_js,zhangshuwei,2016-09-19T20:12:29Z
68641471,https://github.com/arupex/metricify,arupex,2016-09-19T20:00:14Z
68643508,https://github.com/mukundha/apigee-seed-registry,mukundha,2016-09-19T20:26:14Z
68643520,https://github.com/sanidhyatandon/React,sanidhyatandon,2016-09-19T20:26:23Z
68643594,https://github.com/exced/nodesqlsample,exced,2016-09-19T20:27:21Z
68641562,https://github.com/asamoumen/uidatetimepicker,asamoumen,2016-09-19T20:01:27Z
68641570,https://github.com/MattCorrigan/Dodge,MattCorrigan,2016-09-19T20:01:32Z
68643731,https://github.com/katcoutts/week10_day1homework,katcoutts,2016-09-19T20:29:15Z
68643773,https://github.com/lancemonotone/wp-theme-meerkat16,lancemonotone,2016-09-19T20:29:38Z
68645813,https://github.com/jmurp7385/Weather,jmurp7385,2016-09-19T20:54:31Z
68642883,https://github.com/adortbudak/mffl,adortbudak,2016-09-19T20:17:34Z
68643231,https://github.com/dpf205/NodeAd,dpf205,2016-09-19T20:22:16Z
68644897,https://github.com/simmco/Tic-Tac-Toe,simmco,2016-09-19T20:43:35Z
68641892,https://github.com/jamessct/Whodunnit_JS,jamessct,2016-09-19T20:05:12Z
68642573,https://github.com/DuLinart/tifis,DuLinart,2016-09-19T20:13:49Z
68644499,https://github.com/sheylabre/comentar,sheylabre,2016-09-19T20:38:50Z
68642127,https://github.com/tihallk/hadashboard,tihallk,2016-09-19T20:08:12Z
68642445,https://github.com/sameterduren/IsPalindrom,sameterduren,2016-09-19T20:12:12Z
68646023,https://github.com/landinezrichard/Juego_Naves_html5,landinezrichard,2016-09-19T20:57:12Z
68646081,https://github.com/Tata2020/JS_HW_17-18,Tata2020,2016-09-19T20:58:05Z
68645499,https://github.com/kylem038/mod-2-assessment,kylem038,2016-09-19T20:51:19Z
68645654,https://github.com/niklasHagner/ufc-rankings-graph,niklasHagner,2016-09-19T20:52:45Z
68644802,https://github.com/thmckenzie/Javascript-Koans-Exercises,thmckenzie,2016-09-19T20:42:17Z
68644676,https://github.com/silvanei/ees-app,silvanei,2016-09-19T20:40:45Z
68644304,https://github.com/GeorgeSmith-Sweeper/node-shell,GeorgeSmith-Sweeper,2016-09-19T20:36:12Z
68642695,https://github.com/karenyov/cursoWD-43Caelum,karenyov,2016-09-19T20:15:04Z
68642752,https://github.com/rootgateway/localpassport,rootgateway,2016-09-19T20:15:49Z
68645910,https://github.com/JScotty99/MMP310HW,JScotty99,2016-09-19T20:55:44Z
68642075,https://github.com/demullane/the-lunch-box,demullane,2016-09-19T20:07:25Z
68643180,https://github.com/georgetour/atypon-assignment-v1.0,georgetour,2016-09-19T20:21:36Z
68644044,https://github.com/danteruiz/Stealth-Invasion-Crimea,danteruiz,2016-09-19T20:32:45Z
68644344,https://github.com/matjazmav/matjazmav.github.io,matjazmav,2016-09-19T20:36:48Z
68646148,https://github.com/ShomaV/RestfulAPI,ShomaV,2016-09-19T20:58:59Z
68642109,https://github.com/khannanov/blog-client,khannanov,2016-09-19T20:07:49Z
68645284,https://github.com/mmaines16/django-AirBud,mmaines16,2016-09-19T20:48:39Z
68645528,https://github.com/cchambers/sails-base,cchambers,2016-09-19T20:51:44Z
68643438,https://github.com/MichaelMahon/Angular_Movie_Search,MichaelMahon,2016-09-19T20:25:05Z
68644274,https://github.com/sammbeller/javascript_systems_music,sammbeller,2016-09-19T20:35:49Z
68644488,https://github.com/tomtom28/Kiss-Cartoon-Video-URL,tomtom28,2016-09-19T20:38:37Z
68643055,https://github.com/npalm/ehv-meetup-src-20160920,npalm,2016-09-19T20:19:55Z
68645019,https://github.com/albacoretuna/link-stations,albacoretuna,2016-09-19T20:45:21Z
68644842,https://github.com/bandrevu-akhil/bandrevu-akhil.github.io,bandrevu-akhil,2016-09-19T20:42:47Z
68644553,https://github.com/Alexander-Welsh/losingtake2,Alexander-Welsh,2016-09-19T20:39:28Z
68642132,https://github.com/rickycpadilla/css-experiments,rickycpadilla,2016-09-19T20:08:18Z
68642805,https://github.com/TanJingHoong/Laravel-Blog,TanJingHoong,2016-09-19T20:16:35Z
68645800,https://github.com/sgilman/WhenInRomeStorymap,sgilman,2016-09-19T20:54:22Z
68643944,https://github.com/maciejk77/pandatube-react,maciejk77,2016-09-19T20:31:35Z
68642766,https://github.com/offended/offended.github.io,offended,2016-09-19T20:16:03Z
68646105,https://github.com/ubergeekzone/Bootstrap-3-Alerts-for-jQuery,ubergeekzone,2016-09-19T20:58:29Z
68645379,https://github.com/mrshayesworks/fundamentals,mrshayesworks,2016-09-19T20:49:46Z
68645525,https://github.com/stuarth1/angular2,stuarth1,2016-09-19T20:51:43Z
68645619,https://github.com/lilihperezz/twitter,lilihperezz,2016-09-19T20:52:30Z
68645622,https://github.com/AlinaGoncear/laravel,AlinaGoncear,2016-09-19T20:52:32Z
68642500,https://github.com/BillionBitsStudios/BillionBitsStudios.github.io,BillionBitsStudios,2016-09-19T20:12:53Z
68642576,https://github.com/jgondellier/projecttools,jgondellier,2016-09-19T20:13:50Z
68641998,https://github.com/aschambers/ember_project,aschambers,2016-09-19T20:06:38Z
68642400,https://github.com/adawal/my-proj,adawal,2016-09-19T20:11:38Z
68644972,https://github.com/blakeface/responsive_canvas,blakeface,2016-09-19T20:44:40Z
68644996,https://github.com/natansevero/oh-my-angular2-app-google-maps,natansevero,2016-09-19T20:44:58Z
68643866,https://github.com/nlapier/react-search,nlapier,2016-09-19T20:30:40Z
68644435,https://github.com/renaco/demo-react,renaco,2016-09-19T20:37:53Z
68642615,https://github.com/kukharets/BackBone,kukharets,2016-09-19T20:14:14Z
68642675,https://github.com/njsfield/wikipedia-viewer,njsfield,2016-09-19T20:14:51Z
68642264,https://github.com/chrisonntag/hack-zurich-refugee,chrisonntag,2016-09-19T20:09:54Z
68641970,https://github.com/robbmj/sortable-challenge,robbmj,2016-09-19T20:06:07Z
68643708,https://github.com/sjaymoon15/tour-of-heroes,sjaymoon15,2016-09-19T20:28:57Z
68643814,https://github.com/marcospy/econdominio-app,marcospy,2016-09-19T20:29:59Z
68645862,https://github.com/paolaozv/twitter,paolaozv,2016-09-19T20:55:04Z
68643047,https://github.com/HerrVoennchen/dev-templates,HerrVoennchen,2016-09-19T20:19:47Z