6371255,https://github.com/andrewrk/node-diacritics,andrewrk,2012-10-24T14:30:32Z
6371720,https://github.com/alessandrofrancesconi/carwin,alessandrofrancesconi,2012-10-24T14:58:07Z
6371175,https://github.com/loreii/HeaderTool,loreii,2012-10-24T14:26:59Z
6370872,https://github.com/DIRACGrid/WebAppDIRAC,DIRACGrid,2012-10-24T14:07:42Z
6371452,https://github.com/scientihark/beautyofH5,scientihark,2012-10-24T14:41:43Z
6370783,https://github.com/chick307/base64codec,chick307,2012-10-24T14:00:59Z
6371086,https://github.com/nlloyd/horn-of-mongo,nlloyd,2012-10-24T14:20:26Z
6371147,https://github.com/marcelklehr/ep_infopanel,marcelklehr,2012-10-24T14:25:10Z
6371150,https://github.com/tiagomnh/icheckmovies-shortcut,tiagomnh,2012-10-24T14:25:23Z
6370768,https://github.com/PMaynard/port22,PMaynard,2012-10-24T14:00:12Z
6370931,https://github.com/lightningkite/Lasso,lightningkite,2012-10-24T14:10:27Z
6371045,https://github.com/timbrody/node-swordclient,timbrody,2012-10-24T14:17:58Z
6371715,https://github.com/rickychang/make-us-strong,rickychang,2012-10-24T14:57:45Z
6371581,https://github.com/richardbutler/flipstream,richardbutler,2012-10-24T14:49:33Z
6371607,https://github.com/paulbooth/Tapr,paulbooth,2012-10-24T14:51:25Z
6370893,https://github.com/yaojiamiao2011/sypro,yaojiamiao2011,2012-10-24T14:08:36Z
6371540,https://github.com/twinklebob/onx-rules,twinklebob,2012-10-24T14:47:13Z
6371694,https://github.com/stantonwjones/cookie-js,stantonwjones,2012-10-24T14:56:33Z
6371037,https://github.com/Zane5/zane5.github.com,Zane5,2012-10-24T14:17:12Z
6371110,https://github.com/f4bregas/test-campus,f4bregas,2012-10-24T14:21:51Z
6371114,https://github.com/MadmanMonty/WidopPluploadBundle,MadmanMonty,2012-10-24T14:22:25Z
6371514,https://github.com/p5150j/Mobile-nav-animations,p5150j,2012-10-24T14:45:29Z
6371569,https://github.com/IvanGaravito/NodeRelay,IvanGaravito,2012-10-24T14:48:51Z
6371093,https://github.com/leemacat2/FinalMadApp,leemacat2,2012-10-24T14:20:48Z
6371733,https://github.com/marceloyoshiro/SEB-AC,marceloyoshiro,2012-10-24T14:58:53Z
6370853,https://github.com/carerix-services/CxLabs,carerix-services,2012-10-24T14:06:05Z
6371317,https://github.com/Ivlo/add.js,Ivlo,2012-10-24T14:33:52Z
6371511,https://github.com/julienr/pyr,julienr,2012-10-24T14:45:19Z
6371007,https://github.com/tiry/NoteEditorLight,tiry,2012-10-24T14:15:32Z
6371057,https://github.com/jhpaterson/WebApiDemo,jhpaterson,2012-10-24T14:18:41Z
6371520,https://github.com/onthway/supermemo,onthway,2012-10-24T14:45:55Z
6371370,https://github.com/hitoshiohtubo/ichingreading01,hitoshiohtubo,2012-10-24T14:36:50Z
6371483,https://github.com/fritoebola/SwipeMe.js,fritoebola,2012-10-24T14:43:37Z
6370974,https://github.com/aurelioguerrero/civico_v_1,aurelioguerrero,2012-10-24T14:12:57Z
6371416,https://github.com/pplaquette-enyo/enyo-twitter-demo,pplaquette-enyo,2012-10-24T14:39:54Z
6371361,https://github.com/kimhou/chromeApp,kimhou,2012-10-24T14:36:22Z
6371310,https://github.com/richardbutler/githubapi-sandbox,richardbutler,2012-10-24T14:33:29Z
6371665,https://github.com/philippbosch/pusher-url,philippbosch,2012-10-24T14:54:51Z