25055253,https://github.com/FruitieX/teleirc,FruitieX,2014-10-10T22:14:07Z
25055883,https://github.com/breach/node-thrust,breach,2014-10-10T22:39:53Z
25054984,https://github.com/dunn/libgen.js,dunn,2014-10-10T22:04:06Z
25055431,https://github.com/darrylwest/mock-browser,darrylwest,2014-10-10T22:22:03Z
25055670,https://github.com/mir3z/chip8-emu,mir3z,2014-10-10T22:31:35Z
25055447,https://github.com/leapmotion/VRCollage,leapmotion,2014-10-10T22:22:34Z
25054919,https://github.com/Xelom/HN-IonFire,Xelom,2014-10-10T22:02:04Z
25055030,https://github.com/wbreza/angular-dynamic-forms,wbreza,2014-10-10T22:06:06Z
25055995,https://github.com/hubotio/hubot-diagnostics,hubotio,2014-10-10T22:45:43Z
25055561,https://github.com/glslify/glsl-specular-blinn-phong,glslify,2014-10-10T22:26:38Z
25055018,https://github.com/HiroAgustin/svgclean,HiroAgustin,2014-10-10T22:05:26Z
25055668,https://github.com/utsav2601/nodester-apache2,utsav2601,2014-10-10T22:31:27Z
25054988,https://github.com/HelixGroupLLC/SchoolALERT-IOS-APP,HelixGroupLLC,2014-10-10T22:04:11Z
25055436,https://github.com/johnholdun/town,johnholdun,2014-10-10T22:22:19Z
25056282,https://github.com/alessandrostein/ToDoNodeJS,alessandrostein,2014-10-10T22:59:22Z
25055774,https://github.com/jmschwarting/bookmark-extension,jmschwarting,2014-10-10T22:35:10Z
25055228,https://github.com/justinryder/PandAngular,justinryder,2014-10-10T22:13:12Z
25055138,https://github.com/imRohan/ampd,imRohan,2014-10-10T22:10:01Z
25055190,https://github.com/JessicaBarnett/Exercises2,JessicaBarnett,2014-10-10T22:11:46Z
25055279,https://github.com/sOm2y/Infosys320_individual_v2,sOm2y,2014-10-10T22:15:00Z
25055532,https://github.com/callmehiphop/angular-stash,callmehiphop,2014-10-10T22:25:25Z
25055582,https://github.com/jah2488/js-first-hw,jah2488,2014-10-10T22:27:45Z
25056070,https://github.com/tikot/autoflie,tikot,2014-10-10T22:49:22Z
25056097,https://github.com/gtwalford/experiments,gtwalford,2014-10-10T22:50:52Z
25056178,https://github.com/DanielCatz/Linkkeys,DanielCatz,2014-10-10T22:55:06Z
25055011,https://github.com/agrc/land-mobile-radio,agrc,2014-10-10T22:05:12Z
25055305,https://github.com/jeronimonunez/klokinteractivos,jeronimonunez,2014-10-10T22:15:58Z
25055523,https://github.com/cvasseng/cvasseng.github.io,cvasseng,2014-10-10T22:25:14Z
25055785,https://github.com/rdp/go_presentation_files,rdp,2014-10-10T22:35:32Z
25055893,https://github.com/lasazawa/underscore_weekend_lab,lasazawa,2014-10-10T22:40:13Z
25055012,https://github.com/Patron-Tequila/My_test_app,Patron-Tequila,2014-10-10T22:05:15Z
25055965,https://github.com/mattatcha/react-grid,mattatcha,2014-10-10T22:44:21Z
25055259,https://github.com/madha83/angularGA,madha83,2014-10-10T22:14:13Z
25055288,https://github.com/cmillsLA/cmillsla-angular,cmillsLA,2014-10-10T22:15:30Z
25055515,https://github.com/olivierrr/ant-farm,olivierrr,2014-10-10T22:24:44Z
25056176,https://github.com/Aganius/sample1,Aganius,2014-10-10T22:54:55Z
25055117,https://github.com/1egoman/que-iot-examples,1egoman,2014-10-10T22:09:01Z
25055588,https://github.com/ABouzaka/jsAlgo,ABouzaka,2014-10-10T22:27:52Z
25055781,https://github.com/stran88/Homework2,stran88,2014-10-10T22:35:26Z
25056174,https://github.com/dakaney/learnyounode,dakaney,2014-10-10T22:54:51Z
25055855,https://github.com/bbinto/lean-web-code,bbinto,2014-10-10T22:38:29Z
25056177,https://github.com/AdirAmsalem/Three.js-learning,AdirAmsalem,2014-10-10T22:54:57Z
25056220,https://github.com/philipp-sumo/sumo_live_moderation,philipp-sumo,2014-10-10T22:56:46Z
25055519,https://github.com/firemark/hs-onliner,firemark,2014-10-10T22:25:02Z
25055074,https://github.com/olivierrr/todo-app,olivierrr,2014-10-10T22:07:37Z
25055469,https://github.com/airbug/bugcontroller,airbug,2014-10-10T22:23:08Z
25055488,https://github.com/jah2488/DOMfun,jah2488,2014-10-10T22:23:49Z
25055512,https://github.com/th0br0/konfliktriends,th0br0,2014-10-10T22:24:41Z
25055636,https://github.com/KPark/dungeon-butler,KPark,2014-10-10T22:29:57Z
25055403,https://github.com/poncholive654321/tasKingGitHub,poncholive654321,2014-10-10T22:20:45Z
25055407,https://github.com/hybridgroup/dreamforce500-leaderboard,hybridgroup,2014-10-10T22:20:58Z
25055495,https://github.com/mmahalwy/ruby-js-prototypes,mmahalwy,2014-10-10T22:24:07Z
25055174,https://github.com/andy29411693/foursquare_photo,andy29411693,2014-10-10T22:11:20Z
25055248,https://github.com/Tim0068/finalStopLoss,Tim0068,2014-10-10T22:13:51Z
25055935,https://github.com/ikostadinov/projects,ikostadinov,2014-10-10T22:42:26Z
25055976,https://github.com/dereksnow/startwith,dereksnow,2014-10-10T22:44:52Z
25056167,https://github.com/yuedun/note,yuedun,2014-10-10T22:54:38Z
25055596,https://github.com/ruizro/ESAT-exercises,ruizro,2014-10-10T22:28:21Z
25056111,https://github.com/randyleighton/tumblr-js-jsonp,randyleighton,2014-10-10T22:52:02Z
25055372,https://github.com/rcscoggin/WebviewPushPG2,rcscoggin,2014-10-10T22:19:18Z