72163635,https://github.com/gotokatsuya/ipare,gotokatsuya,2016-10-28T01:46:37Z
72164138,https://github.com/samherrmann/go-to-cpp,samherrmann,2016-10-28T01:54:01Z
72161783,https://github.com/horgh/logaudit,horgh,2016-10-28T01:14:47Z
72164088,https://github.com/jpcweb/go-udpserver,jpcweb,2016-10-28T01:53:16Z
72161379,https://github.com/Farteen/golang_learning,Farteen,2016-10-28T01:07:40Z
72161146,https://github.com/baddb/torrent,baddb,2016-10-28T01:03:20Z
72163902,https://github.com/aucd29/test-go,aucd29,2016-10-28T01:50:46Z
72162665,https://github.com/ztp1977/tryGo,ztp1977,2016-10-28T01:30:38Z
72163410,https://github.com/TrilliumIT/docker-rbd-plugin,TrilliumIT,2016-10-28T01:43:27Z
72161304,https://github.com/nathang21/exercism.io-exercises,nathang21,2016-10-28T01:06:16Z
72162645,https://github.com/techteamkyck/BC,techteamkyck,2016-10-28T01:30:19Z
72162511,https://github.com/yinshuwei/atc,yinshuwei,2016-10-28T01:28:05Z
72162633,https://github.com/chatharold/Golang,chatharold,2016-10-28T01:30:01Z