79517716,https://github.com/adhatama/twitter-clone,adhatama,2017-01-20T02:35:12Z
79516140,https://github.com/soljohnston777/fun,soljohnston777,2017-01-20T02:13:00Z
79518596,https://github.com/TonyStark10006/php_member_demo,TonyStark10006,2017-01-20T02:47:33Z
79516226,https://github.com/Johnny-Jackpot/test,Johnny-Jackpot,2017-01-20T02:14:17Z
79518870,https://github.com/klecomm/pim_qa,klecomm,2017-01-20T02:51:30Z
79515543,https://github.com/SeanGallen/PhpToDo,SeanGallen,2017-01-20T02:04:27Z
79517653,https://github.com/mn158/abatorab,mn158,2017-01-20T02:34:23Z
79515497,https://github.com/pshafer/drushscripts,pshafer,2017-01-20T02:03:43Z
79516179,https://github.com/dtsdao/phptools,dtsdao,2017-01-20T02:13:23Z
79517718,https://github.com/noeldevelops/noel-develops,noeldevelops,2017-01-20T02:35:13Z
79518892,https://github.com/epribs/heroku_demo,epribs,2017-01-20T02:51:42Z
79517179,https://github.com/truptipatel1/Website1,truptipatel1,2017-01-20T02:27:49Z
79518852,https://github.com/brietsparks/x-cvb__lara__api-1,brietsparks,2017-01-20T02:51:17Z
79517072,https://github.com/clariokids/privacypolicy,clariokids,2017-01-20T02:26:27Z
79516300,https://github.com/charliecek/all-in-one-event-calendar-fixes,charliecek,2017-01-20T02:15:12Z
79516035,https://github.com/caitlinrussell/oauth-client-credential-flow,caitlinrussell,2017-01-20T02:11:48Z
79515270,https://github.com/Skokiaan/HerokuDemo,Skokiaan,2017-01-20T02:00:25Z
79516132,https://github.com/kaswan/test,kaswan,2017-01-20T02:12:57Z
79518679,https://github.com/jratx/Resume,jratx,2017-01-20T02:48:38Z
79517126,https://github.com/Natsumeji/TestChatBot,Natsumeji,2017-01-20T02:27:09Z
79518378,https://github.com/betes-curieuses-design/vaersaga,betes-curieuses-design,2017-01-20T02:44:47Z
79518530,https://github.com/niwashin/pawoon,niwashin,2017-01-20T02:46:52Z
79518414,https://github.com/charliecek/wp-cron-multisite,charliecek,2017-01-20T02:45:27Z
79516988,https://github.com/wfzyl2007/wx,wfzyl2007,2017-01-20T02:25:03Z
79518613,https://github.com/truongleeuet/tung-blog,truongleeuet,2017-01-20T02:47:47Z
79516490,https://github.com/ECWeb/overlord,ECWeb,2017-01-20T02:18:09Z
79517425,https://github.com/ntmz/projetoteste,ntmz,2017-01-20T02:30:56Z
79515869,https://github.com/SalgueroRoci/Database-Fake-School,SalgueroRoci,2017-01-20T02:09:31Z
79517384,https://github.com/thedaruma/laravel-project,thedaruma,2017-01-20T02:30:22Z
79517151,https://github.com/charliecek/ical-calendar-fixer,charliecek,2017-01-20T02:27:30Z
79515273,https://github.com/eyeofbri/herokuDemo,eyeofbri,2017-01-20T02:00:27Z
79518915,https://github.com/jthomasi/HerokuDemo,jthomasi,2017-01-20T02:51:54Z