68416970,https://github.com/nanobox-quickstarts/nanobox-wordpress,nanobox-quickstarts,2016-09-16T21:53:07Z
68416679,https://github.com/ArtuGit/CodeBase,ArtuGit,2016-09-16T21:46:59Z
68417055,https://github.com/Reprostar/mpcl-connector-php,Reprostar,2016-09-16T21:54:53Z
68416618,https://github.com/Tony133/Symfony3UserProvider,Tony133,2016-09-16T21:46:04Z
68414835,https://github.com/luis1415/SW,luis1415,2016-09-16T21:11:06Z
68415923,https://github.com/magicolala/BundleLess,magicolala,2016-09-16T21:32:28Z
68416969,https://github.com/onesimo/PSRs,onesimo,2016-09-16T21:53:07Z
68417256,https://github.com/wohhie/Laravel-Login-Registration,wohhie,2016-09-16T21:59:37Z
68414399,https://github.com/deherrera-marques-wm/OOP-Progress-Check-1,deherrera-marques-wm,2016-09-16T21:03:04Z
68414402,https://github.com/desarrollovinus/predios_hatovial,desarrollovinus,2016-09-16T21:03:09Z
68415216,https://github.com/rosslibby/jira,rosslibby,2016-09-16T21:18:50Z
68414636,https://github.com/elvman12/random-quote-display,elvman12,2016-09-16T21:07:49Z
68417195,https://github.com/danny3b/nba_scores,danny3b,2016-09-16T21:58:08Z
68415113,https://github.com/pierce-eric-wm/progress_check,pierce-eric-wm,2016-09-16T21:16:43Z
68416574,https://github.com/ovidiuj/NasaBundle,ovidiuj,2016-09-16T21:44:56Z
68416573,https://github.com/alex-dp/librebook,alex-dp,2016-09-16T21:44:54Z
68414951,https://github.com/braddy1/investigadores3,braddy1,2016-09-16T21:13:16Z
68416360,https://github.com/rendergraf/starter-kit-wordpress,rendergraf,2016-09-16T21:40:20Z
68416653,https://github.com/lecaoquochung/zendphp,lecaoquochung,2016-09-16T21:46:36Z
68417158,https://github.com/riggs-jacob-wm/OOP_Assessment_1,riggs-jacob-wm,2016-09-16T21:57:21Z
68416384,https://github.com/nikola-bodrozic/symfony,nikola-bodrozic,2016-09-16T21:40:51Z
68415626,https://github.com/johanngonzalez/clarity,johanngonzalez,2016-09-16T21:26:55Z
68417199,https://github.com/batFormat/test,batFormat,2016-09-16T21:58:14Z
68414362,https://github.com/thorpe-sean-wm/OOP-Progress-Check-1,thorpe-sean-wm,2016-09-16T21:02:21Z
68415348,https://github.com/turner-dalton-wm/PHPAssignment,turner-dalton-wm,2016-09-16T21:21:36Z
68415439,https://github.com/Dunn-Carrie-wm/OOP_PHP,Dunn-Carrie-wm,2016-09-16T21:23:22Z
68416480,https://github.com/pablo-lv/blog-codeigniter,pablo-lv,2016-09-16T21:42:55Z
68416227,https://github.com/dimkasta/FacebookService,dimkasta,2016-09-16T21:37:55Z
68417244,https://github.com/gydoar/iladiba,gydoar,2016-09-16T21:59:17Z
68415692,https://github.com/aauroux/box-tale-php-library,aauroux,2016-09-16T21:28:10Z