27196610,https://github.com/acdlite/react-remarkable,acdlite,2014-11-26T21:18:39Z
27196756,https://github.com/nodejs/iojs.org,nodejs,2014-11-26T21:23:00Z
27197746,https://github.com/BowlingX/flexcss,BowlingX,2014-11-26T21:50:46Z
27196943,https://github.com/plcpeople/nodepccc,plcpeople,2014-11-26T21:27:29Z
27197233,https://github.com/brianbooden/HexBinning,brianbooden,2014-11-26T21:35:52Z
27197729,https://github.com/thybzi/styledoc,thybzi,2014-11-26T21:50:18Z
27197005,https://github.com/srpeck/3dsim,srpeck,2014-11-26T21:28:35Z
27197961,https://github.com/es128/weird,es128,2014-11-26T21:58:04Z
27196311,https://github.com/MiamiCoder/extjs-grid-row-editing-php-backend,MiamiCoder,2014-11-26T21:09:53Z
27197575,https://github.com/tcrammond/generator-simple-html,tcrammond,2014-11-26T21:45:51Z
27197881,https://github.com/christophercliff/crispy,christophercliff,2014-11-26T21:55:40Z
27196256,https://github.com/schmic/ac-server-ctrl,schmic,2014-11-26T21:08:12Z
27197944,https://github.com/e-schultz/git-training,e-schultz,2014-11-26T21:57:37Z
27196665,https://github.com/Asymmetrik/sentio,Asymmetrik,2014-11-26T21:19:51Z
27197583,https://github.com/cfiet/purescript-runner,cfiet,2014-11-26T21:45:56Z
27197175,https://github.com/phkolarov/JavaScript,phkolarov,2014-11-26T21:34:04Z
27197146,https://github.com/boundingdog/fill,boundingdog,2014-11-26T21:33:06Z
27197851,https://github.com/sensimevanidus/coiniq,sensimevanidus,2014-11-26T21:54:39Z
27197600,https://github.com/jacekk/fancy-animated-menu,jacekk,2014-11-26T21:46:32Z
27197787,https://github.com/suevalov/presentations,suevalov,2014-11-26T21:52:05Z
27196006,https://github.com/codeflyer/entityXQuickstart,codeflyer,2014-11-26T21:01:19Z
27196140,https://github.com/voodoolabs/phonegap-workshop-master,voodoolabs,2014-11-26T21:05:13Z
27197650,https://github.com/jliszka/abc,jliszka,2014-11-26T21:48:06Z
27197648,https://github.com/everettj/CloudMe,everettj,2014-11-26T21:48:01Z
27197403,https://github.com/sd108806/test_wholedata,sd108806,2014-11-26T21:40:38Z
27196784,https://github.com/unshiftio/negotiation,unshiftio,2014-11-26T21:23:49Z
27197971,https://github.com/jenbla/arlene_mcmorran_photography,jenbla,2014-11-26T21:58:15Z
27196145,https://github.com/hellmanhellman/skwizz,hellmanhellman,2014-11-26T21:05:20Z
27197471,https://github.com/etucker/pong-pal,etucker,2014-11-26T21:43:00Z
27197631,https://github.com/oomlaut/agile-card-randomizer,oomlaut,2014-11-26T21:47:30Z
27197735,https://github.com/jliszka/nutrition,jliszka,2014-11-26T21:50:25Z
27196306,https://github.com/EderOrtegaAchury/Seget,EderOrtegaAchury,2014-11-26T21:09:49Z
27196769,https://github.com/kevinrogerteng/tile_colors,kevinrogerteng,2014-11-26T21:23:31Z
27196804,https://github.com/mbedoya/Bluetooth,mbedoya,2014-11-26T21:24:22Z
27196974,https://github.com/julia-ng-patmos/spider,julia-ng-patmos,2014-11-26T21:28:04Z
27196082,https://github.com/DevDoyle/pgtasklist,DevDoyle,2014-11-26T21:03:46Z
27197318,https://github.com/anshuld/angular,anshuld,2014-11-26T21:38:05Z
27198024,https://github.com/dannyg11/tldrapp,dannyg11,2014-11-26T21:59:33Z
27196170,https://github.com/bfowler40/Blossom,bfowler40,2014-11-26T21:06:03Z
27197555,https://github.com/ashamis/SkyDiver,ashamis,2014-11-26T21:45:22Z
27197822,https://github.com/hadrienl/flickr-blog,hadrienl,2014-11-26T21:53:25Z
27197515,https://github.com/c0d3rm0nk3y/news-whore-nodejs,c0d3rm0nk3y,2014-11-26T21:44:23Z
27197097,https://github.com/cpfr/w3term,cpfr,2014-11-26T21:31:28Z
27197117,https://github.com/gyson/gocsp-timeout,gyson,2014-11-26T21:32:04Z
27197166,https://github.com/RebekahJ/sort-quicksort-asc,RebekahJ,2014-11-26T21:33:44Z
27196354,https://github.com/arseniew/vhostgen,arseniew,2014-11-26T21:11:20Z
27197850,https://github.com/EAaron-fullsail/PWA1-GITRepo-Elliott,EAaron-fullsail,2014-11-26T21:54:37Z
27197950,https://github.com/vweevers/http-graceful,vweevers,2014-11-26T21:57:49Z
27196360,https://github.com/poezdochkaby/prokatbus,poezdochkaby,2014-11-26T21:11:25Z
27196361,https://github.com/mimi0604/Car-Dealer,mimi0604,2014-11-26T21:11:30Z
27197100,https://github.com/punkb/CrowdsightWebLogins,punkb,2014-11-26T21:31:38Z
27196614,https://github.com/damintsew/scheduler,damintsew,2014-11-26T21:18:45Z
27197572,https://github.com/ArmandoMagdaleno/Mario3,ArmandoMagdaleno,2014-11-26T21:45:49Z
27197644,https://github.com/adlnet-archive/sandbox-xblock,adlnet-archive,2014-11-26T21:47:53Z
27196609,https://github.com/pcsquirrel/BluetoothTest,pcsquirrel,2014-11-26T21:18:38Z
27196967,https://github.com/Noodles947/SqlFire-JS,Noodles947,2014-11-26T21:27:59Z
27197868,https://github.com/teh0xqb/keyshorts,teh0xqb,2014-11-26T21:55:11Z
27195989,https://github.com/ilkkao/curlyParser,ilkkao,2014-11-26T21:00:54Z
27196084,https://github.com/CorinaV/pgtasklist,CorinaV,2014-11-26T21:03:46Z
27197797,https://github.com/LightSpeedC/express4-test,LightSpeedC,2014-11-26T21:52:27Z
27195977,https://github.com/sergioariza/MongoDB_CRUD,sergioariza,2014-11-26T21:00:33Z
27196079,https://github.com/daveglynn/pgtasklist,daveglynn,2014-11-26T21:03:44Z
27197041,https://github.com/Noodles947/SQL-Light-JS,Noodles947,2014-11-26T21:29:47Z
27197301,https://github.com/gtursi/spa-demo,gtursi,2014-11-26T21:37:46Z
27197527,https://github.com/droarty/balancePoint,droarty,2014-11-26T21:44:39Z