23971787,https://github.com/leoshtika/yii-language-selector,leoshtika,2014-09-12T18:24:28Z
23971313,https://github.com/shellprog/DIGITALOCEAN_DEPLOY,shellprog,2014-09-12T18:10:02Z
23971540,https://github.com/imrannaqvi/roach,imrannaqvi,2014-09-12T18:17:57Z
23971885,https://github.com/HinchK/xtpg-larabook,HinchK,2014-09-12T18:27:17Z
23971297,https://github.com/ras-org/ras,ras-org,2014-09-12T18:09:27Z
23972643,https://github.com/kent1D/elix_sans_son,kent1D,2014-09-12T18:50:04Z
23972988,https://github.com/donghaichen/COMING-SOON,donghaichen,2014-09-12T18:59:43Z
23972807,https://github.com/linneawilliams/stanford_jumpstart_home,linneawilliams,2014-09-12T18:54:45Z
23972157,https://github.com/patrickbaber/yag_item_view_count,patrickbaber,2014-09-12T18:35:38Z
23972747,https://github.com/dcro/simpledb-admin,dcro,2014-09-12T18:53:11Z
23971411,https://github.com/bmrpas/SHREDDER,bmrpas,2014-09-12T18:13:15Z
23972995,https://github.com/Chirag2411/mongodb-helper-class,Chirag2411,2014-09-12T18:59:54Z
23971234,https://github.com/mdlx/PaypalRestApi,mdlx,2014-09-12T18:07:39Z
23971661,https://github.com/KlausRaynor/p1,KlausRaynor,2014-09-12T18:21:36Z
23972577,https://github.com/safiayonker/custom-planner,safiayonker,2014-09-12T18:47:34Z