158622935,https://github.com/tingyuu/vaeThink,tingyuu,2018-11-22T00:48:34Z
158626061,https://github.com/alicfeng/mobileGroupControlSystem,alicfeng,2018-11-22T01:24:38Z
158626912,https://github.com/elangoverdosis88/claim,elangoverdosis88,2018-11-22T01:34:27Z
158622569,https://github.com/Toutouwai/TemplateFieldWidths,Toutouwai,2018-11-22T00:43:13Z
158624844,https://github.com/paulovictor11/CursoPhp,paulovictor11,2018-11-22T01:11:57Z
158621601,https://github.com/Khophi-And-Khode/Hack-Api-PhP,Khophi-And-Khode,2018-11-22T00:27:59Z
158623733,https://github.com/inca2018/SistemaDiabetes,inca2018,2018-11-22T00:59:35Z
158621517,https://github.com/Budinsito/Ubigeo,Budinsito,2018-11-22T00:26:45Z
158624600,https://github.com/javi-dh/laravelMigrate,javi-dh,2018-11-22T01:10:29Z
158620035,https://github.com/twheelertech/mateialworld,twheelertech,2018-11-22T00:02:57Z
158620910,https://github.com/latinbox/tienda_virtual,latinbox,2018-11-22T00:17:40Z
158624002,https://github.com/graciecarter/Mysql-php-query,graciecarter,2018-11-22T01:02:50Z
158623864,https://github.com/aklump/phpunit-extras,aklump,2018-11-22T01:01:15Z
158621844,https://github.com/alexeimun/inverbienes,alexeimun,2018-11-22T00:32:02Z
158628984,https://github.com/Turingcod/zone-business-api,Turingcod,2018-11-22T01:58:42Z
158621730,https://github.com/jconde01/ajapi,jconde01,2018-11-22T00:30:06Z
158622116,https://github.com/r00d1k/Kattis-solution,r00d1k,2018-11-22T00:36:12Z
158622773,https://github.com/m4jeed/penjualan,m4jeed,2018-11-22T00:46:08Z
158622801,https://github.com/YouGoApp/php,YouGoApp,2018-11-22T00:46:36Z
158626399,https://github.com/krolpiotr/zfskeleton,krolpiotr,2018-11-22T01:28:43Z
158623458,https://github.com/jampier30/secretos,jampier30,2018-11-22T00:55:57Z
158621539,https://github.com/shitshorty/rm-project,shitshorty,2018-11-22T00:27:01Z
158628617,https://github.com/RithvikChan/Webtech3,RithvikChan,2018-11-22T01:54:25Z
158627209,https://github.com/Feliphegomez/mv-control,Feliphegomez,2018-11-22T01:38:11Z
158626103,https://github.com/VarroReve/api-server-request-sdk,VarroReve,2018-11-22T01:25:04Z
158628358,https://github.com/MohTarek/realEstateProject,MohTarek,2018-11-22T01:51:45Z
158621686,https://github.com/jadmjr/model,jadmjr,2018-11-22T00:29:26Z
158623598,https://github.com/ikhsanuldani23/CI-Baru,ikhsanuldani23,2018-11-22T00:57:43Z
158625311,https://github.com/ruonan54j/MentalHealthTracker,ruonan54j,2018-11-22T01:17:11Z
158623126,https://github.com/joaquinlio/Marmoleria-Magrone,joaquinlio,2018-11-22T00:50:54Z
158626857,https://github.com/WillAiemi/projeto-final-php,WillAiemi,2018-11-22T01:33:55Z
158622800,https://github.com/jenises/trabalhopin,jenises,2018-11-22T00:46:35Z
158624999,https://github.com/duyle1996/Shop_Project,duyle1996,2018-11-22T01:13:17Z
158622608,https://github.com/leoers/system,leoers,2018-11-22T00:43:48Z
158621451,https://github.com/Dauun/Calidad,Dauun,2018-11-22T00:25:38Z
158622282,https://github.com/lukarion12/Adopet,lukarion12,2018-11-22T00:38:57Z
158624301,https://github.com/Fransiskus06/Hery,Fransiskus06,2018-11-22T01:06:55Z
158628856,https://github.com/rinonkia/oauthLaravel,rinonkia,2018-11-22T01:57:18Z
158626611,https://github.com/AlexPelmen/dynamicIPBot,AlexPelmen,2018-11-22T01:31:19Z
158620211,https://github.com/erwinarguello/calidad-software,erwinarguello,2018-11-22T00:06:17Z
158620481,https://github.com/DaanKDG/runemarket,DaanKDG,2018-11-22T00:10:36Z
158626640,https://github.com/chonlatee-s/kru,chonlatee-s,2018-11-22T01:31:39Z
158626809,https://github.com/pkirillw/NYTimesApi,pkirillw,2018-11-22T01:33:26Z
158625203,https://github.com/Zacktagnan-ZubiMan/LRVL_queryBuilder_ORM,Zacktagnan-ZubiMan,2018-11-22T01:15:37Z
158621881,https://github.com/Zacktagnan-ZubiMan/LRVL-Relaciones,Zacktagnan-ZubiMan,2018-11-22T00:32:36Z
158624387,https://github.com/MichaelDouglas1/Sistema-simples-de-postagem,MichaelDouglas1,2018-11-22T01:07:49Z
158621927,https://github.com/PaoMarin/e-shop,PaoMarin,2018-11-22T00:33:14Z
158624064,https://github.com/gtt2352/shop,gtt2352,2018-11-22T01:03:37Z
158621241,https://github.com/pkirillw/AtolAPI,pkirillw,2018-11-22T00:22:36Z
158626928,https://github.com/zxc5802316/adminAuth,zxc5802316,2018-11-22T01:34:37Z
158625390,https://github.com/kawsarmobin/share-link,kawsarmobin,2018-11-22T01:18:20Z
158621712,https://github.com/lucasheber/notifyme-php,lucasheber,2018-11-22T00:29:52Z
158621386,https://github.com/Tunadel/Santa-Project,Tunadel,2018-11-22T00:24:47Z
158620764,https://github.com/nokah1988/learninglaravel,nokah1988,2018-11-22T00:15:27Z
158620988,https://github.com/nimbus117/codeigniter_tutorial,nimbus117,2018-11-22T00:19:01Z
158620674,https://github.com/Maximnnn/tasks,Maximnnn,2018-11-22T00:13:53Z
158619867,https://github.com/MedeirosDev/dicionario-dados,MedeirosDev,2018-11-22T00:00:41Z
158621766,https://github.com/timewebdesign/webizy,timewebdesign,2018-11-22T00:30:46Z
158626370,https://github.com/GuilhermeMateusCode/cafegourmet,GuilhermeMateusCode,2018-11-22T01:28:19Z
158620193,https://github.com/danlarson1990/wp-iframe-lightbox,danlarson1990,2018-11-22T00:06:00Z
158622646,https://github.com/IrisMoraes10/TrabalhosPHP,IrisMoraes10,2018-11-22T00:44:18Z
158626245,https://github.com/andrereginatto/testeDeSoftware,andrereginatto,2018-11-22T01:26:44Z
158626782,https://github.com/Laakem/ThunderBayStockExchange,Laakem,2018-11-22T01:33:12Z
158627732,https://github.com/nikhilkajrekar31/Changes_In_Currency_Web_Application,nikhilkajrekar31,2018-11-22T01:44:40Z
158628363,https://github.com/trinh04042000/bc-php-ung-dung-blog,trinh04042000,2018-11-22T01:51:47Z
158620003,https://github.com/venkatjavaji/html-css-js,venkatjavaji,2018-11-22T00:02:25Z
158623055,https://github.com/leoers/loja,leoers,2018-11-22T00:50:04Z
158623453,https://github.com/siennad/laravel_frontend,siennad,2018-11-22T00:55:54Z
158619916,https://github.com/srazzano15/timeless-app,srazzano15,2018-11-22T00:01:40Z
158628609,https://github.com/codera21/grepsr-cli-helper,codera21,2018-11-22T01:54:21Z
158620441,https://github.com/raxielh/iPAI,raxielh,2018-11-22T00:10:08Z
158620616,https://github.com/asanc414/asanc414.github.io,asanc414,2018-11-22T00:12:59Z
158621014,https://github.com/bulldog67/soundblog-child-theme,bulldog67,2018-11-22T00:19:25Z
158626085,https://github.com/ahmedFujikawa/curly-octo-ahmed,ahmedFujikawa,2018-11-22T01:24:51Z
158619949,https://github.com/thegevorgyan/age,thegevorgyan,2018-11-22T00:01:57Z
158626543,https://github.com/nikhilkajrekar31/Pacific_Trails_Resort_Web_Application,nikhilkajrekar31,2018-11-22T01:30:34Z
158623787,https://github.com/simonborer/phpmysql,simonborer,2018-11-22T01:00:18Z
158621076,https://github.com/aangardam/perpustakaan,aangardam,2018-11-22T00:20:19Z
158621060,https://github.com/Alextastico/phpbasic,Alextastico,2018-11-22T00:20:08Z
158622531,https://github.com/phpervip/sfnewblog,phpervip,2018-11-22T00:42:32Z
158627154,https://github.com/kratos619/bookstore,kratos619,2018-11-22T01:37:39Z
158627453,https://github.com/echochio-tw/baiduCDN,echochio-tw,2018-11-22T01:41:17Z
158628923,https://github.com/mehmet02/mecesoft,mehmet02,2018-11-22T01:57:57Z