30179560,https://github.com/Wicklers/Management-Information-System,Wicklers,2015-02-02T09:18:46Z
30179056,https://github.com/KnpLabs/rad-auto-registration,KnpLabs,2015-02-02T09:02:39Z
30180280,https://github.com/deframe/phpbelfast-greeter,deframe,2015-02-02T09:39:13Z
30180203,https://github.com/abrander/phpusage,abrander,2015-02-02T09:37:06Z
30180398,https://github.com/wp-plugins/login-style,wp-plugins,2015-02-02T09:43:03Z
30179274,https://github.com/Vimpel/rainbow,Vimpel,2015-02-02T09:09:29Z
30180619,https://github.com/RKokholm/website,RKokholm,2015-02-02T09:48:43Z
30180792,https://github.com/1emax/fr_db_compare,1emax,2015-02-02T09:53:38Z
30180788,https://github.com/dprabin/contacts-widget,dprabin,2015-02-02T09:53:31Z
30179409,https://github.com/cherifGsoul/fennec,cherifGsoul,2015-02-02T09:13:55Z
30179907,https://github.com/wp-plugins/magic-links,wp-plugins,2015-02-02T09:28:07Z
30179297,https://github.com/1request/clubdes5,1request,2015-02-02T09:10:07Z
30180888,https://github.com/kumaillakhani/bypass-front-page-template,kumaillakhani,2015-02-02T09:56:14Z
30179610,https://github.com/jiyikong/irudder,jiyikong,2015-02-02T09:20:18Z
30180787,https://github.com/temasuper/ceh,temasuper,2015-02-02T09:53:28Z
30180990,https://github.com/wp-plugins/media-author,wp-plugins,2015-02-02T09:58:47Z
30180373,https://github.com/michaelward82/lisa,michaelward82,2015-02-02T09:42:30Z
30179359,https://github.com/wp-plugins/locationmap,wp-plugins,2015-02-02T09:12:07Z
30179407,https://github.com/trisadmeslek/bodybuildingturkey,trisadmeslek,2015-02-02T09:13:47Z
30179999,https://github.com/thanhnga67/demo,thanhnga67,2015-02-02T09:30:58Z
30180581,https://github.com/artronics/zibamining,artronics,2015-02-02T09:47:24Z
30180657,https://github.com/Uthmordar/apero,Uthmordar,2015-02-02T09:49:54Z
30179062,https://github.com/Naraekim/CAMSCON,Naraekim,2015-02-02T09:02:49Z
30179256,https://github.com/superarts/script,superarts,2015-02-02T09:09:04Z