2524790,https://github.com/grumpycola/slidex,grumpycola,2011-10-06T08:29:00Z
2524884,https://github.com/rsgd/gittest,rsgd,2011-10-06T08:55:10Z
2524741,https://github.com/rubenv/mobile-monkeypatches,rubenv,2011-10-06T08:15:06Z