5609139,https://github.com/phplaber/efucms,phplaber,2012-08-30T01:46:55Z
5609050,https://github.com/miraqk/arecibo,miraqk,2012-08-30T01:35:33Z
5609206,https://github.com/raymiranda/cURL_Twilio,raymiranda,2012-08-30T01:56:11Z
5609222,https://github.com/geera/PracticasCC419,geera,2012-08-30T01:57:32Z
5608910,https://github.com/poring/git_training,poring,2012-08-30T01:19:07Z