188810987,https://github.com/erdincmutlu/CHIP-8,erdincmutlu,2019-05-27T09:14:35Z
188816857,https://github.com/kekemuyu/gofile,kekemuyu,2019-05-27T09:49:59Z
188810666,https://github.com/ChaLanZi/video_server_api,ChaLanZi,2019-05-27T09:12:35Z
188818033,https://github.com/yezihack/gofun,yezihack,2019-05-27T09:57:38Z
188810149,https://github.com/kuaileniu/go_mod_test,kuaileniu,2019-05-27T09:09:20Z
188812566,https://github.com/mspinnewyn/speedtest,mspinnewyn,2019-05-27T09:23:54Z
188809666,https://github.com/ClaireLee22/gRPC_web_log,ClaireLee22,2019-05-27T09:06:24Z
188813517,https://github.com/pawmart/form3-payments,pawmart,2019-05-27T09:29:45Z
188814892,https://github.com/dstyxy/go-test,dstyxy,2019-05-27T09:37:56Z
188817604,https://github.com/atticlab/eos-cassandra-historyapi,atticlab,2019-05-27T09:54:53Z
188815846,https://github.com/invisiblethreat/sliding-window,invisiblethreat,2019-05-27T09:43:41Z
188815372,https://github.com/SanjeevChoubey/go_basic_stuff,SanjeevChoubey,2019-05-27T09:40:49Z
188812103,https://github.com/sameei/godiffreport,sameei,2019-05-27T09:21:20Z
188814184,https://github.com/evoila/prometheus-scraper,evoila,2019-05-27T09:33:32Z
188813977,https://github.com/lock-free/obrero,lock-free,2019-05-27T09:32:22Z
188813739,https://github.com/Desdemo/Lw4,Desdemo,2019-05-27T09:31:06Z