59707718,https://github.com/PGWireless/php-paygw-server-sdk,PGWireless,2016-05-26T00:44:02Z
59706578,https://github.com/haskellcamargo/php-church-encoding,haskellcamargo,2016-05-26T00:16:28Z
59707896,https://github.com/Toutouwai/TemplatesChildPages,Toutouwai,2016-05-26T00:48:38Z
59706621,https://github.com/JoMiPeCa/CSA,JoMiPeCa,2016-05-26T00:17:41Z
59706788,https://github.com/jeffc0216/PHP-String,jeffc0216,2016-05-26T00:21:34Z
59707592,https://github.com/Webinno/FMPHP-Mini,Webinno,2016-05-26T00:40:55Z
59707151,https://github.com/renancunha33/Lojinha,renancunha33,2016-05-26T00:29:42Z
59705974,https://github.com/MoneyMouth/moneymouthsports.com,MoneyMouth,2016-05-26T00:00:51Z
59706594,https://github.com/steveworley/migrate-d8,steveworley,2016-05-26T00:16:56Z
59706772,https://github.com/duandaoke/tmpphp,duandaoke,2016-05-26T00:21:05Z
59706790,https://github.com/123phpshop/utils,123phpshop,2016-05-26T00:21:36Z
59705997,https://github.com/quaplo/gitflow,quaplo,2016-05-26T00:01:25Z
59706826,https://github.com/AlejandroMartinezOrellana/TheReimon,AlejandroMartinezOrellana,2016-05-26T00:22:44Z
59706015,https://github.com/tweeden/universal,tweeden,2016-05-26T00:01:59Z
59708186,https://github.com/nzy/farpost,nzy,2016-05-26T00:55:21Z
59706138,https://github.com/victorratts13/phpydio,victorratts13,2016-05-26T00:04:51Z
59706163,https://github.com/josemillar/AGV,josemillar,2016-05-26T00:05:38Z
59707409,https://github.com/masterskipper/HillyHolidays,masterskipper,2016-05-26T00:36:20Z
59707787,https://github.com/gry260/foodie,gry260,2016-05-26T00:45:53Z
59706956,https://github.com/twoutlook/check-roundcube,twoutlook,2016-05-26T00:25:23Z
59706670,https://github.com/alastor001/mulge,alastor001,2016-05-26T00:18:40Z
59705986,https://github.com/ollico/Exceptions,ollico,2016-05-26T00:01:08Z
59706306,https://github.com/davemenc/Tuna,davemenc,2016-05-26T00:09:18Z
59707768,https://github.com/ibtehalahmed/cook,ibtehalahmed,2016-05-26T00:45:19Z
59706019,https://github.com/frorgen/ponys,frorgen,2016-05-26T00:02:04Z
59706418,https://github.com/Made-of-Clay/marvel-calculator,Made-of-Clay,2016-05-26T00:12:37Z
59707330,https://github.com/agustingmilke/kartenspiel,agustingmilke,2016-05-26T00:34:28Z
59706110,https://github.com/naathaliaposadaar/BULLSEYE,naathaliaposadaar,2016-05-26T00:04:18Z
59706160,https://github.com/djordjepantovic/resume-backend,djordjepantovic,2016-05-26T00:05:32Z
59706995,https://github.com/bardtian/wordpress-landed,bardtian,2016-05-26T00:26:08Z
59706294,https://github.com/alvarofer/todamoda,alvarofer,2016-05-26T00:09:08Z
59706297,https://github.com/HoaNP/WebDemo,HoaNP,2016-05-26T00:09:10Z