4866813,https://github.com/hacklschorsch/selenium-webdriverjs,hacklschorsch,2012-07-03T01:21:30Z
4866931,https://github.com/iringtools/iringtools,iringtools,2012-07-03T01:43:35Z
4867042,https://github.com/berkmancenter/freezetag,berkmancenter,2012-07-03T01:58:32Z
4866948,https://github.com/imf7/freescorll,imf7,2012-07-03T01:45:40Z
4866968,https://github.com/pillarlee16/SimpleApp,pillarlee16,2012-07-03T01:48:26Z
4866994,https://github.com/mirandaleandro/bookshark,mirandaleandro,2012-07-03T01:52:05Z
4866913,https://github.com/brettwilson/testProject,brettwilson,2012-07-03T01:40:42Z
4866764,https://github.com/bundy845/gamertag-compare,bundy845,2012-07-03T01:10:13Z
4866828,https://github.com/jasenhk/swfupload,jasenhk,2012-07-03T01:25:08Z
4866849,https://github.com/ardiscb/vfw-project2,ardiscb,2012-07-03T01:28:08Z
4866883,https://github.com/georgeredinger/yogasandpoint.com,georgeredinger,2012-07-03T01:35:25Z
4866788,https://github.com/probert09/AppPrestamos,probert09,2012-07-03T01:15:11Z
4866850,https://github.com/mattrestivo/admin-tool,mattrestivo,2012-07-03T01:28:28Z