13315833,https://github.com/pdxacm/acm.pdx.edu,pdxacm,2013-10-04T03:44:47Z
13315349,https://github.com/brendanashworth/Blogza,brendanashworth,2013-10-04T03:01:01Z
13315419,https://github.com/ExistentialEnso/Use-Lamp,ExistentialEnso,2013-10-04T03:06:21Z
13315544,https://github.com/haris-hasanhodzic/Zadatak3,haris-hasanhodzic,2013-10-04T03:18:52Z
13315824,https://github.com/syuemingfang/syuemingfag-doc,syuemingfang,2013-10-04T03:43:54Z
13315888,https://github.com/CristianCarrillo/tarea4,CristianCarrillo,2013-10-04T03:48:59Z
13315639,https://github.com/rafaelqm/AnagramPHP,rafaelqm,2013-10-04T03:25:41Z
13315681,https://github.com/Quilted/image_dimensions,Quilted,2013-10-04T03:31:06Z
13315757,https://github.com/smstw/Development-Tools,smstw,2013-10-04T03:37:39Z
13315392,https://github.com/jokeofweek/phprepl,jokeofweek,2013-10-04T03:04:12Z
13315703,https://github.com/AkaiTsuki/phpmvc,AkaiTsuki,2013-10-04T03:33:37Z
13315993,https://github.com/talenme/p2.talen.me,talenme,2013-10-04T03:57:18Z
13315916,https://github.com/fegds/control-file-rev,fegds,2013-10-04T03:50:55Z