3001255,https://github.com/danielauener/cake-social-custom-auth,danielauener,2011-12-17T13:44:15Z
3001278,https://github.com/amitkriplani/SAMultiSite,amitkriplani,2011-12-17T13:50:29Z
3001299,https://github.com/spypuzpa/sekolahku,spypuzpa,2011-12-17T13:56:31Z