32670412,https://github.com/kpwn/phpmess,kpwn,2015-03-22T10:06:14Z
32670703,https://github.com/Inonecloud/InOneCloud_old,Inonecloud,2015-03-22T10:16:49Z
32671159,https://github.com/OneTrack/Tracker,OneTrack,2015-03-22T10:32:22Z
32670593,https://github.com/wp-plugins/klima-monitor,wp-plugins,2015-03-22T10:12:59Z
32671925,https://github.com/Vilican/NoteSys,Vilican,2015-03-22T10:58:32Z
32670457,https://github.com/CaoLP/bexinh,CaoLP,2015-03-22T10:07:53Z
32670265,https://github.com/mdzzohrabi/azera-core,mdzzohrabi,2015-03-22T10:00:48Z
32671030,https://github.com/wp-plugins/google-plusone-button,wp-plugins,2015-03-22T10:28:41Z
32670415,https://github.com/Xposl/moduPHP,Xposl,2015-03-22T10:06:23Z
32671775,https://github.com/saav/shopping-cart,saav,2015-03-22T10:53:30Z
32670288,https://github.com/akuehne9878/Commons,akuehne9878,2015-03-22T10:01:46Z
32670997,https://github.com/yoheisugiyama/bmsweb35p,yoheisugiyama,2015-03-22T10:27:24Z
32671631,https://github.com/t1ok/pd_wp,t1ok,2015-03-22T10:48:50Z
32671559,https://github.com/fanningert/thomas.fanninger.at,fanningert,2015-03-22T10:46:32Z
32671905,https://github.com/ohthehugemanatee/catherine,ohthehugemanatee,2015-03-22T10:57:44Z
32670407,https://github.com/ohthehugemanatee/janetv,ohthehugemanatee,2015-03-22T10:06:11Z