250737852,https://github.com/sureit-io/hmvc-tools,sureit-io,2020-03-28T07:27:46Z
250750825,https://github.com/vuthaihoc/crawler-v4,vuthaihoc,2020-03-28T08:53:22Z
250741332,https://github.com/hoaaah/yii2-rest-api-template,hoaaah,2020-03-28T07:51:08Z
250735392,https://github.com/echo-864/PHP-PRO,echo-864,2020-03-28T07:10:51Z
250747397,https://github.com/mouctare/php-algo-traitement,mouctare,2020-03-28T08:30:42Z
250747009,https://github.com/qichamao/php,qichamao,2020-03-28T08:28:17Z
250746636,https://github.com/shubham-backend/Laravel-login-signup-auth,shubham-backend,2020-03-28T08:25:39Z
250745665,https://github.com/pravodev/kawalcorona-php,pravodev,2020-03-28T08:19:30Z
250743238,https://github.com/shirij/dailypost.github.io,shirij,2020-03-28T08:03:41Z
250748521,https://github.com/weasdasd/ahhahaha.mazafackabichez.github.io,weasdasd,2020-03-28T08:38:08Z
250738754,https://github.com/alonestreak/spotify-clone,alonestreak,2020-03-28T07:33:46Z
250738896,https://github.com/fcalazans/p1tma,fcalazans,2020-03-28T07:34:44Z
250742553,https://github.com/NetnetZ/xenforophpfiles,NetnetZ,2020-03-28T07:59:19Z
250748899,https://github.com/hiroki559/simpleboard,hiroki559,2020-03-28T08:40:44Z
250750717,https://github.com/mirza-alim-m/laravel2020-A-G5,mirza-alim-m,2020-03-28T08:52:39Z
250748874,https://github.com/theinvension/wowcode,theinvension,2020-03-28T08:40:30Z
250740392,https://github.com/ArisPutraBuana/ShoopingCartSederhana,ArisPutraBuana,2020-03-28T07:45:01Z
250742102,https://github.com/eislambey/php-xapiand,eislambey,2020-03-28T07:56:17Z
250742003,https://github.com/chrysgan/tintin,chrysgan,2020-03-28T07:55:37Z
250734629,https://github.com/yongdai/quelcode_sns_api_mvc,yongdai,2020-03-28T07:05:28Z
250740844,https://github.com/princeahmed/toto,princeahmed,2020-03-28T07:47:57Z
250749234,https://github.com/kenya6565/re-laravel,kenya6565,2020-03-28T08:42:48Z
250736827,https://github.com/coder-log/LaravelPractice,coder-log,2020-03-28T07:20:42Z
250750410,https://github.com/TheBearerOfTheTorch/openmarket,TheBearerOfTheTorch,2020-03-28T08:50:25Z
250745930,https://github.com/laravel-devel/module-installer,laravel-devel,2020-03-28T08:21:06Z
250741774,https://github.com/AAnfosso/medicina,AAnfosso,2020-03-28T07:54:04Z
250750576,https://github.com/emrebaskin/teknasyon,emrebaskin,2020-03-28T08:51:35Z
250741878,https://github.com/ArisPutraBuana/UploadFile_CI_Ajax,ArisPutraBuana,2020-03-28T07:54:47Z
250747776,https://github.com/YashDjsonDookun/GreenLandscaping,YashDjsonDookun,2020-03-28T08:33:02Z
250750936,https://github.com/joejacob-in/chelvi,joejacob-in,2020-03-28T08:54:04Z
250750902,https://github.com/reksadnml/TugasIAI,reksadnml,2020-03-28T08:53:52Z
250739204,https://github.com/AryaDwiAditiya/manajemenupload,AryaDwiAditiya,2020-03-28T07:36:48Z
250741247,https://github.com/listawulandari/login-dan-regis,listawulandari,2020-03-28T07:50:31Z
250735008,https://github.com/AYCHC/AYCHC.github.io,AYCHC,2020-03-28T07:07:53Z
250747223,https://github.com/nsm-lab/Kalkun,nsm-lab,2020-03-28T08:29:39Z
250738733,https://github.com/Coldbwinz/WorkerManager,Coldbwinz,2020-03-28T07:33:38Z
250736909,https://github.com/rizaanr/antena,rizaanr,2020-03-28T07:21:14Z
250738847,https://github.com/alibudi/covid-19,alibudi,2020-03-28T07:34:31Z
250743015,https://github.com/taujago/covid19maps,taujago,2020-03-28T08:02:04Z
250739169,https://github.com/wahyufaturrizky/Avian-Brands-Wahyu,wahyufaturrizky,2020-03-28T07:36:32Z
250734063,https://github.com/zawwinhtunn/ps-store,zawwinhtunn,2020-03-28T07:01:30Z
250738017,https://github.com/iuthub/lab-8-Firdavs0007,iuthub,2020-03-28T07:28:51Z
250741168,https://github.com/ArisPutraBuana/CI_Select,ArisPutraBuana,2020-03-28T07:50:03Z
250735434,https://github.com/nocturnal93/wp,nocturnal93,2020-03-28T07:11:13Z
250735074,https://github.com/Rasif-99/miniProject-API,Rasif-99,2020-03-28T07:08:18Z
250745162,https://github.com/narinderbisht/zoho-php-curl-api-code,narinderbisht,2020-03-28T08:16:07Z
250735005,https://github.com/jesusantguerrero/guestbook,jesusantguerrero,2020-03-28T07:07:52Z
250733991,https://github.com/AnonBug/git_demo,AnonBug,2020-03-28T07:00:58Z
250743535,https://github.com/etefaghian/wordpress,etefaghian,2020-03-28T08:05:35Z
250749611,https://github.com/crdSpirit/Tugas1,crdSpirit,2020-03-28T08:45:15Z
250748313,https://github.com/nunoakbarf/Login-Register,nunoakbarf,2020-03-28T08:36:44Z
250751062,https://github.com/AYCHRE/AYCHRE,AYCHRE,2020-03-28T08:54:58Z
250749005,https://github.com/CA3LE/Keep-it-Simple-ads.txt-combiner,CA3LE,2020-03-28T08:41:25Z
250738426,https://github.com/yhamender/bglp,yhamender,2020-03-28T07:31:36Z
250736379,https://github.com/ozelotjp/TwitterTool,ozelotjp,2020-03-28T07:17:36Z
250748803,https://github.com/DSARRAZY/POO---Basics-Part-1-,DSARRAZY,2020-03-28T08:40:01Z
250748967,https://github.com/Fujishima-Kai/todoapp,Fujishima-Kai,2020-03-28T08:41:10Z
250742666,https://github.com/colasjun/socket,colasjun,2020-03-28T08:00:01Z
250751067,https://github.com/kuronokurujp/Stduy_language_PHP,kuronokurujp,2020-03-28T08:55:00Z
250751012,https://github.com/shahfaisalsmart/Laravel-Project-Module,shahfaisalsmart,2020-03-28T08:54:40Z
250735710,https://github.com/akiosan0803/docker-laravel-handson,akiosan0803,2020-03-28T07:13:34Z
250737941,https://github.com/lentochka-lenti/gd,lentochka-lenti,2020-03-28T07:28:19Z
250746234,https://github.com/Rengang/barcode-bakery,Rengang,2020-03-28T08:23:01Z
250740952,https://github.com/orgmatter/mini-crm-challenge,orgmatter,2020-03-28T07:48:37Z
250741279,https://github.com/deckeeper/Laravel-Movies,deckeeper,2020-03-28T07:50:46Z
250735524,https://github.com/danghuy1997/web,danghuy1997,2020-03-28T07:11:56Z
250743073,https://github.com/604234031cs/Bookshop,604234031cs,2020-03-28T08:02:30Z
250741727,https://github.com/bq-L/shop,bq-L,2020-03-28T07:53:48Z
250747134,https://github.com/Sharma9680nishu/qdegrees_crm,Sharma9680nishu,2020-03-28T08:28:58Z
250739994,https://github.com/laravel-devel/dashboard-users-module,laravel-devel,2020-03-28T07:42:26Z
250737456,https://github.com/MarkWahba-git/Blog-Laravel,MarkWahba-git,2020-03-28T07:25:10Z
250736592,https://github.com/jose-xml/asbp,jose-xml,2020-03-28T07:19:06Z
250736878,https://github.com/nish0618/diceGame,nish0618,2020-03-28T07:21:03Z
250740184,https://github.com/PrakashVadher/beano_website,PrakashVadher,2020-03-28T07:43:51Z
250740386,https://github.com/egu33/website,egu33,2020-03-28T07:44:58Z
250749934,https://github.com/EFS123ONLINE/EFS123ONLINE.github.io,EFS123ONLINE,2020-03-28T08:47:24Z
250745611,https://github.com/unploid/iteh_lb1_v5_2sem,unploid,2020-03-28T08:19:07Z
250740197,https://github.com/xynoipsec/tweety,xynoipsec,2020-03-28T07:43:58Z
250737704,https://github.com/adityasuman2025/attendanceIITP,adityasuman2025,2020-03-28T07:26:49Z
250745360,https://github.com/Shaktigupta97/shakti-gupta-wordpress-theme,Shaktigupta97,2020-03-28T08:17:27Z
250734833,https://github.com/rhanmiano/slim-customer-listing,rhanmiano,2020-03-28T07:06:55Z
250739664,https://github.com/laravel-devel/dashboard-user-roles-module,laravel-devel,2020-03-28T07:40:04Z
250739630,https://github.com/gemmacortel/contacts,gemmacortel,2020-03-28T07:39:53Z
250735808,https://github.com/AYCHL/AYCHL.github.io,AYCHL,2020-03-28T07:14:17Z
250736718,https://github.com/604234017cs/BookShopdb,604234017cs,2020-03-28T07:20:00Z
250740738,https://github.com/Murad14/Food-waste-management-system,Murad14,2020-03-28T07:47:21Z
250744625,https://github.com/Dexperts/authentication-package,Dexperts,2020-03-28T08:13:00Z
250736372,https://github.com/luffy7380/luffy7380.github.io,luffy7380,2020-03-28T07:17:33Z
250739231,https://github.com/ArisPutraBuana/POS_Sederhana,ArisPutraBuana,2020-03-28T07:37:00Z
250737278,https://github.com/riship99/online-game-buying-website,riship99,2020-03-28T07:23:57Z
250738907,https://github.com/sparkidea25/nv,sparkidea25,2020-03-28T07:34:50Z
250740781,https://github.com/krusts31/e-comerc,krusts31,2020-03-28T07:47:33Z
250749449,https://github.com/berliana-febriani/manajemen-produk,berliana-febriani,2020-03-28T08:44:13Z
250749383,https://github.com/di7chro/shopngo,di7chro,2020-03-28T08:43:46Z
250743010,https://github.com/ff030898/pdv,ff030898,2020-03-28T08:02:02Z
250736840,https://github.com/ThebiggunSeeoil/Line_v2,ThebiggunSeeoil,2020-03-28T07:20:48Z
250740081,https://github.com/henrikosonen/joulukuusi,henrikosonen,2020-03-28T07:43:02Z
250739098,https://github.com/NazmulBiswas/E-watse-Management-System,NazmulBiswas,2020-03-28T07:36:10Z
250735856,https://github.com/604234007CS/bookshop,604234007CS,2020-03-28T07:14:38Z
250751572,https://github.com/AYCHR/AYCHR.github.io,AYCHR,2020-03-28T08:58:16Z
https://github.com/Wolfr/openvld-2020,False,2020-03-28T08:37:30Z
https://github.com/andaaree/tugas2,False,2020-03-28T08:51:30Z
https://github.com/franciskinyuru/online-shop,False,2020-03-28T08:38:45Z
https://github.com/phpjavaengineer/desighee,False,2020-03-28T08:13:05Z
https://github.com/devNicolasNmk/formulaireweb,False,2020-03-28T08:43:21Z
https://github.com/nunoakbarf/Manajemen-Produk-File-Upload-,False,2020-03-28T08:54:09Z
https://github.com/chen-xb/connection-pool,False,2020-03-28T08:42:52Z
https://github.com/AashikP/auto-discount-for-woocommerce,False,2020-03-28T07:16:10Z
https://github.com/izulramadhan/File-Upload,False,2020-03-28T08:39:41Z
https://github.com/KhaldMansour/LaravelLabs,False,2020-03-28T07:32:25Z
https://github.com/tomartailored/symfony5,False,2020-03-28T07:42:23Z
https://github.com/praptoherlambang/Covid19,False,2020-03-28T08:08:53Z
https://github.com/nguyenviethungbkhn/wordpress2,False,2020-03-28T07:18:07Z
https://github.com/bdogan/distance_education_suite,False,2020-03-28T08:00:42Z
https://github.com/Matin-ME/proxy-grabber,False,2020-03-28T07:03:13Z
https://github.com/Chake9928/kadai-commit,False,2020-03-28T08:01:05Z
https://github.com/berliana-febriani/login-dan-register,False,2020-03-28T08:49:36Z
https://github.com/prolite1547/ProductLib,False,2020-03-28T07:29:10Z
https://github.com/listawulandari/manajemen-produk,False,2020-03-28T07:23:35Z
https://github.com/SansonEris/ftp_conn-PHP,False,2020-03-28T08:10:23Z
https://github.com/sneha16panchal/lara-repository,False,2020-03-28T08:49:31Z
https://github.com/baharudin-a/baharudin,False,2020-03-28T08:58:39Z
https://github.com/AlibekRH/barbara,False,2020-03-28T08:22:37Z
https://github.com/fajarsujai/test-loops,False,2020-03-28T07:18:36Z
https://github.com/jpsimonnet/MLL,False,2020-03-28T07:59:48Z
https://github.com/gutierrezgerman/montana-descargas,False,2020-03-28T07:50:55Z
https://github.com/wikihadi/mathmind,False,2020-03-28T07:19:09Z
https://github.com/sandersgutierrez/ses-app,False,2020-03-28T07:27:49Z
https://github.com/mirza-alim-m/laravel2020-A-G4,False,2020-03-28T08:47:42Z