192590075,https://github.com/Ali-aqrabawi/gomiko,Ali-aqrabawi,2019-06-18T18:07:41Z
192595849,https://github.com/wish/kubetel,wish,2019-06-18T18:51:01Z
192592795,https://github.com/tomsanbear/grule,tomsanbear,2019-06-18T18:27:52Z
192591852,https://github.com/maciejtarnowski/f1-2018-kafka-feeder,maciejtarnowski,2019-06-18T18:21:04Z
192590997,https://github.com/overlordsnyt/hkexmarketdata,overlordsnyt,2019-06-18T18:14:18Z
192593874,https://github.com/asecurityteam/component-producer,asecurityteam,2019-06-18T18:36:05Z
192595909,https://github.com/thisroot/sql-to-smtp,thisroot,2019-06-18T18:51:27Z
192591495,https://github.com/RudeFish/video_server,RudeFish,2019-06-18T18:18:19Z
192591827,https://github.com/wh-rhino/api,wh-rhino,2019-06-18T18:20:50Z
192595067,https://github.com/Shruthi1-Nadig/practice,Shruthi1-Nadig,2019-06-18T18:45:25Z
192595903,https://github.com/diogopaza/Authenticate-Go-Json-Web-Token,diogopaza,2019-06-18T18:51:22Z
192594470,https://github.com/siaminator/docked-goose,siaminator,2019-06-18T18:40:26Z
192591733,https://github.com/Yuji-Tani/docker_go,Yuji-Tani,2019-06-18T18:20:07Z
192593264,https://github.com/uberamd/claymore-stats-influxdb-go,uberamd,2019-06-18T18:31:32Z
192593824,https://github.com/inspiraluna/omn-token,inspiraluna,2019-06-18T18:35:46Z
192592439,https://github.com/rwade628/gallery-api,rwade628,2019-06-18T18:25:16Z