105404142,https://github.com/jamiewilson/form-to-google-sheets,jamiewilson,2017-09-30T22:12:09Z
105405436,https://github.com/ruslan-kurchenko/sfdc-lax,ruslan-kurchenko,2017-09-30T22:41:08Z
105404133,https://github.com/PWA-espanol/workshop,PWA-espanol,2017-09-30T22:12:03Z
105403638,https://github.com/OpenTradingNetworkFoundation/otn-token,OpenTradingNetworkFoundation,2017-09-30T22:02:08Z
105405697,https://github.com/xanderlewis/colour-palettes,xanderlewis,2017-09-30T22:47:24Z
105404813,https://github.com/va-lemon/homebridge-neeo,va-lemon,2017-09-30T22:27:06Z
105404791,https://github.com/d46/spoty-cmd,d46,2017-09-30T22:26:36Z
105404787,https://github.com/afollestad/node-deploy,afollestad,2017-09-30T22:26:30Z
105404798,https://github.com/delacannon/gatsby-json-transformer-example,delacannon,2017-09-30T22:26:42Z
105405595,https://github.com/don-smith/eth-voting,don-smith,2017-09-30T22:45:06Z
105404946,https://github.com/dailydrip/ecto-activerecord,dailydrip,2017-09-30T22:30:04Z
105404415,https://github.com/NitinBuzz/Weather-App-with-Node.js,NitinBuzz,2017-09-30T22:17:53Z
105404950,https://github.com/berkerol/breakout,berkerol,2017-09-30T22:30:10Z
105405360,https://github.com/Philmod/cloud-builder-mailgun,Philmod,2017-09-30T22:39:45Z
105404730,https://github.com/NSIS-Dev/nsis-dev.github.io,NSIS-Dev,2017-09-30T22:25:01Z
105405979,https://github.com/shazzama/JoeBot,shazzama,2017-09-30T22:54:20Z
105403603,https://github.com/beardog108/markdown-browse,beardog108,2017-09-30T22:01:29Z
105405960,https://github.com/bayeslife/continuous-architecture,bayeslife,2017-09-30T22:53:49Z
105405332,https://github.com/curtlytle/Hangman-Game,curtlytle,2017-09-30T22:38:52Z
105405610,https://github.com/timh1203/asynchronous-javascript-requests,timh1203,2017-09-30T22:45:25Z
105403622,https://github.com/m081779/constellation-effect,m081779,2017-09-30T22:01:55Z
105406113,https://github.com/briauna/hw4,briauna,2017-09-30T22:57:53Z
105404594,https://github.com/HumbertoSantana/calendario-tutorial,HumbertoSantana,2017-09-30T22:22:14Z
105405904,https://github.com/oliverxu1/Stock_Search_Application_and_Website,oliverxu1,2017-09-30T22:52:12Z
105406034,https://github.com/sorenhoyer/react-todo-app,sorenhoyer,2017-09-30T22:56:04Z
105404700,https://github.com/GittingJonasWithIt/Salzburg-Webdev,GittingJonasWithIt,2017-09-30T22:24:28Z
105405039,https://github.com/CassidyPong/my_website,CassidyPong,2017-09-30T22:31:51Z
105403786,https://github.com/laDanz/NaschPebble,laDanz,2017-09-30T22:05:05Z
105403844,https://github.com/rdok/anchor-index,rdok,2017-09-30T22:06:22Z
105403851,https://github.com/ilgulee/COMP306-ONLINE-ORDER-LAB2,ilgulee,2017-09-30T22:06:37Z
105406037,https://github.com/NikoGomez117/okinm117.github.io,NikoGomez117,2017-09-30T22:56:07Z
105403884,https://github.com/amalfushi/Pacman,amalfushi,2017-09-30T22:07:09Z
105403992,https://github.com/mjay13/liri-node-app,mjay13,2017-09-30T22:09:23Z
105403843,https://github.com/Nocory/forum_frontend,Nocory,2017-09-30T22:06:21Z
105404617,https://github.com/hamzashezad/fcc-leaderboard,hamzashezad,2017-09-30T22:22:39Z
105405347,https://github.com/AlekseyPriz/Netology-Test-Driven-Development,AlekseyPriz,2017-09-30T22:39:17Z
105405743,https://github.com/nishelat/Bits-Please,nishelat,2017-09-30T22:48:25Z
105406049,https://github.com/JimLynchCodes/Protractor-Horse-Scraper,JimLynchCodes,2017-09-30T22:56:16Z
105404210,https://github.com/flaminghakama/manifest,flaminghakama,2017-09-30T22:13:45Z
105404994,https://github.com/romulof/venues-demo,romulof,2017-09-30T22:30:53Z
105405118,https://github.com/mmmpa/dotenvenv,mmmpa,2017-09-30T22:33:24Z
105403778,https://github.com/mjackson1960/eat-da-burger,mjackson1960,2017-09-30T22:04:55Z
105406125,https://github.com/wphoong/indecision-app,wphoong,2017-09-30T22:58:12Z
105404586,https://github.com/milo2005/IonicBakend,milo2005,2017-09-30T22:22:05Z
105403557,https://github.com/steferr/CryptoCardsCompared,steferr,2017-09-30T22:00:45Z
105405917,https://github.com/lukegerhart/battleship,lukegerhart,2017-09-30T22:52:25Z
105405581,https://github.com/aik-bipio/bip-pod,aik-bipio,2017-09-30T22:44:38Z
105405033,https://github.com/genesaret/cfcgenesaretmixcum,genesaret,2017-09-30T22:31:43Z
105405043,https://github.com/wratterman/sorting-suite,wratterman,2017-09-30T22:31:54Z
105404659,https://github.com/andrewerrico/webpack-starter,andrewerrico,2017-09-30T22:23:20Z
105404169,https://github.com/Sathish102003/ConverterApplication,Sathish102003,2017-09-30T22:12:33Z
105405817,https://github.com/baden/elm-webpack3-starter,baden,2017-09-30T22:50:14Z
105403870,https://github.com/antonbrams/portfolio,antonbrams,2017-09-30T22:06:55Z
105403903,https://github.com/rmathur101/affordable_housing,rmathur101,2017-09-30T22:07:34Z
105403965,https://github.com/jmgsquared214/DynamicQuizApp,jmgsquared214,2017-09-30T22:08:44Z
105404154,https://github.com/victor-iyiola/vue-example,victor-iyiola,2017-09-30T22:12:23Z
105405259,https://github.com/AkashGutha/akashgutha.github.io,AkashGutha,2017-09-30T22:37:20Z
105403693,https://github.com/IEEEBerkeley/react-ieee,IEEEBerkeley,2017-09-30T22:02:59Z
105405235,https://github.com/SudarshanSudie/Udemy-Advanced-Javascript,SudarshanSudie,2017-09-30T22:36:44Z
105403956,https://github.com/vkatatab/yify-downloader,vkatatab,2017-09-30T22:08:35Z
105403814,https://github.com/datzinfo/dzi,datzinfo,2017-09-30T22:05:49Z
105405546,https://github.com/kdubbels/baker,kdubbels,2017-09-30T22:43:48Z
105404639,https://github.com/yxblee/chainsnakersWeb,yxblee,2017-09-30T22:22:59Z
105404658,https://github.com/jasoncrawford/d3-exercises,jasoncrawford,2017-09-30T22:23:20Z
105404754,https://github.com/MatthewLeeHan/Matthew-Han-First-Personal-Site,MatthewLeeHan,2017-09-30T22:25:39Z
105404809,https://github.com/gbolly/fit4life,gbolly,2017-09-30T22:26:56Z
105404825,https://github.com/angelica26/Flashcard-Generator,angelica26,2017-09-30T22:27:19Z
105403796,https://github.com/beingdeep/MovieApp,beingdeep,2017-09-30T22:05:22Z
105405820,https://github.com/wizardry-io/animated-modal,wizardry-io,2017-09-30T22:50:21Z
105404230,https://github.com/qwwill/travel-site,qwwill,2017-09-30T22:14:08Z
105405375,https://github.com/sandinosaso/bunch-assessments,sandinosaso,2017-09-30T22:40:01Z
105405431,https://github.com/martin-grand/Angel.js,martin-grand,2017-09-30T22:40:58Z
105405648,https://github.com/lisa1357mae/JukeboxSoundCloudProject,lisa1357mae,2017-09-30T22:46:10Z
105403775,https://github.com/jdillman/reactor,jdillman,2017-09-30T22:04:50Z
105404367,https://github.com/noahlattari/OP.GG-Discord-Bot,noahlattari,2017-09-30T22:16:59Z
105404381,https://github.com/CKadera12/leaderboard-fill-your-inbox,CKadera12,2017-09-30T22:17:16Z
105405477,https://github.com/mremac/portfolio,mremac,2017-09-30T22:42:07Z
105404968,https://github.com/easa/Alarm,easa,2017-09-30T22:30:34Z
105405162,https://github.com/ongerit/frontend-starter,ongerit,2017-09-30T22:34:31Z
105406055,https://github.com/vdsc/login-app,vdsc,2017-09-30T22:56:32Z
105404348,https://github.com/kjcain/DHC,kjcain,2017-09-30T22:16:36Z
105404455,https://github.com/OMGDuke/rpi-dashboard,OMGDuke,2017-09-30T22:18:55Z
105404833,https://github.com/berkerol/stargazing,berkerol,2017-09-30T22:27:29Z
105403549,https://github.com/nikolaip33/nikolaip33.github.io,nikolaip33,2017-09-30T22:00:36Z
105403574,https://github.com/sheesania/dc-concoction,sheesania,2017-09-30T22:01:04Z
105403727,https://github.com/alx-developer/alx-developer.github.io,alx-developer,2017-09-30T22:03:36Z
105405950,https://github.com/NaomiThomson/expensify-app,NaomiThomson,2017-09-30T22:53:36Z
105406020,https://github.com/cerrach/flashcard-generator,cerrach,2017-09-30T22:55:44Z
105404470,https://github.com/kc-canty/Memory_Game,kc-canty,2017-09-30T22:19:11Z
105405293,https://github.com/FelicianoAnthony/angular_forms,FelicianoAnthony,2017-09-30T22:37:53Z
105404127,https://github.com/mpsingh17/NodeJS-VidJot,mpsingh17,2017-09-30T22:11:55Z
105404781,https://github.com/developerjoe/react-learning,developerjoe,2017-09-30T22:26:22Z
105403711,https://github.com/brunohfabre/react-redux-init,brunohfabre,2017-09-30T22:03:17Z
105403739,https://github.com/KireevaSoffy/KireevaSoffy.github.io,KireevaSoffy,2017-09-30T22:03:46Z
105405776,https://github.com/poradz/react-color-reader,poradz,2017-09-30T22:49:02Z
105405366,https://github.com/Alex-Cannon/chatApp,Alex-Cannon,2017-09-30T22:39:53Z
105405147,https://github.com/gatorpazz/noteToSelf,gatorpazz,2017-09-30T22:34:15Z
105403875,https://github.com/erinwoody/e-commerce-site-react,erinwoody,2017-09-30T22:07:02Z
105403725,https://github.com/edgar0011/shoppingcart,edgar0011,2017-09-30T22:03:35Z
105403777,https://github.com/johnlayton/julindacourt,johnlayton,2017-09-30T22:04:54Z
105405916,https://github.com/bengal2009/testblog,bengal2009,2017-09-30T22:52:22Z
105405946,https://github.com/Devi7/vue-store,Devi7,2017-09-30T22:53:28Z
105404744,https://github.com/topheryoung/hellotopher,topheryoung,2017-09-30T22:25:24Z
105405554,https://github.com/it6/sk-chat-client,it6,2017-09-30T22:44:11Z
105404211,https://github.com/PWA-espanol/progressive-expenses,PWA-espanol,2017-09-30T22:13:45Z
105404289,https://github.com/awaywiththespoons/inktober,awaywiththespoons,2017-09-30T22:15:13Z
105404686,https://github.com/wbeck32/hapi-server,wbeck32,2017-09-30T22:24:03Z
105404712,https://github.com/cglisson/FeedReader,cglisson,2017-09-30T22:24:45Z
105404772,https://github.com/keyboard-clacker/gdax-client,keyboard-clacker,2017-09-30T22:26:05Z
105405733,https://github.com/scuencalozano/smart-poker,scuencalozano,2017-09-30T22:48:16Z
105403716,https://github.com/prakashk/ai2v-ui,prakashk,2017-09-30T22:03:23Z
105404532,https://github.com/husky-parul/trivial-chrome-plugins,husky-parul,2017-09-30T22:20:34Z
105404232,https://github.com/alexdobsom/rest-api-ninja,alexdobsom,2017-09-30T22:14:09Z
105405885,https://github.com/chenhao-wang/Neighborhood-Map,chenhao-wang,2017-09-30T22:51:39Z
105405579,https://github.com/efhjones/react-basic-boilerplate,efhjones,2017-09-30T22:44:35Z
105403797,https://github.com/vijyethad/mXref,vijyethad,2017-09-30T22:05:22Z
105405787,https://github.com/redpanda117/ReactDeployToHeroku,redpanda117,2017-09-30T22:49:15Z
105405833,https://github.com/lugsoft/socialdev-maps,lugsoft,2017-09-30T22:50:36Z
105405901,https://github.com/hwwn/webpack-basic,hwwn,2017-09-30T22:52:10Z
105404526,https://github.com/kevinweaver/commudit,kevinweaver,2017-09-30T22:20:18Z
105404972,https://github.com/it6/sk-chat-server,it6,2017-09-30T22:30:36Z
105405207,https://github.com/mikeqcp/generator-react-components,mikeqcp,2017-09-30T22:35:44Z
105406137,https://github.com/yrelay/yrexpert-rpc,yrelay,2017-09-30T22:58:32Z
105404090,https://github.com/amsharma44/timestamp,amsharma44,2017-09-30T22:11:14Z
105405945,https://github.com/mattlgroff/liri-node-app,mattlgroff,2017-09-30T22:53:25Z
105405322,https://github.com/Yamininigudkar/Giftastic,Yamininigudkar,2017-09-30T22:38:35Z
105405736,https://github.com/Razpudding/fed3-d3events,Razpudding,2017-09-30T22:48:19Z