23465845,https://github.com/kamilkp/ng-nestable,kamilkp,2014-08-29T14:03:21Z
23465756,https://github.com/jroblak/generator-phaser-browserify,jroblak,2014-08-29T14:00:40Z
23466174,https://github.com/continuationlabs/insync,continuationlabs,2014-08-29T14:15:26Z
23466876,https://github.com/bloglovin/lintlovin,bloglovin,2014-08-29T14:38:58Z
23466743,https://github.com/jdm-contrib/justdelete.me-firefox-addon,jdm-contrib,2014-08-29T14:34:46Z
23466832,https://github.com/fs/fragments.js,fs,2014-08-29T14:37:27Z
23466540,https://github.com/treefort/LAMB,treefort,2014-08-29T14:27:46Z
23465761,https://github.com/Leask/Universal-WebApp,Leask,2014-08-29T14:00:54Z
23466501,https://github.com/joshuakopman/HueTube,joshuakopman,2014-08-29T14:26:38Z
23466067,https://github.com/writekit/markdown.note.starter,writekit,2014-08-29T14:11:30Z
23466352,https://github.com/Workiva/paw,Workiva,2014-08-29T14:20:54Z
23467504,https://github.com/sancar1/CEN3031,sancar1,2014-08-29T14:59:10Z
23466669,https://github.com/konzeptteam/meanstack-workshop,konzeptteam,2014-08-29T14:32:18Z
23466721,https://github.com/jamesarobbo/colate,jamesarobbo,2014-08-29T14:34:06Z
23466825,https://github.com/manastech/svg-input,manastech,2014-08-29T14:37:11Z
23465915,https://github.com/blanier/cryptogram,blanier,2014-08-29T14:05:58Z
23467403,https://github.com/ozoneplatform/owf-appconfig,ozoneplatform,2014-08-29T14:56:25Z
23465888,https://github.com/jonkemp/slush-react-starter-kit,jonkemp,2014-08-29T14:04:54Z
23466845,https://github.com/ivanlhz/Gestor-de-Tareas,ivanlhz,2014-08-29T14:37:45Z
23467138,https://github.com/nater1067/Blog,nater1067,2014-08-29T14:47:50Z
23467456,https://github.com/2JN/PPTLS,2JN,2014-08-29T14:57:55Z
23465762,https://github.com/EditCode/HTML5-Monsters,EditCode,2014-08-29T14:00:56Z
23465844,https://github.com/sogko/humanable-json,sogko,2014-08-29T14:03:20Z
23466036,https://github.com/ryanbelisle/soapbox-prototypelab,ryanbelisle,2014-08-29T14:09:54Z
23466952,https://github.com/decore/plants-nursery,decore,2014-08-29T14:41:42Z
23467251,https://github.com/distinctionl/blog,distinctionl,2014-08-29T14:51:36Z
23466515,https://github.com/kevindeland/deland-test-npm,kevindeland,2014-08-29T14:27:07Z
23466071,https://github.com/gerrymclarnon/emberFire,gerrymclarnon,2014-08-29T14:11:39Z
23467129,https://github.com/ploidt/intro2ice,ploidt,2014-08-29T14:47:29Z
23467321,https://github.com/phoenix0665/c3_widget_ea,phoenix0665,2014-08-29T14:53:39Z
23466258,https://github.com/thecodejack/GOL,thecodejack,2014-08-29T14:18:18Z
23466346,https://github.com/eadammika/Phoneapp,eadammika,2014-08-29T14:20:44Z
23466416,https://github.com/ben-walters/Badman-Select,ben-walters,2014-08-29T14:23:07Z
23467075,https://github.com/firmanw/jquery.readtime,firmanw,2014-08-29T14:45:59Z
23465790,https://github.com/jeeves64/dinnersready-server,jeeves64,2014-08-29T14:01:42Z
23466074,https://github.com/varvet/point-layout,varvet,2014-08-29T14:11:42Z
23466522,https://github.com/javamind/tp-angular,javamind,2014-08-29T14:27:15Z
23465873,https://github.com/KaioWeb1/agencianet-imobiliaria,KaioWeb1,2014-08-29T14:04:17Z
23467443,https://github.com/RomanKrivohatsky/AlfrescoTask,RomanKrivohatsky,2014-08-29T14:57:41Z
23466595,https://github.com/hechangmin/utils,hechangmin,2014-08-29T14:29:43Z
23466656,https://github.com/tadl/egMobile-build,tadl,2014-08-29T14:31:51Z
23466740,https://github.com/indrajit51/sample_app,indrajit51,2014-08-29T14:34:42Z
23466003,https://github.com/JackBurd/2048,JackBurd,2014-08-29T14:08:54Z
23466600,https://github.com/oliverfoster/adapt-pageMenuRouter,oliverfoster,2014-08-29T14:29:53Z
23466393,https://github.com/irinapredescu/devwork,irinapredescu,2014-08-29T14:22:13Z
23466453,https://github.com/alexpojman/PersonalSite,alexpojman,2014-08-29T14:24:38Z
23466216,https://github.com/SergioGutzB/Indicadores,SergioGutzB,2014-08-29T14:17:00Z
23467146,https://github.com/ashleebeggs/color-blog,ashleebeggs,2014-08-29T14:48:06Z
23467248,https://github.com/pmarkert/yolinkage,pmarkert,2014-08-29T14:51:26Z
23467272,https://github.com/genesis55/knockout,genesis55,2014-08-29T14:52:21Z
23467503,https://github.com/TGTLabs/tgtrad-survey-shared,TGTLabs,2014-08-29T14:59:10Z
23466827,https://github.com/Haeri/smoothAjax,Haeri,2014-08-29T14:37:21Z
23467310,https://github.com/sreedhar37/meadowlark,sreedhar37,2014-08-29T14:53:26Z
23467337,https://github.com/clarab/plantilla_gulp,clarab,2014-08-29T14:54:06Z
23467044,https://github.com/marknach/sample-tabs,marknach,2014-08-29T14:44:56Z
23467171,https://github.com/petruisfan/boopup,petruisfan,2014-08-29T14:48:52Z
23467407,https://github.com/developersguild404/opmhenyo,developersguild404,2014-08-29T14:56:36Z
23466804,https://github.com/modin777/shopping-list,modin777,2014-08-29T14:36:40Z