33827310,https://github.com/allanlaal/sunrise-calendar-feed,allanlaal,2015-04-12T17:57:02Z
33826598,https://github.com/Ongbook/api,Ongbook,2015-04-12T17:36:37Z
33826971,https://github.com/moneya/games,moneya,2015-04-12T17:48:26Z
33826786,https://github.com/chrisandchris/passive-record-orm,chrisandchris,2015-04-12T17:42:34Z
33826270,https://github.com/digidesk-media-solutions/dd_email_debugger,digidesk-media-solutions,2015-04-12T17:26:59Z
33826612,https://github.com/DuTests/DuTests,DuTests,2015-04-12T17:36:59Z
33826654,https://github.com/shivamanhar/address,shivamanhar,2015-04-12T17:38:20Z
33826833,https://github.com/GuidoNeele/PDW-File-Browser,GuidoNeele,2015-04-12T17:43:52Z
33825998,https://github.com/ekodedypurnomo/SimpleTester,ekodedypurnomo,2015-04-12T17:18:46Z
33826915,https://github.com/mayurih/yourView,mayurih,2015-04-12T17:46:22Z
33826204,https://github.com/hashcore/wordpress-widget,hashcore,2015-04-12T17:25:14Z
33827060,https://github.com/ghermans/vapps,ghermans,2015-04-12T17:50:43Z
33827030,https://github.com/gtmsingh/serveGit,gtmsingh,2015-04-12T17:49:50Z
33826055,https://github.com/phh/pco-base-plugin,phh,2015-04-12T17:20:31Z
33827090,https://github.com/bhterm-devs/bhterm,bhterm-devs,2015-04-12T17:51:40Z
33826184,https://github.com/leoszcarvalho/zend_athos,leoszcarvalho,2015-04-12T17:24:52Z
33827067,https://github.com/isabelc/Eazyest-Gallery-IPTC-Caption-2,isabelc,2015-04-12T17:50:51Z
33826432,https://github.com/Brobin/old.brobin.me,Brobin,2015-04-12T17:31:53Z
33826817,https://github.com/rob0229/NASASpaceApps-WaterMapping_website,rob0229,2015-04-12T17:43:29Z
33825666,https://github.com/ashish-kothari/SquareOne,ashish-kothari,2015-04-12T17:08:51Z
33826065,https://github.com/jasonmichaelgriffin/php_chpt_7,jasonmichaelgriffin,2015-04-12T17:20:49Z
33826081,https://github.com/BorisSimeonov/PHPHomeworks,BorisSimeonov,2015-04-12T17:21:14Z
33826348,https://github.com/greg2015/sitetest,greg2015,2015-04-12T17:29:14Z
33826522,https://github.com/renatoleite/wd7framework,renatoleite,2015-04-12T17:34:05Z