208951739,https://github.com/wangjiangs/CocosPay-Firefox-add-ons,wangjiangs,2019-09-17T03:32:09Z
208947057,https://github.com/tuantvk/react-native-flawless-ui,tuantvk,2019-09-17T03:02:48Z
208955151,https://github.com/adeloyedeji/github-actions-hello,adeloyedeji,2019-09-17T03:54:32Z
208947289,https://github.com/armjim14/CodeTimebank,armjim14,2019-09-17T03:04:14Z
208948878,https://github.com/ZhouHansen/dat-react-shopping-list-websocket,ZhouHansen,2019-09-17T03:13:46Z
208949542,https://github.com/qixiangyang/My_Blog,qixiangyang,2019-09-17T03:17:55Z
208953220,https://github.com/lampo1024/DddCoreExample,lampo1024,2019-09-17T03:41:38Z
208951632,https://github.com/coleHafner/semantic-pr-title,coleHafner,2019-09-17T03:31:30Z
208952395,https://github.com/fga-eps-mds/2019.2-Over26-Backend,fga-eps-mds,2019-09-17T03:36:19Z
208955588,https://github.com/ammykam/IQ180,ammykam,2019-09-17T03:57:53Z
208951709,https://github.com/bomberjam-2019/bomberjam-starters,bomberjam-2019,2019-09-17T03:32:00Z
208950756,https://github.com/AugustusCosta/strapi-plugin-facebook-account-kit,AugustusCosta,2019-09-17T03:25:50Z
208951971,https://github.com/JamesSunTao/JamesSunTao.github.io,JamesSunTao,2019-09-17T03:33:38Z
208955045,https://github.com/daniela-sandoval/daniela-sandoval.com,daniela-sandoval,2019-09-17T03:53:39Z
208954378,https://github.com/HunterKing/Discord-Memebot,HunterKing,2019-09-17T03:49:06Z
208949130,https://github.com/FernandoHeimrik/telephone-book,FernandoHeimrik,2019-09-17T03:15:24Z
208954846,https://github.com/imamcu07/vCard,imamcu07,2019-09-17T03:52:26Z
208950147,https://github.com/LPTP1Dev/TutorialBot-Part1,LPTP1Dev,2019-09-17T03:21:48Z
208950363,https://github.com/WesterosCraft/WesterosCraftSite,WesterosCraft,2019-09-17T03:23:19Z
208952049,https://github.com/dpyzo0o/apollo-fullstack-tutorial,dpyzo0o,2019-09-17T03:34:03Z
208950720,https://github.com/Bruno-NiaroDev/Atividade_git,Bruno-NiaroDev,2019-09-17T03:25:37Z
208951594,https://github.com/jackieli123723/antd-electron-blog,jackieli123723,2019-09-17T03:31:17Z
208950507,https://github.com/career-weevolve/js,career-weevolve,2019-09-17T03:24:11Z
208948400,https://github.com/evertonlok/EncurtadorURL,evertonlok,2019-09-17T03:10:50Z
208947143,https://github.com/biechao/vue-my-datetimepicker,biechao,2019-09-17T03:03:25Z
208952963,https://github.com/marvinxu99/simple-api,marvinxu99,2019-09-17T03:39:52Z
208951403,https://github.com/sampradan-labs/Jasmine,sampradan-labs,2019-09-17T03:29:58Z
208954922,https://github.com/miketu926/better_chat,miketu926,2019-09-17T03:52:57Z
208948299,https://github.com/Harsin1/Douban-app,Harsin1,2019-09-17T03:10:07Z
208950925,https://github.com/lucaslarroche/facebook-deep-linking,lucaslarroche,2019-09-17T03:26:48Z
208948648,https://github.com/serg510/OOP-Game-Show-App-project4,serg510,2019-09-17T03:12:26Z
208951034,https://github.com/xteamsoftware/SCENTCAPTCHA,xteamsoftware,2019-09-17T03:27:30Z
208946849,https://github.com/ernestoaguaysol/mvcPet,ernestoaguaysol,2019-09-17T03:01:44Z
208954168,https://github.com/mikezentz/portfoliolab,mikezentz,2019-09-17T03:47:45Z
208952406,https://github.com/2019-MEAN-Stack-5/es6-challenges-papasmurf80,2019-MEAN-Stack-5,2019-09-17T03:36:22Z
208949231,https://github.com/Dayshawn21/IJV,Dayshawn21,2019-09-17T03:15:54Z
208950003,https://github.com/2019-MEAN-Stack-5/es6-challenges-TimTasabooya,2019-MEAN-Stack-5,2019-09-17T03:20:56Z
208947357,https://github.com/shiwen1006/vue_demo,shiwen1006,2019-09-17T03:04:32Z
208951351,https://github.com/metinvan/burger,metinvan,2019-09-17T03:29:41Z
208951358,https://github.com/jsonz1993/ionic-react-router-issues-19351-demo,jsonz1993,2019-09-17T03:29:43Z
208953791,https://github.com/webbuyrich/reactjs-es6,webbuyrich,2019-09-17T03:45:20Z
208946623,https://github.com/wwz254390130/zz,wwz254390130,2019-09-17T03:00:22Z
208947931,https://github.com/mouse484/node-template,mouse484,2019-09-17T03:07:55Z
208948177,https://github.com/devmarciosieto/cursoRocktseatModulo07,devmarciosieto,2019-09-17T03:09:22Z
208947763,https://github.com/ElvisKnapman/webauth-i-challenge,ElvisKnapman,2019-09-17T03:06:52Z
208955540,https://github.com/littileyu/webpack-HMR,littileyu,2019-09-17T03:57:26Z
208955627,https://github.com/2ez4salt/hoatask,2ez4salt,2019-09-17T03:58:10Z
208954911,https://github.com/Selbin/Parser,Selbin,2019-09-17T03:52:52Z
208949653,https://github.com/sharkeyjack11/tsx,sharkeyjack11,2019-09-17T03:18:42Z
208951144,https://github.com/sergiovelo17/flog-client,sergiovelo17,2019-09-17T03:28:20Z
208949233,https://github.com/the-other-mariana/express-truffle-dapp,the-other-mariana,2019-09-17T03:15:55Z
208948491,https://github.com/rnixik/experiments,rnixik,2019-09-17T03:11:33Z
208949062,https://github.com/knowMandM/accountbook,knowMandM,2019-09-17T03:15:01Z
208955162,https://github.com/ericsoft123/chatbot,ericsoft123,2019-09-17T03:54:40Z
208953232,https://github.com/KelseyNewman147/node-is-a-rIoT,KelseyNewman147,2019-09-17T03:41:41Z
208947594,https://github.com/JoseRobles/react010,JoseRobles,2019-09-17T03:05:52Z
208951988,https://github.com/samflavin/Materia-UI-Panda,samflavin,2019-09-17T03:33:44Z
208955293,https://github.com/mitchellr92/brain-games,mitchellr92,2019-09-17T03:55:37Z
208953452,https://github.com/Niqschwartz/Gif-Page,Niqschwartz,2019-09-17T03:43:07Z
208952181,https://github.com/ChiHwanKim/wetube,ChiHwanKim,2019-09-17T03:34:52Z
208955719,https://github.com/amuramoto/g4g-deckgl-demo,amuramoto,2019-09-17T03:58:56Z
208950516,https://github.com/mariatrochee/examenii,mariatrochee,2019-09-17T03:24:15Z
208947307,https://github.com/sirsallas/mscComputerScience,sirsallas,2019-09-17T03:04:22Z
208949779,https://github.com/2019-MEAN-Stack-5/es6-challenges-Williem3,2019-MEAN-Stack-5,2019-09-17T03:19:42Z
208948461,https://github.com/pedrocferreira/api-posts,pedrocferreira,2019-09-17T03:11:18Z
208947098,https://github.com/yellowpoint/gulp,yellowpoint,2019-09-17T03:03:05Z
208946727,https://github.com/cartaviam/marvel-react,cartaviam,2019-09-17T03:01:00Z
208954760,https://github.com/946061526/Nest.BaseCore,946061526,2019-09-17T03:51:50Z
208949629,https://github.com/wrobe0709/profile,wrobe0709,2019-09-17T03:18:34Z
208952112,https://github.com/iXiaozzz/BaseMpvue,iXiaozzz,2019-09-17T03:34:28Z
208953152,https://github.com/itotafrica/Itot-Web-Site,itotafrica,2019-09-17T03:41:04Z
208949559,https://github.com/alexandre1985/language-redirector,alexandre1985,2019-09-17T03:18:04Z
208949015,https://github.com/ndrishinski/full-js,ndrishinski,2019-09-17T03:14:45Z
208948538,https://github.com/codecouret/git-course,codecouret,2019-09-17T03:11:48Z
208948011,https://github.com/wagnerfl/ReactJS-timelime-,wagnerfl,2019-09-17T03:08:21Z
208952427,https://github.com/gregorioospina/RHE,gregorioospina,2019-09-17T03:36:33Z
208955624,https://github.com/rocky098/myportfolio,rocky098,2019-09-17T03:58:10Z
208948779,https://github.com/FullStack-2019/WuHongZhi,FullStack-2019,2019-09-17T03:13:14Z
208947013,https://github.com/Liyuhang-sky/Liyuhang-sky.github.io,Liyuhang-sky,2019-09-17T03:02:38Z
208954347,https://github.com/hspradlin8/book3-ch-5,hspradlin8,2019-09-17T03:48:52Z
208948207,https://github.com/SooJungChae/react-flux-todoapp,SooJungChae,2019-09-17T03:09:33Z
208950957,https://github.com/leoven-chan/react-components,leoven-chan,2019-09-17T03:27:00Z
208950713,https://github.com/pgrosales/fLabUpdated,pgrosales,2019-09-17T03:25:34Z
208950858,https://github.com/joaocarlosalves/js-soundcloud-player,joaocarlosalves,2019-09-17T03:26:23Z
208953425,https://github.com/jvenema/jvenema.github.io,jvenema,2019-09-17T03:42:56Z
208955406,https://github.com/nicolas7885/react-hello-world,nicolas7885,2019-09-17T03:56:27Z
208948882,https://github.com/SeedyROM/github-pages-example,SeedyROM,2019-09-17T03:13:48Z
208953389,https://github.com/crayxu/breakout,crayxu,2019-09-17T03:42:41Z
208948126,https://github.com/fineliving/canvas-starter-kit-2,fineliving,2019-09-17T03:09:03Z
208952903,https://github.com/alexromo3rd/bloccit2,alexromo3rd,2019-09-17T03:39:33Z
208948152,https://github.com/KexiMo-bot/FirstProgram,KexiMo-bot,2019-09-17T03:09:12Z
208948273,https://github.com/kiamco/patientInfo,kiamco,2019-09-17T03:09:55Z
208948300,https://github.com/techkanna/react_timer,techkanna,2019-09-17T03:10:09Z
208953122,https://github.com/takuyanin/HotelSearch,takuyanin,2019-09-17T03:40:51Z
208951630,https://github.com/TinNguyenWizeline/ProtractorDemo,TinNguyenWizeline,2019-09-17T03:31:30Z
208953465,https://github.com/pixeltight/gatsby-preview-project,pixeltight,2019-09-17T03:43:11Z
208949804,https://github.com/cally91/SpMVC_CRUD_07_EMS,cally91,2019-09-17T03:19:52Z
208950103,https://github.com/curgery/gitbook,curgery,2019-09-17T03:21:30Z
208950314,https://github.com/2019-MEAN-Stack-5/es6-challenges-NathanVu,2019-MEAN-Stack-5,2019-09-17T03:22:55Z
208951445,https://github.com/RyanKeepRunning/graphqlPractice,RyanKeepRunning,2019-09-17T03:30:15Z
208955361,https://github.com/bertwinkeller/TriviaGame,bertwinkeller,2019-09-17T03:56:00Z
208955468,https://github.com/tienhuynh150699/ShopSneakerOnline,tienhuynh150699,2019-09-17T03:56:49Z
208952418,https://github.com/onejobs/hm-toutiao-m-79,onejobs,2019-09-17T03:36:30Z
208953902,https://github.com/KKambi/toy-amazon,KKambi,2019-09-17T03:45:58Z
208949840,https://github.com/2019-MEAN-Stack-5/es6-challenges-aveuya,2019-MEAN-Stack-5,2019-09-17T03:20:04Z
208950993,https://github.com/remxk2/adonis-project,remxk2,2019-09-17T03:27:15Z
208951928,https://github.com/RootMOMG/web-server-express,RootMOMG,2019-09-17T03:33:20Z
208951952,https://github.com/BereSoto/simon-dice,BereSoto,2019-09-17T03:33:32Z
208954763,https://github.com/lucasarvelo/fcc-express,lucasarvelo,2019-09-17T03:51:51Z
208955088,https://github.com/dinhtrong0707/react-native-video-controls,dinhtrong0707,2019-09-17T03:54:01Z
208952114,https://github.com/xiaochunyong/WebGL-Fluid-Simulation-For-Chrome,xiaochunyong,2019-09-17T03:34:29Z
208951759,https://github.com/mrchs0119/cs5610-WebDevelopment-hw02,mrchs0119,2019-09-17T03:32:17Z
208954171,https://github.com/Brymastr/primes,Brymastr,2019-09-17T03:47:46Z
208949148,https://github.com/panda-sys/xiangmu,panda-sys,2019-09-17T03:15:30Z
208949314,https://github.com/BhagyashriK/jobsapp,BhagyashriK,2019-09-17T03:16:25Z
208953076,https://github.com/qianqianjie1/leetcode-pratice,qianqianjie1,2019-09-17T03:40:28Z
208951346,https://github.com/ufjf-dcc104/dcc138-2019-1-trb1-deborahConde,ufjf-dcc104,2019-09-17T03:29:40Z
208948503,https://github.com/linliwei111/jeesite,linliwei111,2019-09-17T03:11:38Z
208951711,https://github.com/nikhilbatta/teamProject,nikhilbatta,2019-09-17T03:32:00Z
208954361,https://github.com/qiang-hao-develop/hybird-uniapp-tpl,qiang-hao-develop,2019-09-17T03:48:59Z
208952581,https://github.com/raiaan/would-you-rather-udacity,raiaan,2019-09-17T03:37:34Z
208955505,https://github.com/mstiamzon/node-expresscrud,mstiamzon,2019-09-17T03:57:07Z
208953183,https://github.com/DiogoCercilio/react-styled-components,DiogoCercilio,2019-09-17T03:41:20Z
208947180,https://github.com/Mintto/WebSkills-,Mintto,2019-09-17T03:03:42Z
208949525,https://github.com/LancePowers/p5-force-simulator,LancePowers,2019-09-17T03:17:48Z
208951013,https://github.com/zMaasTeR/afa7,zMaasTeR,2019-09-17T03:27:20Z
208947472,https://github.com/monirshimul/react-github-finder-hooks-context-api,monirshimul,2019-09-17T03:05:10Z
208947553,https://github.com/espython/Nate-Kayhoe-Client,espython,2019-09-17T03:05:38Z
208951286,https://github.com/IceBinGz/wxmall,IceBinGz,2019-09-17T03:29:16Z
208951353,https://github.com/zradford/radsteck,zradford,2019-09-17T03:29:42Z
208953796,https://github.com/farisahs/smart-brain-api,farisahs,2019-09-17T03:45:22Z
208953800,https://github.com/q73877/hong-express,q73877,2019-09-17T03:45:22Z
208951761,https://github.com/ualejandroc/mgma,ualejandroc,2019-09-17T03:32:19Z
208949254,https://github.com/jarvis1108/Labeling,jarvis1108,2019-09-17T03:16:00Z
208953464,https://github.com/ovsexia/svg2css,ovsexia,2019-09-17T03:43:11Z
208954456,https://github.com/meitix/easy-cluster,meitix,2019-09-17T03:49:42Z
208949684,https://github.com/kangjiantsui/my_netty,kangjiantsui,2019-09-17T03:19:02Z
208955334,https://github.com/amitnyc83/PersonalProject1,amitnyc83,2019-09-17T03:55:52Z
208949978,https://github.com/Raforawesome/Raforawesome.github.io,Raforawesome,2019-09-17T03:20:49Z
208949438,https://github.com/hoshikitsunoda/portfolio-v2,hoshikitsunoda,2019-09-17T03:17:17Z
208949600,https://github.com/ZeviLiao/koa-starter-nodemailer-demo,ZeviLiao,2019-09-17T03:18:21Z
208951054,https://github.com/ZhenZY/graphql-be,ZhenZY,2019-09-17T03:27:39Z
208948527,https://github.com/erics273/js_loop_function_katas,erics273,2019-09-17T03:11:45Z
208946653,https://github.com/xieyuying/ReactAdmin,xieyuying,2019-09-17T03:00:31Z
208946975,https://github.com/YoelRibero/app-movies,YoelRibero,2019-09-17T03:02:25Z
208948217,https://github.com/BitaminKim/bigdata_1,BitaminKim,2019-09-17T03:09:37Z
208950871,https://github.com/pandasm/qbot-firefoxaddon,pandasm,2019-09-17T03:26:29Z
208952149,https://github.com/BrianKopp/devalue-url,BrianKopp,2019-09-17T03:34:38Z
208950268,https://github.com/WNBARookie/Time-Management,WNBARookie,2019-09-17T03:22:35Z
208953041,https://github.com/harrisonmalouf/Profile-Website,harrisonmalouf,2019-09-17T03:40:15Z
208951350,https://github.com/PDTayl888/traversyReact,PDTayl888,2019-09-17T03:29:41Z
208955390,https://github.com/westongb/roundtable2,westongb,2019-09-17T03:56:17Z
208951616,https://github.com/J4OD/helloworld_linux,J4OD,2019-09-17T03:31:24Z
208954125,https://github.com/Changsyn/gbridge_project,Changsyn,2019-09-17T03:47:28Z
208948532,https://github.com/mukhoiran/adonis-api,mukhoiran,2019-09-17T03:11:46Z
208950124,https://github.com/Weimengy/wmy-express,Weimengy,2019-09-17T03:21:36Z
208949289,https://github.com/12345july/test,12345july,2019-09-17T03:16:13Z
208953265,https://github.com/hcsgzh/note,hcsgzh,2019-09-17T03:41:53Z
208954686,https://github.com/sebasmorales7/SearchGT,sebasmorales7,2019-09-17T03:51:21Z
208955204,https://github.com/thanhlongvl/demo_node_js,thanhlongvl,2019-09-17T03:54:58Z
208946775,https://github.com/Guoch0526/react-demo,Guoch0526,2019-09-17T03:01:17Z
208952000,https://github.com/rentawally/estaterecords,rentawally,2019-09-17T03:33:46Z
208948981,https://github.com/Lihao0510/leet-code-questions,Lihao0510,2019-09-17T03:14:28Z
208955342,https://github.com/AldaCL/react-tetris,AldaCL,2019-09-17T03:55:54Z
208955442,https://github.com/murphil/externalcomponent,murphil,2019-09-17T03:56:41Z
208955460,https://github.com/CuPhuc/ShopCongNghe,CuPhuc,2019-09-17T03:56:46Z
208952420,https://github.com/bbalvanera/exercism,bbalvanera,2019-09-17T03:36:30Z
208952465,https://github.com/tuocha/news-scraper,tuocha,2019-09-17T03:36:51Z
208953144,https://github.com/osamarady/react-todo-list,osamarady,2019-09-17T03:41:01Z
208953339,https://github.com/PracticasDev/FrontFactu,PracticasDev,2019-09-17T03:42:20Z
208947557,https://github.com/wangzhuo123456/boss-react,wangzhuo123456,2019-09-17T03:05:40Z
208952246,https://github.com/NicolasGomez97/JavaScript,NicolasGomez97,2019-09-17T03:35:13Z
208948016,https://github.com/GalactaGirl222/TriviaGame,GalactaGirl222,2019-09-17T03:08:23Z
208950583,https://github.com/lawyang/littleLibrary,lawyang,2019-09-17T03:24:42Z
208948422,https://github.com/daniel2825/MederiV3,daniel2825,2019-09-17T03:10:59Z
208949987,https://github.com/Joe-Sendra/edureka-nodeJS,Joe-Sendra,2019-09-17T03:20:52Z
208950774,https://github.com/super-shock/Bot-ManyContent,super-shock,2019-09-17T03:25:57Z
208949909,https://github.com/ruchiturunkar/Web_Dev_5610_HW02,ruchiturunkar,2019-09-17T03:20:29Z
208950324,https://github.com/hetian-325/hunji,hetian-325,2019-09-17T03:22:59Z
208947112,https://github.com/tommy810pp/gha-check-log4j2,tommy810pp,2019-09-17T03:03:08Z
208948773,https://github.com/SachaSkinner/burger-app,SachaSkinner,2019-09-17T03:13:12Z
208954511,https://github.com/yangzihen/yangzihen.github.io,yangzihen,2019-09-17T03:50:03Z
208955547,https://github.com/BradleyBr/timer,BradleyBr,2019-09-17T03:57:30Z
208947835,https://github.com/Kevnz/wscode,Kevnz,2019-09-17T03:07:22Z
208949704,https://github.com/hervenesta/zipcodeSearch,hervenesta,2019-09-17T03:19:13Z
208948464,https://github.com/HuuPhuoc97/baimau,HuuPhuoc97,2019-09-17T03:11:20Z
208951397,https://github.com/baijuthomas/InterviewTestQ4,baijuthomas,2019-09-17T03:29:57Z
208955331,https://github.com/elkonkyster/Node-restserver,elkonkyster,2019-09-17T03:55:52Z
208953977,https://github.com/tianf66/JavaScript-MD5.js,tianf66,2019-09-17T03:46:35Z
208952873,https://github.com/gla-TBG/weatherLive,gla-TBG,2019-09-17T03:39:23Z
208951061,https://github.com/swashcap/pollyjs-multipart-form-data-error,swashcap,2019-09-17T03:27:42Z
208951873,https://github.com/hoanganhpv/WebThuongMai,hoanganhpv,2019-09-17T03:33:03Z
208949223,https://github.com/joaocarlosalves/reactjs-random-pet,joaocarlosalves,2019-09-17T03:15:51Z
208949340,https://github.com/brunoknop/jsrocketseatfree,brunoknop,2019-09-17T03:16:35Z
208952495,https://github.com/mtcarey23/giphy-7,mtcarey23,2019-09-17T03:37:01Z
208948318,https://github.com/dotpinheiro/frontend-test,dotpinheiro,2019-09-17T03:10:15Z
208948381,https://github.com/WangJunZzz/Apollo,WangJunZzz,2019-09-17T03:10:42Z
208950483,https://github.com/znarf3r/create-react-app-functions,znarf3r,2019-09-17T03:24:02Z
208947402,https://github.com/niuxiaofei961012/sha,niuxiaofei961012,2019-09-17T03:04:44Z
208949470,https://github.com/giscar/portal,giscar,2019-09-17T03:17:28Z
208951547,https://github.com/vijayadams/test,vijayadams,2019-09-17T03:30:57Z
208951673,https://github.com/navkevinsharma/bamazon,navkevinsharma,2019-09-17T03:31:46Z
208954243,https://github.com/Arjun-Bakshi/Dawn,Arjun-Bakshi,2019-09-17T03:48:13Z
208947428,https://github.com/koka200/koka200.github.io,koka200,2019-09-17T03:04:58Z
208953177,https://github.com/Time-coffee/coffee,Time-coffee,2019-09-17T03:41:15Z
208951510,https://github.com/nezlobnaya/number-match,nezlobnaya,2019-09-17T03:30:41Z
208954338,https://github.com/KeyToLove/express-test,KeyToLove,2019-09-17T03:48:44Z
208954036,https://github.com/maheshgit1111/amplifyapp,maheshgit1111,2019-09-17T03:46:57Z
208950725,https://github.com/quinont/example_chat,quinont,2019-09-17T03:25:39Z
208949072,https://github.com/FarhahKamilatunNuha/tugas-minggu9,FarhahKamilatunNuha,2019-09-17T03:15:05Z
208950649,https://github.com/phatnguyenuit/simple-crypto-example,phatnguyenuit,2019-09-17T03:25:08Z
208950761,https://github.com/andrewdlqnguyen/getPostWithAxios,andrewdlqnguyen,2019-09-17T03:25:52Z
208950381,https://github.com/21sabin/luniva-softonic-website,21sabin,2019-09-17T03:23:24Z
208948913,https://github.com/bob-smith-compass/babel-setup,bob-smith-compass,2019-09-17T03:14:01Z
208951962,https://github.com/gxbsst/purple-plankton,gxbsst,2019-09-17T03:33:34Z
208951540,https://github.com/Sithija97/Smart-Wallet-Guide,Sithija97,2019-09-17T03:30:55Z
208948612,https://github.com/farisahs/smart-brain,farisahs,2019-09-17T03:12:13Z
208954216,https://github.com/nileshgaikwad1/amplifyapp,nileshgaikwad1,2019-09-17T03:48:03Z
208951401,https://github.com/paulhklam1122/weather-app-wmdd-sept-2019,paulhklam1122,2019-09-17T03:29:58Z
208954977,https://github.com/noahfranco/Dachshund-Photography,noahfranco,2019-09-17T03:53:15Z
208953400,https://github.com/jmedina2930/sql-injection-lab,jmedina2930,2019-09-17T03:42:44Z
208949096,https://github.com/FullStack-2019/TangJiWei,FullStack-2019,2019-09-17T03:15:12Z
208955470,https://github.com/lucasarvelo/fcc-npm,lucasarvelo,2019-09-17T03:56:49Z
208953906,https://github.com/leoBravoRain/programmers_network,leoBravoRain,2019-09-17T03:46:02Z
208954025,https://github.com/aresyeah/aresyeahdotcom,aresyeah,2019-09-17T03:46:54Z
208951653,https://github.com/Barlow-Liu/test,Barlow-Liu,2019-09-17T03:31:38Z
208951740,https://github.com/ChiuKiki/wuxie,ChiuKiki,2019-09-17T03:32:09Z
208950541,https://github.com/sebaztyn/cat-fact-app,sebaztyn,2019-09-17T03:24:25Z
208948393,https://github.com/fuddster/followMyTeam,fuddster,2019-09-17T03:10:48Z
208951300,https://github.com/Dard9811/letsReact,Dard9811,2019-09-17T03:29:21Z
208953759,https://github.com/azrajesh007/react-native-app,azrajesh007,2019-09-17T03:45:11Z
208947097,https://github.com/200395887/Lab-1,200395887,2019-09-17T03:03:04Z
208947777,https://github.com/JuanCornelioGuzman/js-bootcamp,JuanCornelioGuzman,2019-09-17T03:06:56Z
208951092,https://github.com/Beatriz3692/leaflet-challenge,Beatriz3692,2019-09-17T03:27:57Z
208948775,https://github.com/cpclark360/portfolioWithBackend,cpclark360,2019-09-17T03:13:13Z
208947804,https://github.com/subrami/custom-video-player,subrami,2019-09-17T03:07:11Z
208954671,https://github.com/Lawrene16/StolenLunches,Lawrene16,2019-09-17T03:51:14Z
208947653,https://github.com/joebengos/vtex-speed-react,joebengos,2019-09-17T03:06:12Z
208948108,https://github.com/gjae/laravel-payper,gjae,2019-09-17T03:08:55Z
208949411,https://github.com/JohnDinhTech/intro-react,JohnDinhTech,2019-09-17T03:17:04Z
208946812,https://github.com/FullStack-2019/DengLinYang,FullStack-2019,2019-09-17T03:01:31Z
208949311,https://github.com/352328759/pit,352328759,2019-09-17T03:16:23Z
208953096,https://github.com/kasanyahariom97/node-9977983547,kasanyahariom97,2019-09-17T03:40:38Z
208955658,https://github.com/RichardArjoon/Simple-Todo-React-App,RichardArjoon,2019-09-17T03:58:24Z
208947214,https://github.com/Moose0621/github-upload,Moose0621,2019-09-17T03:03:54Z
208955637,https://github.com/thisWandiPratama/App-Redux-Todo-List-React-Native,thisWandiPratama,2019-09-17T03:58:16Z
208955705,https://github.com/GonzalezLE/DatosTable,GonzalezLE,2019-09-17T03:58:50Z
208955844,https://github.com/ducanhbvb/KTgiuaModunle1_ss2,ducanhbvb,2019-09-17T03:59:51Z
208950172,https://github.com/nardoguy14/cover-my-meds-word-wrapper,nardoguy14,2019-09-17T03:21:58Z
208948708,https://github.com/zjh960301000/Student-Login,zjh960301000,2019-09-17T03:12:48Z
208949086,https://github.com/danielcoderhernandez/variablesandtypes,danielcoderhernandez,2019-09-17T03:15:10Z
208949205,https://github.com/DIablo9946/js-jq-ajax-grigliaquad,DIablo9946,2019-09-17T03:15:46Z
208952626,https://github.com/ThaliaGHansen/Javascript,ThaliaGHansen,2019-09-17T03:37:45Z
208951859,https://github.com/block-chain-game/art-template,block-chain-game,2019-09-17T03:32:57Z
208953168,https://github.com/doug1213/Pixel-Art-Maker,doug1213,2019-09-17T03:41:11Z
208951482,https://github.com/eaglelife2009/fistforme,eaglelife2009,2019-09-17T03:30:29Z
208950617,https://github.com/shauryakapoor/Autocomplete-Text-Box,shauryakapoor,2019-09-17T03:24:57Z
208948625,https://github.com/mujabdulh/mujabdulh.github.io,mujabdulh,2019-09-17T03:12:16Z
208951434,https://github.com/ricardoluizv/Meetapp-backend,ricardoluizv,2019-09-17T03:30:10Z
208951795,https://github.com/AlexisYael/JavaScript-Course,AlexisYael,2019-09-17T03:32:34Z
208951809,https://github.com/UziGit/myExpress,UziGit,2019-09-17T03:32:39Z
208954046,https://github.com/vipljx/Easthouse,vipljx,2019-09-17T03:47:00Z
208949217,https://github.com/ticotheps/lucys-store,ticotheps,2019-09-17T03:15:48Z
208950039,https://github.com/Escgroup/Discord-feedback-bot,Escgroup,2019-09-17T03:21:07Z
208950072,https://github.com/monirshimul/react-context-api-dev-ed,monirshimul,2019-09-17T03:21:17Z
208947124,https://github.com/N-bred/List-Files-Script,N-bred,2019-09-17T03:03:17Z
208949608,https://github.com/crazyones110/nodejs-web-server,crazyones110,2019-09-17T03:18:24Z
208948544,https://github.com/sreyas-kv/hydration,sreyas-kv,2019-09-17T03:11:50Z
208951409,https://github.com/anbya/react-redux-router,anbya,2019-09-17T03:30:01Z
208953775,https://github.com/hieuato/hieuato.github.io,hieuato,2019-09-17T03:45:15Z
208946654,https://github.com/hoangtulaptrinh/basic-redux,hoangtulaptrinh,2019-09-17T03:00:31Z
208952089,https://github.com/LPLife/demo_01,LPLife,2019-09-17T03:34:20Z
208953621,https://github.com/Dev-ThomasNguyen/Note-app-v1,Dev-ThomasNguyen,2019-09-17T03:44:16Z
208952907,https://github.com/Sidchou/hemlock,Sidchou,2019-09-17T03:39:34Z
208947887,https://github.com/305curtis/vue-cart-ex,305curtis,2019-09-17T03:07:40Z
208950586,https://github.com/VisLaud/RestaurantsApp,VisLaud,2019-09-17T03:24:43Z
208953627,https://github.com/SandManTaj/pose-estimation-mobile-client,SandManTaj,2019-09-17T03:44:18Z
208950088,https://github.com/lowtrey/trade-notes,lowtrey,2019-09-17T03:21:24Z
208950982,https://github.com/doorisopen/vanillajs-touchmind,doorisopen,2019-09-17T03:27:09Z
208950802,https://github.com/MichaelSukkiSong/Natours,MichaelSukkiSong,2019-09-17T03:26:06Z