80884547,https://github.com/pmclain/module-stripe,pmclain,2017-02-04T01:40:10Z
80884704,https://github.com/11185Int/bookClub,11185Int,2017-02-04T01:43:35Z
80884174,https://github.com/war1644/MF,war1644,2017-02-04T01:32:26Z
80882714,https://github.com/TSRTW/T-STAR,TSRTW,2017-02-04T01:02:18Z
80885364,https://github.com/MartinPham/todo-ddd,MartinPham,2017-02-04T01:56:08Z
80882746,https://github.com/brysem/eloquent-files,brysem,2017-02-04T01:02:58Z
80883090,https://github.com/nuet/showLottery,nuet,2017-02-04T01:09:51Z
80885295,https://github.com/2ger/xiyuguan,2ger,2017-02-04T01:54:47Z
80883482,https://github.com/duncanidaho14/dun14,duncanidaho14,2017-02-04T01:18:27Z
80882642,https://github.com/DrSho/MainSite,DrSho,2017-02-04T01:00:51Z
80882925,https://github.com/VitalinaLiane8/StartPhp,VitalinaLiane8,2017-02-04T01:06:39Z
80885411,https://github.com/gilimeron/a1,gilimeron,2017-02-04T01:56:57Z
80883615,https://github.com/liuyuhua1984/PHPLesson,liuyuhua1984,2017-02-04T01:20:55Z
80884573,https://github.com/nuet/wangcms,nuet,2017-02-04T01:40:47Z
80883586,https://github.com/lisheng201201/hello-world,lisheng201201,2017-02-04T01:20:16Z
80884940,https://github.com/thienasz/hrtvn,thienasz,2017-02-04T01:48:02Z
80884014,https://github.com/captainlevi/glflc-is,captainlevi,2017-02-04T01:29:09Z
80885392,https://github.com/jairoFernandez/simpleCMS,jairoFernandez,2017-02-04T01:56:41Z
80884226,https://github.com/tuanxuong/calculator-bmi,tuanxuong,2017-02-04T01:33:30Z
80885097,https://github.com/CR1SPETA/renny,CR1SPETA,2017-02-04T01:50:52Z
80885506,https://github.com/mantou521/laravelBlog,mantou521,2017-02-04T01:58:53Z
80884701,https://github.com/prasaadem/Carpool,prasaadem,2017-02-04T01:43:29Z
80883109,https://github.com/colinodell/cloud-to-butt,colinodell,2017-02-04T01:10:17Z
80885275,https://github.com/GreenMeteor/humhub-chartjs-widget,GreenMeteor,2017-02-04T01:54:26Z
80883608,https://github.com/alexismagron/test-chat,alexismagron,2017-02-04T01:20:50Z
80883742,https://github.com/luongvancong/lines_demo,luongvancong,2017-02-04T01:23:26Z
80883032,https://github.com/Gazzayeatman/FashionBrazil,Gazzayeatman,2017-02-04T01:08:50Z
80884719,https://github.com/1sarojverma/efs,1sarojverma,2017-02-04T01:43:52Z