21850638,https://github.com/mdref/mdref-pq,mdref,2014-07-15T07:29:26Z
21850991,https://github.com/chtombleson/omnimessage,chtombleson,2014-07-15T07:42:50Z
21850641,https://github.com/adonespitogo/brmsocial,adonespitogo,2014-07-15T07:29:35Z
21850299,https://github.com/snoise/paka3_get_posts,snoise,2014-07-15T07:17:33Z
21850632,https://github.com/stephanjusypiw/Larabook-2014,stephanjusypiw,2014-07-15T07:29:13Z
21851054,https://github.com/the12chairs/basic_php,the12chairs,2014-07-15T07:45:02Z
21850843,https://github.com/otaek0529/AIOFormBundle,otaek0529,2014-07-15T07:36:59Z
21850557,https://github.com/lukaiser/pressbooks-lists,lukaiser,2014-07-15T07:26:33Z
21851343,https://github.com/joeynovak/autoplay-android-games,joeynovak,2014-07-15T07:55:29Z
21850817,https://github.com/tkprocat/tso-nf.com,tkprocat,2014-07-15T07:35:53Z
21850708,https://github.com/6067090/opp,6067090,2014-07-15T07:32:02Z
21850761,https://github.com/Ono-Koutarou/php_study,Ono-Koutarou,2014-07-15T07:34:09Z
21849978,https://github.com/purva24/mytheme,purva24,2014-07-15T07:04:24Z
21851212,https://github.com/cleversoft/kidsplaza,cleversoft,2014-07-15T07:50:46Z
21851165,https://github.com/thuesing/exhibitLitDb,thuesing,2014-07-15T07:49:06Z
21851330,https://github.com/ponzu0418/triangle,ponzu0418,2014-07-15T07:55:05Z
21850148,https://github.com/mmuruev/smsraha_test,mmuruev,2014-07-15T07:11:09Z
21851146,https://github.com/varunsridharan/eifyQueueScriptStyle,varunsridharan,2014-07-15T07:48:17Z
21851279,https://github.com/jahangiralamdiu/AssociationDeptStu,jahangiralamdiu,2014-07-15T07:52:57Z
21851223,https://github.com/stydent777/xfiles,stydent777,2014-07-15T07:50:58Z
21851271,https://github.com/cleversoft/zt-autolink,cleversoft,2014-07-15T07:52:47Z
21851282,https://github.com/ShurikAg/ArnmContentBundle,ShurikAg,2014-07-15T07:53:02Z
21850640,https://github.com/artemzi/laravel-from-template,artemzi,2014-07-15T07:29:35Z
21850086,https://github.com/dhkim0723/test,dhkim0723,2014-07-15T07:08:51Z
21850027,https://github.com/saas786/woocommerce-novalnet-gateway,saas786,2014-07-15T07:06:33Z
21851331,https://github.com/ruchee/parse,ruchee,2014-07-15T07:55:05Z
21849927,https://github.com/Daudsayyed/webly,Daudsayyed,2014-07-15T07:02:44Z
21850602,https://github.com/kryfie/PHP-mission,kryfie,2014-07-15T07:28:07Z
21850215,https://github.com/sierag/jotacross2014,sierag,2014-07-15T07:13:37Z
21851209,https://github.com/concrete5russia/addon_parrotify-captcha,concrete5russia,2014-07-15T07:50:37Z