228111581,https://github.com/ionghitun/jwt-token,ionghitun,2019-12-15T01:09:56Z
228116661,https://github.com/hirosuzuki/isucon2-tuned,hirosuzuki,2019-12-15T02:12:29Z
228115949,https://github.com/andrespiedrahit/inmobiliaria,andrespiedrahit,2019-12-15T02:03:50Z
228114528,https://github.com/Freddie2415/foundlost,Freddie2415,2019-12-15T01:46:22Z
228120134,https://github.com/juanpabloperez98/proyecto,juanpabloperez98,2019-12-15T02:53:55Z
228119937,https://github.com/Gumtrip/dailyLog2,Gumtrip,2019-12-15T02:51:16Z
228115988,https://github.com/antriver/laravel-site-scaffolding,antriver,2019-12-15T02:04:18Z
228117290,https://github.com/yeyintmyintmo07/m3,yeyintmyintmo07,2019-12-15T02:20:13Z
228116884,https://github.com/Edamto/PHP,Edamto,2019-12-15T02:15:22Z
228118793,https://github.com/Suika/actions-test,Suika,2019-12-15T02:38:13Z
228114805,https://github.com/vanggara/kolektiva,vanggara,2019-12-15T01:49:49Z
228118959,https://github.com/DVChieu-99/DoanLaravel,DVChieu-99,2019-12-15T02:40:07Z
228112021,https://github.com/betopinheiro1005/curso-json-informaticaDP,betopinheiro1005,2019-12-15T01:15:22Z
228114861,https://github.com/Yamiriko/smtp_email,Yamiriko,2019-12-15T01:50:33Z
228114451,https://github.com/limonice305/ice,limonice305,2019-12-15T01:45:26Z
228116520,https://github.com/shub7ham/example,shub7ham,2019-12-15T02:10:42Z
228119668,https://github.com/juanpabloperez98/apilaravel,juanpabloperez98,2019-12-15T02:48:32Z
228111528,https://github.com/morbosjj/rankme,morbosjj,2019-12-15T01:09:12Z
228116668,https://github.com/junichi-matsuo/laravel_todo,junichi-matsuo,2019-12-15T02:12:33Z
228110985,https://github.com/lwblackledge/Herbie,lwblackledge,2019-12-15T01:02:02Z
228114794,https://github.com/hxn8439/Trek_Mountain_website,hxn8439,2019-12-15T01:49:45Z
228116017,https://github.com/richardstufff/forsale,richardstufff,2019-12-15T02:04:40Z
228117147,https://github.com/andrespiedrahit/Consignataria,andrespiedrahit,2019-12-15T02:18:34Z
228115709,https://github.com/Losneil/ProyectoLaravel,Losneil,2019-12-15T02:00:57Z
228116664,https://github.com/w7llian/Proyecto-CS,w7llian,2019-12-15T02:12:30Z
228118069,https://github.com/baraqatu/YNMks,baraqatu,2019-12-15T02:29:56Z
228116606,https://github.com/lx-xue/design-patterns,lx-xue,2019-12-15T02:11:50Z
228117677,https://github.com/AltDom/wu19-picturethis,AltDom,2019-12-15T02:25:00Z
228112808,https://github.com/somethinrother/meditation_tracker,somethinrother,2019-12-15T01:25:17Z
228112891,https://github.com/amaguri1505/tera-child-theme,amaguri1505,2019-12-15T01:26:30Z
228112128,https://github.com/carnold84/moodboard-api-laravel,carnold84,2019-12-15T01:16:54Z
228116524,https://github.com/natanfelles/language,natanfelles,2019-12-15T02:10:44Z
228119989,https://github.com/juanpabloperez98/minyotube,juanpabloperez98,2019-12-15T02:52:04Z
228110868,https://github.com/alvian21/kasir,alvian21,2019-12-15T01:00:34Z