4553173,https://github.com/dshaw/blogit,dshaw,2012-06-04T22:12:22Z
4553197,https://github.com/telegr-am/template-base,telegr-am,2012-06-04T22:15:47Z
4553091,https://github.com/bmcmurray/flap,bmcmurray,2012-06-04T22:06:21Z
4553380,https://github.com/potatono/virtual-iphone-toss,potatono,2012-06-04T22:39:44Z
4553460,https://github.com/bojanbjelic/once-upon-a-browser,bojanbjelic,2012-06-04T22:51:13Z
4553035,https://github.com/xtk/get,xtk,2012-06-04T22:01:32Z
4553454,https://github.com/jlmarting/check-size,jlmarting,2012-06-04T22:50:50Z
4553241,https://github.com/jimschubert/alittlebirdy.us,jimschubert,2012-06-04T22:22:43Z
4553063,https://github.com/LindenWalsh/Placeholder-Polyfill,LindenWalsh,2012-06-04T22:03:47Z
4553429,https://github.com/EvilSpaceHamster/Merlin,EvilSpaceHamster,2012-06-04T22:47:37Z
4553508,https://github.com/roblox-chrome-plugins/signature-automator,roblox-chrome-plugins,2012-06-04T22:59:31Z
4553387,https://github.com/Logolo/belive.at,Logolo,2012-06-04T22:40:42Z