166894397,https://github.com/reepay/reepay-woocommerce-payment,reepay,2019-01-21T23:25:04Z
166890196,https://github.com/beebmx/kirby-env,beebmx,2019-01-21T22:36:42Z
166888167,https://github.com/Carlosferrerhernandez/ideaflix,Carlosferrerhernandez,2019-01-21T22:15:00Z
166892053,https://github.com/DelxHQ/PHPPlugin,DelxHQ,2019-01-21T22:57:20Z
166892618,https://github.com/Chandravardhan8998/My-Files,Chandravardhan8998,2019-01-21T23:03:57Z
166890732,https://github.com/NathanGdS/PHP7,NathanGdS,2019-01-21T22:42:21Z
166894119,https://github.com/maxnuss/oversubscribed-site,maxnuss,2019-01-21T23:22:11Z
166895646,https://github.com/zuhair2025/laravel-crud,zuhair2025,2019-01-21T23:39:31Z
166891761,https://github.com/CrazyBoy49z/modxRepository,CrazyBoy49z,2019-01-21T22:54:14Z
166893121,https://github.com/nguyenalan98/pokemon.gallery,nguyenalan98,2019-01-21T23:09:54Z
166887334,https://github.com/everesthack/everesthack,everesthack,2019-01-21T22:06:33Z
166889977,https://github.com/adnan-abbasi/shaheen_travels,adnan-abbasi,2019-01-21T22:34:21Z
166896746,https://github.com/tacoda/jot,tacoda,2019-01-21T23:52:29Z
166890116,https://github.com/Realityloop/json_api_extras__text_format,Realityloop,2019-01-21T22:35:54Z
166889202,https://github.com/jim005/solarcam-info,jim005,2019-01-21T22:25:52Z
166895164,https://github.com/BrandonBox/Movie-Review,BrandonBox,2019-01-21T23:33:39Z
166892070,https://github.com/laboro/BatchBundle,laboro,2019-01-21T22:57:28Z
166896075,https://github.com/PriyaGuleria/youtubsubs_Plugin,PriyaGuleria,2019-01-21T23:44:31Z
166895163,https://github.com/PEUROX/info5054Project,PEUROX,2019-01-21T23:33:38Z
166896868,https://github.com/Gabrielkjk/ExtractStr_Function,Gabrielkjk,2019-01-21T23:54:00Z
166888665,https://github.com/perminov/tomer,perminov,2019-01-21T22:20:03Z
166887610,https://github.com/Benjvfr/symfony-test-star-rating-bundle,Benjvfr,2019-01-21T22:09:24Z
166888170,https://github.com/snehagulati2811/e_commerce,snehagulati2811,2019-01-21T22:15:03Z
166894016,https://github.com/Kurtis987/tranquil-cliffs-89491,Kurtis987,2019-01-21T23:20:55Z
166895176,https://github.com/ryandaanickoo/jquery-bootstrap-tugas6crud,ryandaanickoo,2019-01-21T23:33:44Z
166892144,https://github.com/dusan91judo/LaravelElasticEmail,dusan91judo,2019-01-21T22:58:20Z
166897343,https://github.com/foucent/weibo,foucent,2019-01-21T23:59:26Z
166895037,https://github.com/marcelookazaki/CRUD,marcelookazaki,2019-01-21T23:32:15Z
166893415,https://github.com/saulmoralespa/truevo-api-php,saulmoralespa,2019-01-21T23:13:46Z
166893144,https://github.com/bilouStrike/WordPress-multipurpose-starter-theme,bilouStrike,2019-01-21T23:10:03Z
166893765,https://github.com/classjunky/kanderr.com,classjunky,2019-01-21T23:18:07Z
166892561,https://github.com/Black-Sador/jobi_test,Black-Sador,2019-01-21T23:03:22Z
166890287,https://github.com/Seegurke13/JQueryPhp,Seegurke13,2019-01-21T22:37:47Z
166891927,https://github.com/luzlopez/wp_edge,luzlopez,2019-01-21T22:56:01Z
166891299,https://github.com/elyroot94/laravel-api,elyroot94,2019-01-21T22:48:53Z
166893096,https://github.com/s3669478/wp-22-1-19,s3669478,2019-01-21T23:09:39Z
166886903,https://github.com/jpsilveira13/codeflix,jpsilveira13,2019-01-21T22:02:28Z
166891497,https://github.com/antonkonakov/Parser-Yii2,antonkonakov,2019-01-21T22:51:16Z
166888119,https://github.com/weshaw/UtilClasses-PHP,weshaw,2019-01-21T22:14:29Z
166890834,https://github.com/classjunky/simplebyte.co,classjunky,2019-01-21T22:43:27Z
166892819,https://github.com/Kurtis987/nameless-mountain-98864,Kurtis987,2019-01-21T23:06:34Z
166893339,https://github.com/mgalalm2/bikes-backend,mgalalm2,2019-01-21T23:12:52Z
166891563,https://github.com/Mariia1304/desafio1_wordpress,Mariia1304,2019-01-21T22:51:57Z
166896376,https://github.com/tanrax/quick-database,tanrax,2019-01-21T23:47:59Z
166892084,https://github.com/jzwang43/terpmatch,jzwang43,2019-01-21T22:57:40Z
166888462,https://github.com/ty-duve/Storm_Cupcakes,ty-duve,2019-01-21T22:17:53Z
166891973,https://github.com/revnoah/wordpress-enhanced-body-class,revnoah,2019-01-21T22:56:32Z
166890758,https://github.com/dean-martin/portfolio,dean-martin,2019-01-21T22:42:31Z
166890056,https://github.com/ricardokovalski/appmax,ricardokovalski,2019-01-21T22:35:13Z
166893371,https://github.com/scroach/pricetracker,scroach,2019-01-21T23:13:14Z
166894719,https://github.com/LeandroDSJ/Desafio-Programador-PHP,LeandroDSJ,2019-01-21T23:28:35Z
166897328,https://github.com/JuanDGM/OperacionesBio,JuanDGM,2019-01-21T23:59:14Z
166895319,https://github.com/masanam/laravelcrm,masanam,2019-01-21T23:35:40Z
166893171,https://github.com/dmseaman37/itp405-assignment1,dmseaman37,2019-01-21T23:10:24Z
166890635,https://github.com/Ame182/DLG11-WP1,Ame182,2019-01-21T22:41:25Z
166889540,https://github.com/dixonnixon/CakeTuts,dixonnixon,2019-01-21T22:29:20Z
166895978,https://github.com/Svyatko/-propertymate,Svyatko,2019-01-21T23:43:24Z
166888598,https://github.com/amethyst-php/shipment-zone,amethyst-php,2019-01-21T22:19:19Z
166890231,https://github.com/juliankanaan/wordpress-essentials,juliankanaan,2019-01-21T22:37:04Z
166891855,https://github.com/crash72/ncea-online-docker-spring-boot,crash72,2019-01-21T22:55:14Z
166894883,https://github.com/Clark-College-CTEC/github-test-php,Clark-College-CTEC,2019-01-21T23:30:29Z
166894363,https://github.com/Mustafa-Omran/tinyTimeSheet,Mustafa-Omran,2019-01-21T23:24:46Z
166890411,https://github.com/nesk/notifications-talk,nesk,2019-01-21T22:39:00Z
166895350,https://github.com/Kurtis987/SunsetDock,Kurtis987,2019-01-21T23:35:59Z
166886849,https://github.com/twmanson/toms-theme,twmanson,2019-01-21T22:01:58Z
166886884,https://github.com/jspaetzel/contacts_updater,jspaetzel,2019-01-21T22:02:18Z
166896237,https://github.com/blesta/gateway-kassacompleetideal,blesta,2019-01-21T23:46:32Z
166892784,https://github.com/maohpsd/wordpress-1,maohpsd,2019-01-21T23:05:57Z
166887971,https://github.com/giuseppebarbara92/php-ex-1,giuseppebarbara92,2019-01-21T22:12:50Z
166890545,https://github.com/uparulekar/ui-new-template-3,uparulekar,2019-01-21T22:40:32Z
166886805,https://github.com/anhhuy2000AU/brighteTest,anhhuy2000AU,2019-01-21T22:01:32Z
166891541,https://github.com/marcelobianco/php_estudos,marcelobianco,2019-01-21T22:51:43Z
166892989,https://github.com/decosted/knowitsoff,decosted,2019-01-21T23:08:30Z
166893718,https://github.com/Realityloop/consumer_image_styles,Realityloop,2019-01-21T23:17:30Z
166890057,https://github.com/ViktorJJF/Laravelphp7,ViktorJJF,2019-01-21T22:35:13Z
166893264,https://github.com/lucaslongo/php7,lucaslongo,2019-01-21T23:11:49Z
166892718,https://github.com/MDadash/psdtemplates,MDadash,2019-01-21T23:05:16Z
166891148,https://github.com/Akilexz/poo-kevin,Akilexz,2019-01-21T22:47:19Z
166891355,https://github.com/MarcoAlducinR5/evaluacion-nulldata,MarcoAlducinR5,2019-01-21T22:49:28Z
166893881,https://github.com/educav/estoque,educav,2019-01-21T23:19:34Z
166895476,https://github.com/ndacke/tp-laravel,ndacke,2019-01-21T23:37:26Z
166896335,https://github.com/JulianMahecha/Crud_PHP,JulianMahecha,2019-01-21T23:47:34Z
166890719,https://github.com/leandroqa/converter,leandroqa,2019-01-21T22:42:14Z
166896153,https://github.com/Justin135/2019-Team-6544-Scouting-App,Justin135,2019-01-21T23:45:27Z
166892033,https://github.com/aincatoni/desafio16,aincatoni,2019-01-21T22:57:07Z
166886875,https://github.com/MARobison/codingChallenge,MARobison,2019-01-21T22:02:15Z
166887863,https://github.com/SamBrock/CoffeePal,SamBrock,2019-01-21T22:11:49Z